Frequency (Hz)	Level (dB)
2.691650	-72.111420
5.383301	-71.035889
8.074951	-70.683708
10.766602	-70.869781
13.458252	-70.676514
16.149902	-69.929169
18.841553	-69.651802
21.533203	-67.985252
24.224854	-68.462479
26.916504	-65.670265
29.608154	-66.684692
32.299805	-66.312149
34.991455	-65.682739
37.683105	-64.890709
40.374756	-64.461510
43.066406	-65.721649
45.758057	-64.665810
48.449707	-64.126869
51.141357	-64.053299
53.833008	-64.296356
56.524658	-63.470829
59.216309	-64.048004
61.907959	-63.905136
64.599609	-62.959526
67.291260	-64.462471
69.982910	-63.195122
72.674561	-63.277782
75.366211	-62.980404
78.057861	-64.053406
80.749512	-63.475662
83.441162	-63.345680
86.132812	-63.378204
88.824463	-62.707050
91.516113	-62.641663
94.207764	-62.003410
96.899414	-62.555405
99.591064	-62.532227
102.282715	-62.869720
104.974365	-63.192432
107.666016	-62.306427
110.357666	-62.988850
113.049316	-62.833477
115.740967	-61.932304
118.432617	-63.654579
121.124268	-63.282795
123.815918	-59.980728
126.507568	-61.223705
129.199219	-61.156448
131.890869	-63.352314
134.582520	-62.607174
137.274170	-61.990868
139.965820	-63.163784
142.657471	-61.512249
145.349121	-62.113976
148.040771	-61.739422
150.732422	-61.442062
153.424072	-62.057575
156.115723	-61.538528
158.807373	-60.411350
161.499023	-62.898670
164.190674	-61.685211
166.882324	-61.472622
169.573975	-63.463963
172.265625	-63.948803
174.957275	-61.724327
177.648926	-61.672482
180.340576	-61.918526
183.032227	-61.159649
185.723877	-60.669724
188.415527	-60.719032
191.107178	-61.262363
193.798828	-60.985886
196.490479	-60.488148
199.182129	-60.598125
201.873779	-61.615070
204.565430	-60.897858
207.257080	-61.545700
209.948730	-60.645214
212.640381	-60.268349
215.332031	-60.477642
218.023682	-59.834354
220.715332	-59.128395
223.406982	-57.168594
226.098633	-57.891216
228.790283	-56.353432
231.481934	-57.003101
234.173584	-56.078247
236.865234	-57.999981
239.556885	-55.746361
242.248535	-56.336472
244.940186	-53.392559
247.631836	-52.847435
250.323486	-52.258945
253.015137	-51.686687
255.706787	-50.990269
258.398438	-49.781647
261.090088	-49.809486
263.781738	-48.141708
266.473389	-48.856178
269.165039	-49.131329
271.856689	-47.221157
274.548340	-48.937336
277.239990	-49.371689
279.931641	-50.393559
282.623291	-50.223438
285.314941	-50.204815
288.006592	-50.661060
290.698242	-50.576683
293.389893	-50.583202
296.081543	-52.409847
298.773193	-55.645042
301.464844	-53.707729
304.156494	-53.799500
306.848145	-54.321598
309.539795	-52.317211
312.231445	-53.563736
314.923096	-52.289127
317.614746	-54.210476
320.306396	-53.189461
322.998047	-54.743607
325.689697	-54.348747
328.381348	-53.854622
331.072998	-54.510818
333.764648	-54.432808
336.456299	-53.988728
339.147949	-55.316158
341.839600	-53.753956
344.531250	-54.153141
347.222900	-54.079330
349.914551	-54.104317
352.606201	-53.528996
355.297852	-55.000290
357.989502	-53.919754
360.681152	-56.110386
363.372803	-54.923031
366.064453	-54.557426
368.756104	-53.358280
371.447754	-54.210533
374.139404	-53.720211
376.831055	-52.547806
379.522705	-53.245735
382.214355	-52.922543
384.906006	-52.055630
387.597656	-53.408089
390.289307	-53.838367
392.980957	-52.393555
395.672607	-52.245796
398.364258	-53.086277
401.055908	-51.742821
403.747559	-52.424400
406.439209	-51.328167
409.130859	-52.307644
411.822510	-52.721859
414.514160	-51.651329
417.205811	-50.469410
419.897461	-51.717945
422.589111	-50.294117
425.280762	-49.306477
427.972412	-50.094803
430.664062	-49.618809
433.355713	-47.845524
436.047363	-48.320518
438.739014	-47.435780
441.430664	-48.640881
444.122314	-47.743572
446.813965	-46.929737
449.505615	-46.229382
452.197266	-44.849449
454.888916	-47.544056
457.580566	-46.238731
460.272217	-45.203728
462.963867	-45.719696
465.655518	-43.716648
468.347168	-44.871601
471.038818	-43.279572
473.730469	-42.655190
476.422119	-43.699512
479.113770	-41.941509
481.805420	-42.176929
484.497070	-42.081417
487.188721	-42.076561
489.880371	-41.288464
492.572021	-40.131653
495.263672	-41.298878
497.955322	-42.258705
500.646973	-41.026104
503.338623	-43.282234
506.030273	-41.896847
508.721924	-41.511223
511.413574	-43.008789
514.105225	-41.184555
516.796875	-41.730450
519.488525	-40.124149
522.180176	-41.327560
524.871826	-41.596409
527.563477	-41.567467
530.255127	-42.511623
532.946777	-42.485779
535.638428	-42.050343
538.330078	-44.150024
541.021729	-42.421528
543.713379	-42.686405
546.405029	-43.674225
549.096680	-43.381050
551.788330	-45.359470
554.479980	-43.786423
557.171631	-44.056530
559.863281	-44.112732
562.554932	-45.212353
565.246582	-44.817055
567.938232	-43.237926
570.629883	-44.335236
573.321533	-43.796570
576.013184	-43.361176
578.704834	-42.419506
581.396484	-42.527374
584.088135	-44.695721
586.779785	-44.479824
589.471436	-44.223255
592.163086	-44.767849
594.854736	-43.858143
597.546387	-44.385700
600.238037	-43.841671
602.929688	-44.566204
605.621338	-43.821079
608.312988	-43.901920
611.004639	-42.767654
613.696289	-44.579548
616.387939	-43.062073
619.079590	-43.765285
621.771240	-43.920425
624.462891	-45.461296
627.154541	-44.451988
629.846191	-43.284191
632.537842	-44.114464
635.229492	-44.616653
637.921143	-43.604187
640.612793	-43.533096
643.304443	-44.299313
645.996094	-45.423061
648.687744	-44.929623
651.379395	-43.536636
654.071045	-45.234238
656.762695	-43.083340
659.454346	-43.829937
662.145996	-43.884357
664.837646	-44.271492
667.529297	-44.471935
670.220947	-43.671860
672.912598	-44.044422
675.604248	-43.841747
678.295898	-44.227982
680.987549	-43.410851
683.679199	-43.987606
686.370850	-42.944008
689.062500	-43.425320
691.754150	-44.000347
694.445801	-42.563969
697.137451	-43.948551
699.829102	-42.628586
702.520752	-43.037827
705.212402	-42.395123
707.904053	-42.429569
710.595703	-43.108345
713.287354	-41.425808
715.979004	-41.829956
718.670654	-41.458473
721.362305	-40.632515
724.053955	-41.266872
726.745605	-40.796669
729.437256	-41.801678
732.128906	-43.336044
734.820557	-40.753422
737.512207	-40.000340
740.203857	-41.121937
742.895508	-39.695114
745.587158	-39.117729
748.278809	-40.208794
750.970459	-40.163990
753.662109	-38.656609
756.353760	-38.516033
759.045410	-39.476044
761.737061	-39.900700
764.428711	-39.536999
767.120361	-38.376160
769.812012	-37.984455
772.503662	-39.021713
775.195312	-37.501492
777.886963	-38.130260
780.578613	-37.285931
783.270264	-36.987103
785.961914	-36.650986
788.653564	-36.369320
791.345215	-37.452026
794.036865	-36.577873
796.728516	-36.359276
799.420166	-35.082478
802.111816	-35.601406
804.803467	-36.660576
807.495117	-37.344727
810.186768	-35.187016
812.878418	-34.471783
815.570068	-35.079666
818.261719	-34.941338
820.953369	-33.344044
823.645020	-34.341671
826.336670	-34.803131
829.028320	-34.454536
831.719971	-34.460350
834.411621	-34.144604
837.103271	-34.800697
839.794922	-32.943069
842.486572	-34.282505
845.178223	-34.896576
847.869873	-34.952721
850.561523	-35.277882
853.253174	-34.200668
855.944824	-33.894081
858.636475	-33.671577
861.328125	-34.371853
864.019775	-34.823933
866.711426	-34.895962
869.403076	-34.059090
872.094727	-34.990883
874.786377	-34.709549
877.478027	-36.294579
880.169678	-35.553646
882.861328	-35.341637
885.552979	-37.183548
888.244629	-36.347137
890.936279	-37.229023
893.627930	-35.709381
896.319580	-35.181259
899.011230	-37.020206
901.702881	-37.802937
904.394531	-38.597202
907.086182	-36.883488
909.777832	-35.823936
912.469482	-36.460426
915.161133	-37.503242
917.852783	-36.064865
920.544434	-37.514320
923.236084	-38.848736
925.927734	-37.139675
928.619385	-38.261578
931.311035	-36.294300
934.002686	-36.727001
936.694336	-38.312737
939.385986	-37.824333
942.077637	-37.398388
944.769287	-37.205692
947.460938	-37.813892
950.152588	-38.381634
952.844238	-37.856106
955.535889	-38.927551
958.227539	-39.208504
960.919189	-37.752914
963.610840	-37.186153
966.302490	-37.766869
968.994141	-36.831169
971.685791	-37.797104
974.377441	-36.733868
977.069092	-35.769329
979.760742	-38.779842
982.452393	-37.186028
985.144043	-37.193829
987.835693	-38.074028
990.527344	-39.459618
993.218994	-37.630817
995.910645	-37.857014
998.602295	-36.794361
1001.293945	-39.084606
1003.985596	-37.993355
1006.677246	-37.370693
1009.368896	-36.965916
1012.060547	-36.807331
1014.752197	-37.161152
1017.443848	-36.578426
1020.135498	-36.133694
1022.827148	-36.553787
1025.518799	-37.009399
1028.210449	-36.069065
1030.902100	-35.416748
1033.593750	-35.392551
1036.285400	-34.963459
1038.977051	-35.524040
1041.668701	-33.936989
1044.360352	-34.638348
1047.052002	-33.994621
1049.743652	-33.682045
1052.435303	-32.876419
1055.126953	-33.830219
1057.818604	-33.546906
1060.510254	-32.502285
1063.201904	-32.925312
1065.893555	-32.750084
1068.585205	-32.580227
1071.276855	-32.052780
1073.968506	-32.361225
1076.660156	-31.637594
1079.351807	-31.198383
1082.043457	-31.146740
1084.735107	-32.352707
1087.426758	-31.648792
1090.118408	-32.542477
1092.810059	-31.773256
1095.501709	-33.036915
1098.193359	-32.245682
1100.885010	-32.320293
1103.576660	-32.349129
1106.268311	-31.551250
1108.959961	-32.429985
1111.651611	-32.540962
1114.343262	-34.609352
1117.034912	-34.444916
1119.726562	-34.320103
1122.418213	-35.910637
1125.109863	-34.874733
1127.801514	-36.255745
1130.493164	-37.024330
1133.184814	-35.366550
1135.876465	-36.089886
1138.568115	-35.079845
1141.259766	-35.768837
1143.951416	-38.156158
1146.643066	-36.940987
1149.334717	-38.064705
1152.026367	-38.926941
1154.718018	-38.116829
1157.409668	-38.665928
1160.101318	-38.384724
1162.792969	-39.029476
1165.484619	-37.878819
1168.176270	-39.856331
1170.867920	-39.631351
1173.559570	-39.500542
1176.251221	-39.107521
1178.942871	-38.591702
1181.634521	-40.239914
1184.326172	-39.635521
1187.017822	-40.672371
1189.709473	-41.265381
1192.401123	-39.558456
1195.092773	-40.660450
1197.784424	-41.992561
1200.476074	-42.409351
1203.167725	-42.360283
1205.859375	-40.656635
1208.551025	-40.964790
1211.242676	-41.016560
1213.934326	-41.212189
1216.625977	-40.649605
1219.317627	-40.252476
1222.009277	-41.239857
1224.700928	-42.539425
1227.392578	-42.620708
1230.084229	-41.388580
1232.775879	-43.031349
1235.467529	-41.789589
1238.159180	-42.305920
1240.850830	-42.478374
1243.542480	-41.753216
1246.234131	-40.516460
1248.925781	-41.778027
1251.617432	-42.027161
1254.309082	-41.530327
1257.000732	-41.700108
1259.692383	-41.669598
1262.384033	-41.720249
1265.075684	-41.481911
1267.767334	-41.558189
1270.458984	-40.977600
1273.150635	-41.540630
1275.842285	-41.187809
1278.533936	-40.824966
1281.225586	-39.498085
1283.917236	-39.366482
1286.608887	-40.113522
1289.300537	-39.900234
1291.992188	-41.198112
1294.683838	-42.144119
1297.375488	-39.931709
1300.067139	-39.912239
1302.758789	-40.129128
1305.450439	-39.281624
1308.142090	-41.542210
1310.833740	-39.815254
1313.525391	-40.305256
1316.217041	-40.841381
1318.908691	-38.681973
1321.600342	-39.423332
1324.291992	-38.731991
1326.983643	-38.206345
1329.675293	-37.546028
1332.366943	-38.902271
1335.058594	-37.910404
1337.750244	-38.809555
1340.441895	-36.021187
1343.133545	-37.137222
1345.825195	-37.475620
1348.516846	-36.233925
1351.208496	-35.246681
1353.900146	-36.306480
1356.591797	-35.374062
1359.283447	-33.995712
1361.975098	-34.120586
1364.666748	-33.755604
1367.358398	-33.531189
1370.050049	-31.869881
1372.741699	-31.663866
1375.433350	-33.132111
1378.125000	-33.352848
1380.816650	-33.518009
1383.508301	-33.390884
1386.199951	-32.950642
1388.891602	-32.320744
1391.583252	-33.105198
1394.274902	-32.841618
1396.966553	-33.875969
1399.658203	-34.964790
1402.349854	-34.675011
1405.041504	-34.444733
1407.733154	-35.574116
1410.424805	-37.851883
1413.116455	-36.232063
1415.808105	-37.821976
1418.499756	-36.448601
1421.191406	-38.457153
1423.883057	-37.663715
1426.574707	-37.652088
1429.266357	-38.191490
1431.958008	-38.659580
1434.649658	-40.298531
1437.341309	-38.622135
1440.032959	-38.840519
1442.724609	-40.453369
1445.416260	-41.189846
1448.107910	-40.712528
1450.799561	-41.845371
1453.491211	-41.723995
1456.182861	-41.443859
1458.874512	-41.352654
1461.566162	-41.904217
1464.257812	-41.804478
1466.949463	-43.308884
1469.641113	-42.675739
1472.332764	-43.013546
1475.024414	-43.767281
1477.716064	-43.300167
1480.407715	-42.895500
1483.099365	-44.197376
1485.791016	-43.945492
1488.482666	-44.342312
1491.174316	-44.906105
1493.865967	-46.812725
1496.557617	-45.268795
1499.249268	-45.450470
1501.940918	-44.431000
1504.632568	-44.452488
1507.324219	-45.114429
1510.015869	-44.679478
1512.707520	-45.387386
1515.399170	-45.288090
1518.090820	-45.296474
1520.782471	-44.850658
1523.474121	-44.958199
1526.165771	-43.734177
1528.857422	-44.232193
1531.549072	-46.188053
1534.240723	-45.948883
1536.932373	-45.849815
1539.624023	-47.294754
1542.315674	-45.636768
1545.007324	-45.618412
1547.698975	-44.768326
1550.390625	-46.319679
1553.082275	-45.130558
1555.773926	-46.159359
1558.465576	-45.938889
1561.157227	-46.019550
1563.848877	-44.771942
1566.540527	-45.453102
1569.232178	-45.538635
1571.923828	-45.514790
1574.615479	-44.095394
1577.307129	-44.964901
1579.998779	-45.168827
1582.690430	-45.315571
1585.382080	-45.188366
1588.073730	-44.212002
1590.765381	-44.512817
1593.457031	-44.391445
1596.148682	-44.106365
1598.840332	-46.427563
1601.531982	-43.838669
1604.223633	-44.746586
1606.915283	-44.467613
1609.606934	-43.166420
1612.298584	-43.763802
1614.990234	-41.787228
1617.681885	-41.825790
1620.373535	-42.246506
1623.065186	-42.409657
1625.756836	-42.972260
1628.448486	-42.711723
1631.140137	-41.937862
1633.831787	-40.961006
1636.523438	-42.549313
1639.215088	-40.437435
1641.906738	-40.412899
1644.598389	-40.200668
1647.290039	-41.121658
1649.981689	-39.958664
1652.673340	-39.747631
1655.364990	-39.003101
1658.056641	-37.549690
1660.748291	-37.636703
1663.439941	-37.186192
1666.131592	-37.817795
1668.823242	-37.588089
1671.514893	-37.378052
1674.206543	-35.406609
1676.898193	-36.180916
1679.589844	-34.662743
1682.281494	-34.553711
1684.973145	-36.507133
1687.664795	-33.859253
1690.356445	-34.921432
1693.048096	-35.283142
1695.739746	-35.616486
1698.431396	-35.269466
1701.123047	-35.120380
1703.814697	-36.940826
1706.506348	-36.352501
1709.197998	-37.713570
1711.889648	-36.984123
1714.581299	-38.931385
1717.272949	-38.309528
1719.964600	-38.331165
1722.656250	-39.557396
1725.347900	-38.877701
1728.039551	-39.326721
1730.731201	-40.650463
1733.422852	-40.490696
1736.114502	-41.874561
1738.806152	-43.603195
1741.497803	-41.715397
1744.189453	-42.244225
1746.881104	-43.583549
1749.572754	-43.809864
1752.264404	-43.894596
1754.956055	-44.277454
1757.647705	-44.802711
1760.339355	-45.046249
1763.031006	-45.948997
1765.722656	-45.673180
1768.414307	-47.179623
1771.105957	-44.772892
1773.797607	-45.552467
1776.489258	-44.943626
1779.180908	-45.176266
1781.872559	-45.920227
1784.564209	-47.745171
1787.255859	-46.317448
1789.947510	-47.923473
1792.639160	-47.269955
1795.330811	-48.310158
1798.022461	-46.949928
1800.714111	-46.926102
1803.405762	-46.926975
1806.097412	-48.065205
1808.789062	-47.974468
1811.480713	-48.534027
1814.172363	-46.672699
1816.864014	-47.275829
1819.555664	-47.658848
1822.247314	-47.610073
1824.938965	-47.290428
1827.630615	-48.734001
1830.322266	-48.133099
1833.013916	-47.578552
1835.705566	-49.429852
1838.397217	-47.965759
1841.088867	-47.841896
1843.780518	-49.183861
1846.472168	-49.029808
1849.163818	-48.042309
1851.855469	-48.131424
1854.547119	-49.069630
1857.238770	-48.835411
1859.930420	-50.542370
1862.622070	-48.526352
1865.313721	-47.545105
1868.005371	-48.222244
1870.697021	-47.770935
1873.388672	-47.098747
1876.080322	-46.990101
1878.771973	-47.215656
1881.463623	-48.268532
1884.155273	-49.552399
1886.846924	-48.778439
1889.538574	-47.069603
1892.230225	-48.049194
1894.921875	-49.690994
1897.613525	-48.043201
1900.305176	-46.586941
1902.996826	-47.471607
1905.688477	-46.190456
1908.380127	-47.168587
1911.071777	-46.869949
1913.763428	-46.124043
1916.455078	-46.655548
1919.146729	-46.980583
1921.838379	-46.605179
1924.530029	-45.303535
1927.221680	-44.933453
1929.913330	-44.790482
1932.604980	-46.560886
1935.296631	-44.217094
1937.988281	-44.559029
1940.679932	-44.254280
1943.371582	-45.518127
1946.063232	-45.045322
1948.754883	-43.466019
1951.446533	-43.497875
1954.138184	-44.261223
1956.829834	-43.843185
1959.521484	-40.854618
1962.213135	-41.414753
1964.904785	-41.942547
1967.596436	-41.379101
1970.288086	-42.646362
1972.979736	-41.027332
1975.671387	-40.376141
1978.363037	-39.649197
1981.054688	-38.416603
1983.746338	-39.187912
1986.437988	-39.161102
1989.129639	-37.815014
1991.821289	-36.180313
1994.512939	-36.574631
1997.204590	-38.284935
1999.896240	-37.532574
2002.587891	-37.248158
2005.279541	-37.100948
2007.971191	-35.931526
2010.662842	-37.139118
2013.354492	-37.613911
2016.046143	-35.965076
2018.737793	-37.938644
2021.429443	-38.621227
2024.121094	-38.706120
2026.812744	-39.271099
2029.504395	-40.406639
2032.196045	-39.862343
2034.887695	-41.290417
2037.579346	-40.655567
2040.270996	-40.798916
2042.962646	-42.056683
2045.654297	-41.363903
2048.345947	-42.315723
2051.037598	-41.341202
2053.729248	-42.578335
2056.420898	-43.403244
2059.112549	-43.685658
2061.804199	-43.394096
2064.495850	-44.900913
2067.187500	-45.795784
2069.879150	-45.914352
2072.570801	-45.791737
2075.262451	-45.461617
2077.954102	-46.033920
2080.645752	-47.821690
2083.337402	-46.682800
2086.029053	-47.522251
2088.720703	-45.851551
2091.412354	-47.105732
2094.104004	-47.342728
2096.795654	-48.475788
2099.487305	-48.614899
2102.178955	-47.148964
2104.870605	-48.064796
2107.562256	-48.949215
2110.253906	-49.158867
2112.945557	-49.247238
2115.637207	-48.847698
2118.328857	-49.105450
2121.020508	-49.585812
2123.712158	-48.180443
2126.403809	-48.694195
2129.095459	-48.835228
2131.787109	-49.027195
2134.478760	-47.553299
2137.170410	-48.761131
2139.862061	-49.788952
2142.553711	-48.919811
2145.245361	-47.208698
2147.937012	-48.398331
2150.628662	-50.346172
2153.320312	-49.017998
2156.011963	-48.619797
2158.703613	-49.507801
2161.395264	-49.838154
2164.086914	-49.809948
2166.778564	-49.763672
2169.470215	-49.639324
2172.161865	-48.789055
2174.853516	-48.168144
2177.545166	-49.628906
2180.236816	-49.055782
2182.928467	-50.078255
2185.620117	-48.752258
2188.311768	-48.873905
2191.003418	-49.936787
2193.695068	-49.233826
2196.386719	-50.994846
2199.078369	-48.300171
2201.770020	-49.004768
2204.461670	-48.514942
2207.153320	-48.237682
2209.844971	-47.609451
2212.536621	-47.686569
2215.228271	-48.949726
2217.919922	-48.078449
2220.611572	-47.801003
2223.303223	-49.131378
2225.994873	-49.885067
2228.686523	-48.876335
2231.378174	-49.297050
2234.069824	-48.730362
2236.761475	-47.732841
2239.453125	-47.340553
2242.144775	-46.953987
2244.836426	-47.779339
2247.528076	-46.925983
2250.219727	-46.137516
2252.911377	-46.117149
2255.603027	-46.571247
2258.294678	-45.908970
2260.986328	-45.461601
2263.677979	-45.373131
2266.369629	-44.960114
2269.061279	-45.417522
2271.752930	-46.151333
2274.444580	-44.282047
2277.136230	-43.882690
2279.827881	-42.667316
2282.519531	-43.126575
2285.211182	-41.915077
2287.902832	-42.346687
2290.594482	-43.155449
2293.286133	-41.343098
2295.977783	-41.475658
2298.669434	-41.762951
2301.361084	-41.913212
2304.052734	-39.622025
2306.744385	-40.031506
2309.436035	-39.658512
2312.127686	-39.372444
2314.819336	-38.592518
2317.510986	-37.884823
2320.202637	-39.880238
2322.894287	-38.838657
2325.585938	-37.586693
2328.277588	-38.175953
2330.969238	-39.105648
2333.660889	-38.448669
2336.352539	-37.337513
2339.044189	-37.870750
2341.735840	-38.315205
2344.427490	-40.799145
2347.119141	-39.306843
2349.810791	-40.019814
2352.502441	-42.258602
2355.194092	-42.507580
2357.885742	-42.375488
2360.577393	-42.818256
2363.269043	-43.953556
2365.960693	-42.222622
2368.652344	-43.505692
2371.343994	-44.065323
2374.035645	-44.229675
2376.727295	-44.484726
2379.418945	-45.425365
2382.110596	-46.052845
2384.802246	-46.182861
2387.493896	-45.120064
2390.185547	-47.239212
2392.877197	-45.843220
2395.568848	-45.348598
2398.260498	-45.814774
2400.952148	-46.804562
2403.643799	-45.592308
2406.335449	-46.326180
2409.027100	-46.530396
2411.718750	-48.617825
2414.410400	-47.226841
2417.102051	-47.226131
2419.793701	-49.015263
2422.485352	-47.900063
2425.177002	-47.397491
2427.868652	-49.802067
2430.560303	-49.065529
2433.251953	-48.213768
2435.943604	-47.596809
2438.635254	-49.139507
2441.326904	-48.539707
2444.018555	-49.661827
2446.710205	-49.831078
2449.401855	-49.700600
2452.093506	-50.698261
2454.785156	-50.252506
2457.476807	-51.347404
2460.168457	-50.197227
2462.860107	-50.172802
2465.551758	-49.705620
2468.243408	-50.145401
2470.935059	-50.387115
2473.626709	-50.802750
2476.318359	-49.727650
2479.010010	-50.133438
2481.701660	-49.903187
2484.393311	-49.483547
2487.084961	-50.281929
2489.776611	-48.668968
2492.468262	-50.738503
2495.159912	-49.607910
2497.851562	-51.518017
2500.543213	-50.333168
2503.234863	-50.947842
2505.926514	-50.477871
2508.618164	-50.113537
2511.309814	-50.614155
2514.001465	-48.741856
2516.693115	-48.658470
2519.384766	-49.140503
2522.076416	-50.183220
2524.768066	-50.170609
2527.459717	-49.293472
2530.151367	-50.367920
2532.843018	-49.722153
2535.534668	-49.137276
2538.226318	-50.585903
2540.917969	-50.991665
2543.609619	-49.841278
2546.301270	-50.636883
2548.992920	-49.848625
2551.684570	-49.091373
2554.376221	-49.630054
2557.067871	-49.468578
2559.759521	-47.556263
2562.451172	-47.790501
2565.142822	-47.221607
2567.834473	-48.312447
2570.526123	-47.971958
2573.217773	-48.175438
2575.909424	-46.007595
2578.601074	-46.736412
2581.292725	-46.900986
2583.984375	-44.951488
2586.676025	-46.151531
2589.367676	-46.554771
2592.059326	-45.347649
2594.750977	-45.919331
2597.442627	-46.418461
2600.134277	-45.994877
2602.825928	-44.386669
2605.517578	-44.584625
2608.209229	-43.449745
2610.900879	-43.284504
2613.592529	-43.407600
2616.284180	-42.354702
2618.975830	-43.031681
2621.667480	-43.404163
2624.359131	-41.349533
2627.050781	-40.382572
2629.742432	-41.317200
2632.434082	-41.653584
2635.125732	-40.232761
2637.817383	-39.207848
2640.509033	-38.606674
2643.200684	-39.959095
2645.892334	-39.774036
2648.583984	-39.575909
2651.275635	-39.780655
2653.967285	-41.634491
2656.658936	-37.442978
2659.350586	-41.112206
2662.042236	-40.621235
2664.733887	-40.321091
2667.425537	-40.092136
2670.117188	-40.692245
2672.808838	-41.502167
2675.500488	-42.744659
2678.192139	-42.297932
2680.883789	-42.576935
2683.575439	-42.668518
2686.267090	-42.891239
2688.958740	-43.660519
2691.650391	-45.083736
2694.342041	-45.352432
2697.033691	-45.632030
2699.725342	-44.477615
2702.416992	-46.690262
2705.108643	-45.657772
2707.800293	-46.626247
2710.491943	-47.109867
2713.183594	-47.835899
2715.875244	-48.540955
2718.566895	-46.759956
2721.258545	-46.611362
2723.950195	-48.325783
2726.641846	-48.636017
2729.333496	-49.249916
2732.025146	-47.468498
2734.716797	-48.958870
2737.408447	-48.133965
2740.100098	-48.982948
2742.791748	-48.324421
2745.483398	-49.285892
2748.175049	-49.307411
2750.866699	-50.190445
2753.558350	-49.983894
2756.250000	-50.527832
2758.941650	-51.449631
2761.633301	-49.637218
2764.324951	-50.962502
2767.016602	-50.530968
2769.708252	-50.133965
2772.399902	-50.254307
2775.091553	-51.212650
2777.783203	-50.090488
2780.474854	-50.280872
2783.166504	-51.020844
2785.858154	-50.932598
2788.549805	-49.984406
2791.241455	-51.303276
2793.933105	-50.433659
2796.624756	-50.814869
2799.316406	-50.207024
2802.008057	-49.636967
2804.699707	-51.265064
2807.391357	-50.760052
2810.083008	-49.861187
2812.774658	-49.723415
2815.466309	-49.941753
2818.157959	-51.937462
2820.849609	-51.131008
2823.541260	-51.442722
2826.232910	-49.631832
2828.924561	-50.757088
2831.616211	-50.829979
2834.307861	-50.575085
2836.999512	-50.112850
2839.691162	-51.923363
2842.382812	-51.051533
2845.074463	-50.549740
2847.766113	-51.198818
2850.457764	-50.568863
2853.149414	-51.034248
2855.841064	-50.463848
2858.532715	-50.078968
2861.224365	-49.859638
2863.916016	-50.683201
2866.607666	-50.135887
2869.299316	-48.233349
2871.990967	-49.901302
2874.682617	-49.679291
2877.374268	-50.407619
2880.065918	-49.936058
2882.757568	-50.347904
2885.449219	-51.087791
2888.140869	-49.619728
2890.832520	-48.574169
2893.524170	-48.635605
2896.215820	-48.609135
2898.907471	-48.443787
2901.599121	-48.788742
2904.290771	-47.660881
2906.982422	-47.352512
2909.674072	-46.730671
2912.365723	-47.346809
2915.057373	-47.894241
2917.749023	-45.834896
2920.440674	-46.153431
2923.132324	-46.452881
2925.823975	-46.696693
2928.515625	-45.166916
2931.207275	-46.015213
2933.898926	-45.175186
2936.590576	-45.776203
2939.282227	-45.458206
2941.973877	-45.086990
2944.665527	-45.373047
2947.357178	-43.893047
2950.048828	-44.124355
2952.740479	-42.495636
2955.432129	-41.612518
2958.123779	-41.515995
2960.815430	-40.915508
2963.507080	-41.752071
2966.198730	-42.733318
2968.890381	-41.684959
2971.582031	-41.055534
2974.273682	-41.554905
2976.965332	-40.545444
2979.656982	-40.950375
2982.348633	-40.798855
2985.040283	-41.439766
2987.731934	-41.059341
2990.423584	-41.215965
2993.115234	-42.543213
2995.806885	-42.050026
2998.498535	-42.115566
3001.190186	-41.863678
3003.881836	-43.023216
3006.573486	-43.739048
3009.265137	-43.237240
3011.956787	-44.998814
3014.648438	-44.666748
3017.340088	-44.638042
3020.031738	-44.095379
3022.723389	-44.662621
3025.415039	-43.792057
3028.106689	-46.490528
3030.798340	-47.177876
3033.489990	-47.225185
3036.181641	-47.898865
3038.873291	-46.819263
3041.564941	-47.791759
3044.256592	-48.776237
3046.948242	-48.934441
3049.639893	-47.196709
3052.331543	-46.788826
3055.023193	-48.773243
3057.714844	-48.677635
3060.406494	-48.961636
3063.098145	-49.165085
3065.789795	-47.684998
3068.481445	-50.092587
3071.173096	-50.480316
3073.864746	-49.116001
3076.556396	-49.225868
3079.248047	-50.107918
3081.939697	-50.269726
3084.631348	-49.699848
3087.322998	-49.279987
3090.014648	-48.700706
3092.706299	-50.546650
3095.397949	-50.924416
3098.089600	-50.281075
3100.781250	-49.700806
3103.472900	-50.845528
3106.164551	-50.651974
3108.856201	-51.279610
3111.547852	-48.875378
3114.239502	-51.008739
3116.931152	-49.762997
3119.622803	-51.249386
3122.314453	-50.928677
3125.006104	-50.090393
3127.697754	-51.173557
3130.389404	-50.550777
3133.081055	-51.308987
3135.772705	-51.565834
3138.464355	-51.859463
3141.156006	-51.343769
3143.847656	-51.580185
3146.539307	-51.317616
3149.230957	-51.381279
3151.922607	-52.182545
3154.614258	-51.376587
3157.305908	-50.424480
3159.997559	-52.255856
3162.689209	-50.241592
3165.380859	-51.982788
3168.072510	-51.115997
3170.764160	-50.997131
3173.455811	-51.111164
3176.147461	-50.866196
3178.839111	-52.473595
3181.530762	-49.685505
3184.222412	-49.985226
3186.914062	-50.564457
3189.605713	-51.384548
3192.297363	-49.938641
3194.989014	-49.820156
3197.680664	-50.699646
3200.372314	-49.810165
3203.063965	-50.043045
3205.755615	-49.967739
3208.447266	-48.696156
3211.138916	-49.095600
3213.830566	-49.647690
3216.522217	-48.445705
3219.213867	-47.940052
3221.905518	-48.897598
3224.597168	-48.238510
3227.288818	-47.410610
3229.980469	-47.885857
3232.672119	-49.491592
3235.363770	-49.590290
3238.055420	-47.890957
3240.747070	-48.454861
3243.438721	-47.510880
3246.130371	-47.398392
3248.822021	-46.541283
3251.513672	-46.326138
3254.205322	-44.838272
3256.896973	-45.012325
3259.588623	-44.629414
3262.280273	-45.495617
3264.971924	-45.702671
3267.663574	-44.348621
3270.355225	-42.857750
3273.046875	-43.513752
3275.738525	-43.096859
3278.430176	-43.540680
3281.121826	-43.475185
3283.813477	-41.187778
3286.505127	-43.246662
3289.196777	-42.472954
3291.888428	-42.231949
3294.580078	-40.124912
3297.271729	-40.888378
3299.963379	-41.015800
3302.655029	-39.705700
3305.346680	-40.036472
3308.038330	-40.940647
3310.729980	-41.953152
3313.421631	-42.585243
3316.113281	-41.743587
3318.804932	-41.986771
3321.496582	-41.713840
3324.188232	-42.656162
3326.879883	-43.079517
3329.571533	-42.576405
3332.263184	-43.998840
3334.954834	-43.090763
3337.646484	-45.036949
3340.338135	-43.922920
3343.029785	-44.618015
3345.721436	-45.806732
3348.413086	-46.077801
3351.104736	-46.894146
3353.796387	-47.758331
3356.488037	-47.285728
3359.179688	-45.492619
3361.871338	-46.538536
3364.562988	-45.178154
3367.254639	-47.152542
3369.946289	-46.976360
3372.637939	-49.740311
3375.329590	-47.061268
3378.021240	-47.720615
3380.712891	-48.598057
3383.404541	-47.633656
3386.096191	-48.660061
3388.787842	-49.298630
3391.479492	-50.264107
3394.171143	-50.007622
3396.862793	-48.626881
3399.554443	-49.295296
3402.246094	-50.490829
3404.937744	-51.729538
3407.629395	-49.637241
3410.321045	-50.368187
3413.012695	-50.017246
3415.704346	-50.881546
3418.395996	-51.053234
3421.087646	-50.698898
3423.779297	-49.524857
3426.470947	-50.397072
3429.162598	-50.551300
3431.854248	-50.951973
3434.545898	-50.602577
3437.237549	-51.296776
3439.929199	-51.470695
3442.620850	-50.302010
3445.312500	-50.790409
3448.004150	-50.918884
3450.695801	-51.335545
3453.387451	-52.632133
3456.079102	-51.579155
3458.770752	-50.491615
3461.462402	-50.898117
3464.154053	-51.262745
3466.845703	-50.374886
3469.537354	-50.418690
3472.229004	-51.199356
3474.920654	-51.838844
3477.612305	-51.899960
3480.303955	-50.509502
3482.995605	-50.534821
3485.687256	-50.793808
3488.378906	-50.195320
3491.070557	-50.929909
3493.762207	-50.399548
3496.453857	-51.303204
3499.145508	-51.481747
3501.837158	-50.438461
3504.528809	-50.909908
3507.220459	-51.035221
3509.912109	-50.287960
3512.603760	-50.483776
3515.295410	-48.999275
3517.987061	-49.889915
3520.678711	-50.899754
3523.370361	-49.600426
3526.062012	-49.917980
3528.753662	-49.858421
3531.445312	-51.260174
3534.136963	-50.151009
3536.828613	-48.804535
3539.520264	-49.475658
3542.211914	-48.013458
3544.903564	-48.539047
3547.595215	-49.394970
3550.286865	-48.285736
3552.978516	-48.243130
3555.670166	-47.414787
3558.361816	-47.800514
3561.053467	-47.360725
3563.745117	-47.779259
3566.436768	-47.583176
3569.128418	-48.002434
3571.820068	-47.198978
3574.511719	-47.674950
3577.203369	-46.515018
3579.895020	-45.858364
3582.586670	-46.081005
3585.278320	-45.127563
3587.969971	-44.098480
3590.661621	-43.112560
3593.353271	-44.351746
3596.044922	-43.607998
3598.736572	-44.667271
3601.428223	-44.461945
3604.119873	-42.607204
3606.811523	-44.328987
3609.503174	-43.121983
3612.194824	-42.094635
3614.886475	-41.915779
3617.578125	-40.608932
3620.269775	-42.119987
3622.961426	-40.201286
3625.653076	-41.471962
3628.344727	-40.789192
3631.036377	-40.578655
3633.728027	-40.504101
3636.419678	-40.932880
3639.111328	-40.641888
3641.802979	-41.107433
3644.494629	-43.492714
3647.186279	-41.979965
3649.877930	-42.146259
3652.569580	-43.294926
3655.261230	-43.187141
3657.952881	-42.985420
3660.644531	-42.825481
3663.336182	-43.964035
3666.027832	-44.340492
3668.719482	-44.081947
3671.411133	-45.100182
3674.102783	-44.192291
3676.794434	-45.618759
3679.486084	-45.819778
3682.177734	-45.992130
3684.869385	-47.142555
3687.561035	-46.689903
3690.252686	-46.632210
3692.944336	-47.781448
3695.635986	-48.526585
3698.327637	-47.280731
3701.019287	-48.394093
3703.710938	-49.974426
3706.402588	-50.332825
3709.094238	-48.234844
3711.785889	-47.851879
3714.477539	-49.327034
3717.169189	-49.033302
3719.860840	-49.786701
3722.552490	-51.144482
3725.244141	-49.623665
3727.935791	-49.612026
3730.627441	-51.349110
3733.319092	-51.430599
3736.010742	-49.339584
3738.702393	-50.699200
3741.394043	-51.292622
3744.085693	-52.180099
3746.777344	-49.991962
3749.468994	-51.641895
3752.160645	-50.946060
3754.852295	-49.763268
3757.543945	-51.565144
3760.235596	-50.934429
3762.927246	-51.052727
3765.618896	-50.928303
3768.310547	-52.195656
3771.002197	-50.569111
3773.693848	-52.304485
3776.385498	-52.402817
3779.077148	-50.369198
3781.768799	-51.991505
3784.460449	-52.245857
3787.152100	-51.977146
3789.843750	-52.071182
3792.535400	-52.718170
3795.227051	-51.790352
3797.918701	-51.409603
3800.610352	-51.258915
3803.302002	-51.454281
3805.993652	-51.522820
3808.685303	-51.634403
3811.376953	-51.138069
3814.068604	-51.232204
3816.760254	-51.763046
3819.451904	-50.455853
3822.143555	-49.661438
3824.835205	-50.885319
3827.526855	-51.430676
3830.218506	-52.205730
3832.910156	-51.264988
3835.601807	-50.282768
3838.293457	-51.102619
3840.985107	-50.764950
3843.676758	-49.569458
3846.368408	-50.519413
3849.060059	-51.546192
3851.751709	-49.893764
3854.443359	-49.566948
3857.135010	-52.560341
3859.826660	-50.119293
3862.518311	-49.431854
3865.209961	-48.691868
3867.901611	-50.847191
3870.593262	-49.770393
3873.284912	-49.530865
3875.976562	-49.363846
3878.668213	-48.949215
3881.359863	-48.988686
3884.051514	-48.925251
3886.743164	-48.287502
3889.434814	-48.429710
3892.126465	-48.412186
3894.818115	-47.611431
3897.509766	-46.324623
3900.201416	-46.406414
3902.893066	-46.259403
3905.584717	-45.356953
3908.276367	-45.660530
3910.968018	-45.547253
3913.659668	-44.928288
3916.351318	-43.635155
3919.042969	-44.065025
3921.734619	-42.575443
3924.426270	-43.664505
3927.117920	-43.437325
3929.809570	-43.295677
3932.501221	-43.052982
3935.192871	-42.036480
3937.884521	-41.838120
3940.576172	-41.597858
3943.267822	-41.626820
3945.959473	-41.077648
3948.651123	-42.231655
3951.342773	-40.931915
3954.034424	-39.954697
3956.726074	-41.360184
3959.417725	-41.464283
3962.109375	-40.854305
3964.801025	-40.464928
3967.492676	-41.040482
3970.184326	-41.894482
3972.875977	-41.786816
3975.567627	-41.922848
3978.259277	-42.732796
3980.950928	-43.413727
3983.642578	-42.718800
3986.334229	-44.752514
3989.025879	-44.277050
3991.717529	-44.482552
3994.409180	-44.537144
3997.100830	-44.328674
3999.792480	-45.686512
4002.484131	-45.895626
4005.175781	-46.765213
4007.867432	-47.759426
4010.559082	-46.618664
4013.250732	-49.193657
4015.942383	-47.161186
4018.634033	-48.212234
4021.325684	-49.022598
4024.017334	-46.568127
4026.708984	-48.144508
4029.400635	-48.356476
4032.092285	-48.530502
4034.783936	-48.040546
4037.475586	-48.710194
4040.167236	-49.197197
4042.858887	-48.845177
4045.550537	-49.294727
4048.242188	-50.834698
4050.933838	-49.912201
4053.625488	-49.497757
4056.317139	-50.060421
4059.008789	-50.301277
4061.700439	-50.603722
4064.392090	-51.931007
4067.083740	-51.190193
4069.775391	-53.044521
4072.467041	-51.560970
4075.158691	-50.904819
4077.850342	-53.209900
4080.541992	-51.659309
4083.233643	-50.735184
4085.925293	-50.424931
4088.616943	-52.614651
4091.308594	-51.698544
4094.000244	-51.369347
4096.691895	-51.295097
4099.383545	-51.066116
4102.075195	-50.943584
4104.766846	-51.780869
4107.458496	-50.465130
4110.150146	-52.673779
4112.841797	-51.598774
4115.533447	-52.416477
4118.225098	-52.336323
4120.916748	-50.257084
4123.608398	-51.835606
4126.300049	-52.140400
4128.991699	-52.126434
4131.683350	-50.932995
4134.375000	-51.296108
4137.066650	-52.911842
4139.758301	-51.395718
4142.449951	-51.485840
4145.141602	-51.482986
4147.833252	-52.142387
4150.524902	-50.559750
4153.216553	-50.255070
4155.908203	-51.260475
4158.599854	-52.169952
4161.291504	-51.168503
4163.983154	-49.948936
4166.674805	-50.242519
4169.366455	-50.143753
4172.058105	-50.548588
4174.749756	-50.266075
4177.441406	-51.357159
4180.133057	-49.179874
4182.824707	-50.176636
4185.516357	-49.863770
4188.208008	-49.883167
4190.899658	-48.374599
4193.591309	-49.518600
4196.282959	-49.829010
4198.974609	-48.166691
4201.666260	-48.607098
4204.357910	-47.780380
4207.049561	-48.374279
4209.741211	-47.550179
4212.432861	-48.341030
4215.124512	-45.959377
4217.816162	-47.083012
4220.507812	-46.457489
4223.199463	-47.519180
4225.891113	-46.032494
4228.582764	-44.869839
4231.274414	-45.879803
4233.966064	-46.014294
4236.657715	-46.250698
4239.349365	-43.875046
4242.041016	-45.257683
4244.732666	-44.774632
4247.424316	-42.524357
4250.115967	-44.033367
4252.807617	-42.889954
4255.499268	-43.272095
4258.190918	-43.090538
4260.882568	-42.659931
4263.574219	-42.736191
4266.265869	-41.216900
4268.957520	-41.011517
4271.649170	-40.472298
4274.340820	-40.532997
4277.032471	-40.479206
4279.724121	-40.710308
4282.415771	-41.511673
4285.107422	-40.979717
4287.799072	-40.880863
4290.490723	-42.538509
4293.182373	-41.318295
4295.874023	-42.515644
4298.565674	-41.821583
4301.257324	-43.102997
4303.948975	-43.836617
4306.640625	-43.656536
4309.332275	-43.987507
4312.023926	-43.726841
4314.715576	-44.231594
4317.407227	-44.111156
4320.098877	-44.992954
4322.790527	-45.046253
4325.482178	-44.351208
4328.173828	-45.593151
4330.865479	-46.293804
4333.557129	-45.178532
4336.248779	-46.075649
4338.940430	-46.630646
4341.632080	-46.827873
4344.323730	-48.000668
4347.015381	-46.861408
4349.707031	-47.067711
4352.398682	-49.410835
4355.090332	-48.274986
4357.781982	-48.126289
4360.473633	-48.639103
4363.165283	-48.895100
4365.856934	-48.548569
4368.548584	-48.614830
4371.240234	-49.948368
4373.931885	-48.809341
4376.623535	-48.769279
4379.315186	-50.000858
4382.006836	-48.856918
4384.698486	-48.643669
4387.390137	-50.196674
4390.081787	-48.235439
4392.773438	-49.942898
4395.465088	-49.988396
4398.156738	-50.536758
4400.848389	-49.529678
4403.540039	-50.282032
4406.231689	-49.506046
4408.923340	-50.179359
4411.614990	-49.461609
4414.306641	-50.639175
4416.998291	-50.958031
4419.689941	-49.989780
4422.381592	-49.675785
4425.073242	-49.319016
4427.764893	-48.395660
4430.456543	-51.473568
4433.148193	-50.087200
4435.839844	-49.816051
4438.531494	-50.713768
4441.223145	-50.894554
4443.914795	-50.227104
4446.606445	-50.717209
4449.298096	-50.879066
4451.989746	-49.713356
4454.681396	-49.912392
4457.373047	-50.592381
4460.064697	-51.147903
4462.756348	-49.246296
4465.447998	-51.208111
4468.139648	-50.001663
4470.831299	-49.793640
4473.522949	-49.178524
4476.214600	-49.230469
4478.906250	-50.219536
4481.597900	-50.137794
4484.289551	-49.678349
4486.981201	-48.720226
4489.672852	-48.589214
4492.364502	-47.823414
4495.056152	-48.221111
4497.747803	-47.746891
4500.439453	-49.046711
4503.131104	-48.130089
4505.822754	-48.439671
4508.514404	-47.179379
4511.206055	-47.056114
4513.897705	-47.509186
4516.589355	-47.969921
4519.281006	-47.671051
4521.972656	-46.506321
4524.664307	-47.690861
4527.355957	-47.426800
4530.047607	-47.593708
4532.739258	-46.600945
4535.430908	-46.508144
4538.122559	-47.037983
4540.814209	-46.687756
4543.505859	-45.740646
4546.197510	-45.225208
4548.889160	-45.115543
4551.580811	-43.991665
4554.272461	-43.991570
4556.964111	-44.705307
4559.655762	-43.906265
4562.347412	-43.353935
4565.039062	-43.007187
4567.730713	-42.938293
4570.422363	-42.298912
4573.114014	-40.795864
4575.805664	-41.108135
4578.497314	-40.632160
4581.188965	-40.329525
4583.880615	-39.827633
4586.572266	-40.654167
4589.263916	-38.995022
4591.955566	-39.832619
4594.647217	-40.686344
4597.338867	-40.046745
4600.030518	-39.589432
4602.722168	-39.530590
4605.413818	-39.790501
4608.105469	-40.074863
4610.797119	-39.210403
4613.488770	-39.147884
4616.180420	-39.682934
4618.872070	-40.116482
4621.563721	-40.330727
4624.255371	-41.304195
4626.947021	-41.426933
4629.638672	-40.557419
4632.330322	-40.863220
4635.021973	-41.536655
4637.713623	-43.066509
4640.405273	-42.740551
4643.096924	-43.463661
4645.788574	-41.785141
4648.480225	-43.038094
4651.171875	-44.369736
4653.863525	-45.020191
4656.555176	-44.700863
4659.246826	-43.207409
4661.938477	-44.642456
4664.630127	-46.327736
4667.321777	-44.693043
4670.013428	-44.147884
4672.705078	-46.141285
4675.396729	-47.499924
4678.088379	-47.374134
4680.780029	-46.335754
4683.471680	-46.440411
4686.163330	-46.158337
4688.854980	-46.841984
4691.546631	-48.158470
4694.238281	-47.278679
4696.929932	-46.864807
4699.621582	-48.133747
4702.313232	-48.290638
4705.004883	-48.056732
4707.696533	-48.108685
4710.388184	-46.943279
4713.079834	-47.041656
4715.771484	-47.171185
4718.463135	-47.393814
4721.154785	-48.511887
4723.846436	-50.445606
4726.538086	-48.879692
4729.229736	-49.274662
4731.921387	-48.571152
4734.613037	-47.746853
4737.304688	-48.329205
4739.996338	-49.117718
4742.687988	-50.133553
4745.379639	-49.351498
4748.071289	-48.314308
4750.762939	-50.676609
4753.454590	-47.105854
4756.146240	-47.464153
4758.837891	-47.951469
4761.529541	-48.517052
4764.221191	-48.712189
4766.912842	-48.276234
4769.604492	-48.524445
4772.296143	-49.019260
4774.987793	-49.192604
4777.679443	-49.609669
4780.371094	-48.643375
4783.062744	-48.842434
4785.754395	-48.651165
4788.446045	-49.112198
4791.137695	-49.277401
4793.829346	-49.408741
4796.520996	-48.122299
4799.212646	-48.132256
4801.904297	-48.225349
4804.595947	-47.103874
4807.287598	-49.885448
4809.979248	-47.914307
4812.670898	-49.165413
4815.362549	-47.006462
4818.054199	-45.625168
4820.745850	-47.975510
4823.437500	-47.185528
4826.129150	-48.603519
4828.820801	-47.632839
4831.512451	-47.134838
4834.204102	-47.005474
4836.895752	-47.269772
4839.587402	-47.729939
4842.279053	-46.378113
4844.970703	-47.304760
4847.662354	-45.449955
4850.354004	-45.780975
4853.045654	-45.969769
4855.737305	-44.359825
4858.428955	-45.587181
4861.120605	-45.148129
4863.812256	-45.834637
4866.503906	-44.964642
4869.195557	-44.098869
4871.887207	-43.645103
4874.578857	-44.265488
4877.270508	-43.739758
4879.962158	-44.412926
4882.653809	-44.141132
4885.345459	-44.600765
4888.037109	-42.260513
4890.728760	-42.572884
4893.420410	-42.572315
4896.112061	-42.850189
4898.803711	-42.170574
4901.495361	-42.499409
4904.187012	-41.052444
4906.878662	-40.180576
4909.570312	-41.290253
4912.261963	-40.336311
4914.953613	-40.828835
4917.645264	-40.835423
4920.336914	-40.342964
4923.028564	-40.645115
4925.720215	-38.688122
4928.411865	-40.351929
4931.103516	-39.435818
4933.795166	-40.063400
4936.486816	-39.727348
4939.178467	-41.319443
4941.870117	-41.411541
4944.561768	-40.923679
4947.253418	-41.191631
4949.945068	-40.975143
4952.636719	-40.822601
4955.328369	-41.601707
4958.020020	-41.759270
4960.711670	-43.409077
4963.403320	-42.381165
4966.094971	-42.409863
4968.786621	-44.459816
4971.478271	-44.144890
4974.169922	-44.373062
4976.861572	-44.609806
4979.553223	-46.884499
4982.244873	-45.179878
4984.936523	-43.961136
4987.628174	-45.178410
4990.319824	-47.749519
4993.011475	-46.083851
4995.703125	-45.691284
4998.394775	-47.610344
5001.086426	-46.742512
5003.778076	-46.013794
5006.469727	-46.831573
5009.161377	-46.865849
5011.853027	-47.807514
5014.544678	-46.212990
5017.236328	-47.219307
5019.927979	-47.926598
5022.619629	-47.109581
5025.311279	-48.357273
5028.002930	-48.657616
5030.694580	-49.599583
5033.386230	-48.458366
5036.077881	-49.017799
5038.769531	-48.382137
5041.461182	-49.224289
5044.152832	-49.530357
5046.844482	-49.093658
5049.536133	-50.036003
5052.227783	-49.396530
5054.919434	-50.671417
5057.611084	-50.202652
5060.302734	-50.649609
5062.994385	-49.308556
5065.686035	-50.286491
5068.377686	-50.201977
5071.069336	-50.136826
5073.760986	-50.571960
5076.452637	-49.387203
5079.144287	-50.296818
5081.835938	-50.587547
5084.527588	-51.816936
5087.219238	-50.945660
5089.910889	-49.759644
5092.602539	-49.423157
5095.294189	-47.740585
5097.985840	-49.030132
5100.677490	-49.659061
5103.369141	-49.441177
5106.060791	-49.527042
5108.752441	-49.321175
5111.444092	-48.071888
5114.135742	-50.869991
5116.827393	-49.411015
5119.519043	-50.556599
5122.210693	-50.592064
5124.902344	-49.509609
5127.593994	-49.390476
5130.285645	-48.613976
5132.977295	-48.782394
5135.668945	-49.729527
5138.360596	-49.056210
5141.052246	-49.992508
5143.743896	-49.094166
5146.435547	-49.713085
5149.127197	-48.235279
5151.818848	-47.892273
5154.510498	-48.689453
5157.202148	-48.776379
5159.893799	-48.614002
5162.585449	-48.264950
5165.277100	-47.332424
5167.968750	-47.633648
5170.660400	-49.123295
5173.352051	-47.597401
5176.043701	-48.203434
5178.735352	-48.652206
5181.427002	-48.833183
5184.118652	-48.577805
5186.810303	-47.810154
5189.501953	-45.400124
5192.193604	-46.906731
5194.885254	-47.129997
5197.576904	-45.084221
5200.268555	-46.752232
5202.960205	-47.210342
5205.651855	-44.921253
5208.343506	-46.779716
5211.035156	-44.144672
5213.726807	-44.305897
5216.418457	-44.865715
5219.110107	-45.899387
5221.801758	-45.846848
5224.493408	-45.999218
5227.185059	-45.685940
5229.876709	-44.189629
5232.568359	-42.780643
5235.260010	-43.055782
5237.951660	-44.707127
5240.643311	-44.089645
5243.334961	-43.677208
5246.026611	-43.866798
5248.718262	-45.095516
5251.409912	-43.729092
5254.101562	-43.066502
5256.793213	-42.924580
5259.484863	-43.739750
5262.176514	-43.828064
5264.868164	-44.386253
5267.559814	-43.764767
5270.251465	-43.320583
5272.943115	-43.883648
5275.634766	-44.347218
5278.326416	-44.454071
5281.018066	-43.683105
5283.709717	-46.027534
5286.401367	-45.825718
5289.093018	-45.771534
5291.784668	-46.483974
5294.476318	-47.414818
5297.167969	-46.496662
5299.859619	-46.324604
5302.551270	-46.078571
5305.242920	-46.387733
5307.934570	-48.423023
5310.626221	-47.066116
5313.317871	-46.846195
5316.009521	-46.744732
5318.701172	-46.815662
5321.392822	-47.358826
5324.084473	-46.645538
5326.776123	-49.459362
5329.467773	-50.171013
5332.159424	-49.298546
5334.851074	-49.290276
5337.542725	-51.042789
5340.234375	-49.801098
5342.926025	-49.895603
5345.617676	-50.343491
5348.309326	-50.035275
5351.000977	-49.403893
5353.692627	-50.230618
5356.384277	-51.008003
5359.075928	-50.497948
5361.767578	-50.595467
5364.459229	-50.907570
5367.150879	-50.338238
5369.842529	-50.975254
5372.534180	-50.808895
5375.225830	-50.925533
5377.917480	-51.039864
5380.609131	-51.156044
5383.300781	-51.111897
5385.992432	-51.595020
5388.684082	-50.646881
5391.375732	-52.557907
5394.067383	-51.187679
5396.759033	-51.273338
5399.450684	-50.215542
5402.142334	-50.846733
5404.833984	-51.567368
5407.525635	-51.632206
5410.217285	-51.601383
5412.908936	-50.884182
5415.600586	-52.116966
5418.292236	-51.496212
5420.983887	-51.354580
5423.675537	-52.344406
5426.367188	-51.540356
5429.058838	-51.260643
5431.750488	-50.202133
5434.442139	-51.915768
5437.133789	-51.676369
5439.825439	-52.005383
5442.517090	-50.926334
5445.208740	-52.453136
5447.900391	-52.259911
5450.592041	-51.936459
5453.283691	-50.989582
5455.975342	-52.152454
5458.666992	-52.815525
5461.358643	-51.951881
5464.050293	-49.466892
5466.741943	-51.708412
5469.433594	-51.841091
5472.125244	-50.238430
5474.816895	-50.613483
5477.508545	-52.201389
5480.200195	-52.382378
5482.891846	-50.313274
5485.583496	-50.107437
5488.275146	-51.030708
5490.966797	-51.153812
5493.658447	-49.963638
5496.350098	-49.833130
5499.041748	-49.449341
5501.733398	-50.714439
5504.425049	-50.099979
5507.116699	-49.117641
5509.808350	-48.983646
5512.500000	-50.031963
5515.191650	-48.958427
5517.883301	-47.802147
5520.574951	-48.517879
5523.266602	-49.383198
5525.958252	-49.813229
5528.649902	-47.224770
5531.341553	-46.935684
5534.033203	-48.021889
5536.724854	-47.611565
5539.416504	-47.465729
5542.108154	-47.417393
5544.799805	-49.141293
5547.491455	-48.075897
5550.183105	-47.174553
5552.874756	-46.706650
5555.566406	-46.822994
5558.258057	-45.801388
5560.949707	-46.388042
5563.641357	-46.941776
5566.333008	-47.673824
5569.024658	-45.736874
5571.716309	-45.891750
5574.407959	-47.123062
5577.099609	-46.461109
5579.791260	-46.663277
5582.482910	-46.172771
5585.174561	-46.620663
5587.866211	-46.381073
5590.557861	-45.777267
5593.249512	-46.379101
5595.941162	-44.346718
5598.632812	-46.199337
5601.324463	-48.013542
5604.016113	-47.152233
5606.707764	-48.324501
5609.399414	-47.735298
5612.091064	-48.216824
5614.782715	-48.655724
5617.474365	-48.590401
5620.166016	-47.978111
5622.857666	-49.256035
5625.549316	-48.194756
5628.240967	-47.972527
5630.932617	-48.634720
5633.624268	-49.002361
5636.315918	-49.395882
5639.007568	-50.516464
5641.699219	-50.563290
5644.390869	-50.573284
5647.082520	-49.357666
5649.774170	-49.348248
5652.465820	-50.385635
5655.157471	-51.186016
5657.849121	-50.180611
5660.540771	-50.253731
5663.232422	-49.911968
5665.924072	-50.814701
5668.615723	-51.024940
5671.307373	-50.384323
5673.999023	-50.983330
5676.690674	-50.378498
5679.382324	-50.320454
5682.073975	-50.829952
5684.765625	-52.856880
5687.457275	-50.797943
5690.148926	-51.737316
5692.840576	-52.579075
5695.532227	-53.131016
5698.223877	-52.387379
5700.915527	-53.072014
5703.607178	-52.367313
5706.298828	-51.651112
5708.990479	-53.263557
5711.682129	-53.892166
5714.373779	-53.163898
5717.065430	-51.977722
5719.757080	-53.327621
5722.448730	-52.948956
5725.140381	-53.085735
5727.832031	-52.915550
5730.523682	-52.299053
5733.215332	-52.605049
5735.906982	-52.465057
5738.598633	-53.223831
5741.290283	-51.552452
5743.981934	-52.446823
5746.673584	-52.608521
5749.365234	-53.187225
5752.056885	-52.686985
5754.748535	-52.096947
5757.440186	-52.226551
5760.131836	-52.530426
5762.823486	-52.919090
5765.515137	-54.364311
5768.206787	-53.721550
5770.898438	-52.772434
5773.590088	-53.089432
5776.281738	-52.151997
5778.973389	-51.877457
5781.665039	-52.664700
5784.356689	-53.024643
5787.048340	-52.986176
5789.739990	-52.288307
5792.431641	-51.947758
5795.123291	-53.213867
5797.814941	-53.253632
5800.506592	-52.916576
5803.198242	-53.096493
5805.889893	-51.750671
5808.581543	-52.641556
5811.273193	-50.341694
5813.964844	-50.229565
5816.656494	-52.125206
5819.348145	-50.684624
5822.039795	-52.640984
5824.731445	-51.557339
5827.423096	-51.225140
5830.114746	-52.285480
5832.806396	-51.487278
5835.498047	-50.759701
5838.189697	-51.445915
5840.881348	-51.477364
5843.572998	-52.106884
5846.264648	-50.506187
5848.956299	-50.578587
5851.647949	-51.509560
5854.339600	-51.889496
5857.031250	-49.504044
5859.722900	-49.403645
5862.414551	-49.178455
5865.106201	-49.284977
5867.797852	-49.513798
5870.489502	-50.108341
5873.181152	-49.634975
5875.872803	-48.637707
5878.564453	-47.013733
5881.256104	-49.252922
5883.947754	-48.021172
5886.639404	-49.098888
5889.331055	-47.806038
5892.022705	-48.813049
5894.714355	-48.831860
5897.406006	-50.180950
5900.097656	-50.341515
5902.789307	-47.576405
5905.480957	-47.614525
5908.172607	-48.366608
5910.864258	-47.757881
5913.555908	-47.649681
5916.247559	-48.751255
5918.939209	-47.376202
5921.630859	-47.132397
5924.322510	-48.196815
5927.014160	-47.312775
5929.705811	-46.973988
5932.397461	-48.800617
5935.089111	-48.268581
5937.780762	-48.055748
5940.472412	-48.161209
5943.164062	-48.864719
5945.855713	-49.393341
5948.547363	-48.493401
5951.239014	-48.903458
5953.930664	-49.441509
5956.622314	-49.204960
5959.313965	-51.785515
5962.005615	-49.756393
5964.697266	-49.812397
5967.388916	-49.825798
5970.080566	-49.843647
5972.772217	-50.468388
5975.463867	-50.220787
5978.155518	-49.606163
5980.847168	-50.475952
5983.538818	-49.387306
5986.230469	-49.622078
5988.922119	-50.250237
5991.613770	-49.717602
5994.305420	-50.716995
5996.997070	-50.817703
5999.688721	-51.395420
6002.380371	-51.836948
6005.072021	-52.361912
6007.763672	-51.283001
6010.455322	-52.190338
6013.146973	-52.913074
6015.838623	-51.099670
6018.530273	-52.379353
6021.221924	-52.460026
6023.913574	-51.911892
6026.605225	-52.509872
6029.296875	-52.888229
6031.988525	-53.342945
6034.680176	-52.574566
6037.371826	-53.442490
6040.063477	-52.447826
6042.755127	-53.848244
6045.446777	-53.187290
6048.138428	-51.664230
6050.830078	-52.970280
6053.521729	-52.622086
6056.213379	-52.768490
6058.905029	-53.055481
6061.596680	-54.077618
6064.288330	-53.243977
6066.979980	-53.721680
6069.671631	-52.717148
6072.363281	-52.730690
6075.054932	-53.546577
6077.746582	-52.552605
6080.438232	-52.364952
6083.129883	-53.074619
6085.821533	-53.689068
6088.513184	-52.966328
6091.204834	-52.199055
6093.896484	-54.049980
6096.588135	-52.814346
6099.279785	-53.795364
6101.971436	-52.453613
6104.663086	-53.019131
6107.354736	-54.027187
6110.046387	-54.579380
6112.738037	-55.276077
6115.429688	-53.746273
6118.121338	-53.438961
6120.812988	-53.509792
6123.504639	-51.581135
6126.196289	-52.746601
6128.887939	-52.588329
6131.579590	-54.086006
6134.271240	-52.071392
6136.962891	-51.914059
6139.654541	-52.116398
6142.346191	-54.102352
6145.037842	-52.228367
6147.729492	-52.332619
6150.421143	-51.249512
6153.112793	-52.343170
6155.804443	-51.820389
6158.496094	-52.639507
6161.187744	-53.275242
6163.879395	-52.119957
6166.571045	-52.313011
6169.262695	-53.369137
6171.954346	-52.071030
6174.645996	-51.994473
6177.337646	-51.819099
6180.029297	-50.335163
6182.720947	-51.323345
6185.412598	-50.176323
6188.104248	-52.139893
6190.795898	-50.969616
6193.487549	-49.958923
6196.179199	-48.366547
6198.870850	-48.926239
6201.562500	-50.572079
6204.254150	-48.852966
6206.945801	-49.100235
6209.637451	-49.477554
6212.329102	-49.642258
6215.020752	-48.969498
6217.712402	-49.779785
6220.404053	-48.943371
6223.095703	-48.219631
6225.787354	-48.823841
6228.479004	-48.064606
6231.170654	-48.324379
6233.862305	-47.807514
6236.553955	-48.592915
6239.245605	-48.529255
6241.937256	-48.664478
6244.628906	-49.888214
6247.320557	-48.805771
6250.012207	-50.082703
6252.703857	-48.897388
6255.395508	-48.427753
6258.087158	-48.337055
6260.778809	-49.166138
6263.470459	-48.543945
6266.162109	-49.013966
6268.853760	-48.091759
6271.545410	-49.519695
6274.237061	-48.158737
6276.928711	-48.304356
6279.620361	-49.599010
6282.312012	-48.662758
6285.003662	-47.562843
6287.695312	-49.853924
6290.386963	-49.254124
6293.078613	-48.525471
6295.770264	-50.098396
6298.461914	-49.804596
6301.153564	-49.332493
6303.845215	-49.551334
6306.536865	-49.666336
6309.228516	-50.156219
6311.920166	-49.792694
6314.611816	-50.999165
6317.303467	-52.097275
6319.995117	-51.066265
6322.686768	-50.268402
6325.378418	-51.889996
6328.070068	-50.903042
6330.761719	-50.492538
6333.453369	-51.490509
6336.145020	-51.484547
6338.836670	-51.678658
6341.528320	-52.340202
6344.219971	-51.119732
6346.911621	-53.269436
6349.603271	-52.589222
6352.294922	-52.188961
6354.986572	-51.243530
6357.678223	-52.588722
6360.369873	-51.774544
6363.061523	-52.967182
6365.753174	-52.998203
6368.444824	-51.878632
6371.136475	-53.197693
6373.828125	-51.552158
6376.519775	-53.016361
6379.211426	-53.800503
6381.903076	-52.554352
6384.594727	-53.729073
6387.286377	-52.997272
6389.978027	-53.708733
6392.669678	-53.657711
6395.361328	-53.303627
6398.052979	-53.116920
6400.744629	-52.743000
6403.436279	-52.429340
6406.127930	-52.945492
6408.819580	-52.733948
6411.511230	-53.307316
6414.202881	-53.365204
6416.894531	-54.051060
6419.586182	-53.398041
6422.277832	-53.861000
6424.969482	-53.116138
6427.661133	-53.236130
6430.352783	-53.170124
6433.044434	-52.860188
6435.736084	-52.372463
6438.427734	-52.634682
6441.119385	-53.913475
6443.811035	-53.756092
6446.502686	-52.916134
6449.194336	-51.675613
6451.885986	-52.943249
6454.577637	-54.392788
6457.269287	-53.483166
6459.960938	-53.544037
6462.652588	-52.868931
6465.344238	-51.671539
6468.035889	-53.411480
6470.727539	-52.519035
6473.419189	-51.588242
6476.110840	-51.974403
6478.802490	-52.758636
6481.494141	-51.892570
6484.185791	-51.819706
6486.877441	-52.114796
6489.569092	-51.251579
6492.260742	-52.184597
6494.952393	-50.204552
6497.644043	-52.028484
6500.335693	-51.488667
6503.027344	-52.773663
6505.718994	-50.538048
6508.410645	-51.939091
6511.102295	-51.577366
6513.793945	-50.459724
6516.485596	-51.560062
6519.177246	-50.878937
6521.868896	-50.292587
6524.560547	-50.306591
6527.252197	-50.115910
6529.943848	-49.645256
6532.635498	-49.369823
6535.327148	-50.890930
6538.018799	-50.249966
6540.710449	-49.654568
6543.402100	-48.461601
6546.093750	-48.178806
6548.785400	-49.056808
6551.477051	-49.244694
6554.168701	-47.159431
6556.860352	-49.462818
6559.552002	-48.987144
6562.243652	-49.618034
6564.935303	-49.045982
6567.626953	-48.917957
6570.318604	-48.027340
6573.010254	-47.758423
6575.701904	-48.220383
6578.393555	-48.261826
6581.085205	-47.803471
6583.776855	-48.226341
6586.468506	-47.885811
6589.160156	-47.517586
6591.851807	-47.280132
6594.543457	-47.901611
6597.235107	-47.169060
6599.926758	-47.798698
6602.618408	-48.078304
6605.310059	-48.217159
6608.001709	-48.478493
6610.693359	-47.315662
6613.385010	-48.935925
6616.076660	-48.034523
6618.768311	-49.542187
6621.459961	-47.926525
6624.151611	-48.883286
6626.843262	-49.350838
6629.534912	-49.558044
6632.226562	-49.980732
6634.918213	-50.563644
6637.609863	-49.223858
6640.301514	-51.118729
6642.993164	-51.044178
6645.684814	-50.629089
6648.376465	-51.086349
6651.068115	-50.396313
6653.759766	-50.795029
6656.451416	-50.308510
6659.143066	-50.913570
6661.834717	-52.286625
6664.526367	-52.304142
6667.218018	-51.399906
6669.909668	-50.753254
6672.601318	-50.116974
6675.292969	-50.799316
6677.984619	-51.921909
6680.676270	-52.634148
6683.367920	-51.451004
6686.059570	-52.957829
6688.751221	-51.390419
6691.442871	-53.150192
6694.134521	-53.473232
6696.826172	-52.366440
6699.517822	-52.566162
6702.209473	-51.676094
6704.901123	-52.044823
6707.592773	-53.574940
6710.284424	-52.373642
6712.976074	-52.202179
6715.667725	-51.165371
6718.359375	-52.638062
6721.051025	-51.784115
6723.742676	-52.545135
6726.434326	-53.005264
6729.125977	-52.496819
6731.817627	-53.975418
6734.509277	-54.294228
6737.200928	-53.722973
6739.892578	-53.154835
6742.584229	-53.350990
6745.275879	-53.573345
6747.967529	-53.218548
6750.659180	-52.840065
6753.350830	-52.937469
6756.042480	-52.628731
6758.734131	-53.190174
6761.425781	-50.914291
6764.117432	-51.376396
6766.809082	-53.307598
6769.500732	-52.915146
6772.192383	-51.235695
6774.884033	-52.577549
6777.575684	-52.891422
6780.267334	-53.552998
6782.958984	-53.000141
6785.650635	-52.437153
6788.342285	-52.109020
6791.033936	-53.192768
6793.725586	-53.888912
6796.417236	-54.460484
6799.108887	-51.943020
6801.800537	-52.423100
6804.492188	-52.307968
6807.183838	-51.602112
6809.875488	-51.133522
6812.567139	-53.304897
6815.258789	-51.178429
6817.950439	-51.147881
6820.642090	-53.384941
6823.333740	-52.509636
6826.025391	-53.013012
6828.717041	-50.882988
6831.408691	-52.157650
6834.100342	-52.234886
6836.791992	-51.749043
6839.483643	-49.210648
6842.175293	-51.776890
6844.866943	-51.054100
6847.558594	-49.723263
6850.250244	-50.399017
6852.941895	-51.949219
6855.633545	-48.739246
6858.325195	-49.698933
6861.016846	-48.927273
6863.708496	-49.634605
6866.400146	-49.776421
6869.091797	-49.975945
6871.783447	-47.996170
6874.475098	-49.159359
6877.166748	-48.493481
6879.858398	-48.101662
6882.550049	-48.455513
6885.241699	-47.665619
6887.933350	-48.615623
6890.625000	-47.051414
6893.316650	-48.839462
6896.008301	-49.012844
6898.699951	-46.283066
6901.391602	-46.204781
6904.083252	-48.822853
6906.774902	-48.127224
6909.466553	-48.116180
6912.158203	-46.364700
6914.849854	-48.014145
6917.541504	-47.365261
6920.233154	-48.185352
6922.924805	-45.796642
6925.616455	-47.298615
6928.308105	-47.331402
6930.999756	-48.038082
6933.691406	-46.939945
6936.383057	-48.135269
6939.074707	-47.952030
6941.766357	-48.418190
6944.458008	-48.539658
6947.149658	-47.503826
6949.841309	-48.117153
6952.532959	-48.527515
6955.224609	-48.638199
6957.916260	-48.349274
6960.607910	-50.432846
6963.299561	-48.926441
6965.991211	-50.047482
6968.682861	-50.892506
6971.374512	-49.068676
6974.066162	-51.217014
6976.757812	-51.796852
6979.449463	-51.257801
6982.141113	-49.366814
6984.832764	-50.825684
6987.524414	-50.666271
6990.216064	-50.571423
6992.907715	-50.607357
6995.599365	-50.480057
6998.291016	-50.915833
7000.982666	-50.619900
7003.674316	-51.095329
7006.365967	-51.555584
7009.057617	-51.415993
7011.749268	-51.361477
7014.440918	-51.466770
7017.132568	-51.192165
7019.824219	-52.206783
7022.515869	-52.740379
7025.207520	-53.752712
7027.899170	-52.629639
7030.590820	-51.538013
7033.282471	-51.663662
7035.974121	-51.959034
7038.665771	-51.844425
7041.357422	-51.693035
7044.049072	-53.639523
7046.740723	-52.158371
7049.432373	-52.549828
7052.124023	-53.608227
7054.815674	-52.865845
7057.507324	-53.686253
7060.198975	-53.149246
7062.890625	-53.818268
7065.582275	-51.726974
7068.273926	-51.883411
7070.965576	-52.855675
7073.657227	-53.497169
7076.348877	-52.875404
7079.040527	-53.338753
7081.732178	-53.939560
7084.423828	-53.191624
7087.115479	-52.877712
7089.807129	-53.013409
7092.498779	-52.942009
7095.190430	-52.257034
7097.882080	-51.493008
7100.573730	-52.437847
7103.265381	-51.331940
7105.957031	-51.980389
7108.648682	-52.352314
7111.340332	-52.024738
7114.031982	-53.693920
7116.723633	-50.716747
7119.415283	-52.564449
7122.106934	-53.316994
7124.798584	-50.963665
7127.490234	-52.567116
7130.181885	-51.185646
7132.873535	-51.904617
7135.565186	-52.039520
7138.256836	-51.494514
7140.948486	-51.879921
7143.640137	-51.976009
7146.331787	-52.420124
7149.023438	-51.218620
7151.715088	-51.952705
7154.406738	-50.441788
7157.098389	-50.786434
7159.790039	-51.834457
7162.481689	-50.087757
7165.173340	-49.559971
7167.864990	-49.781685
7170.556641	-50.586506
7173.248291	-50.475529
7175.939941	-49.559811
7178.631592	-50.199570
7181.323242	-49.522190
7184.014893	-48.912434
7186.706543	-50.257023
7189.398193	-49.682190
7192.089844	-49.298355
7194.781494	-48.593739
7197.473145	-47.443237
7200.164795	-50.806816
7202.856445	-49.806744
7205.548096	-48.684971
7208.239746	-49.303387
7210.931396	-47.427956
7213.623047	-48.106155
7216.314697	-47.855572
7219.006348	-47.705791
7221.697998	-47.601807
7224.389648	-48.060455
7227.081299	-47.394176
7229.772949	-46.411716
7232.464600	-45.558693
7235.156250	-46.373013
7237.847900	-47.647472
7240.539551	-48.478851
7243.231201	-46.930462
7245.922852	-47.690033
7248.614502	-47.281044
7251.306152	-47.608601
7253.997803	-46.964920
7256.689453	-46.791180
7259.381104	-48.390244
7262.072754	-47.952835
7264.764404	-48.732990
7267.456055	-48.279381
7270.147705	-48.232708
7272.839355	-47.419147
7275.531006	-48.447426
7278.222656	-48.509144
7280.914307	-49.067543
7283.605957	-48.295120
7286.297607	-48.468815
7288.989258	-49.087673
7291.680908	-49.073677
7294.372559	-49.195461
7297.064209	-49.537453
7299.755859	-49.895809
7302.447510	-50.279575
7305.139160	-50.630486
7307.830811	-51.133568
7310.522461	-49.988289
7313.214111	-50.603432
7315.905762	-49.528000
7318.597412	-50.639896
7321.289062	-50.589718
7323.980713	-50.111790
7326.672363	-51.716457
7329.364014	-51.430981
7332.055664	-49.907852
7334.747314	-51.327648
7337.438965	-50.998390
7340.130615	-52.954708
7342.822266	-52.958176
7345.513916	-51.845482
7348.205566	-51.935947
7350.897217	-51.991188
7353.588867	-53.149216
7356.280518	-52.030758
7358.972168	-54.025414
7361.663818	-51.937057
7364.355469	-52.157238
7367.047119	-52.266987
7369.738770	-52.535408
7372.430420	-52.201107
7375.122070	-51.834053
7377.813721	-52.351673
7380.505371	-51.778126
7383.197021	-53.692802
7385.888672	-51.536358
7388.580322	-52.614758
7391.271973	-52.927143
7393.963623	-53.433868
7396.655273	-53.802307
7399.346924	-53.234711
7402.038574	-53.280766
7404.730225	-53.415375
7407.421875	-52.807560
7410.113525	-52.790943
7412.805176	-52.393642
7415.496826	-53.424454
7418.188477	-54.590813
7420.880127	-52.356789
7423.571777	-52.438194
7426.263428	-53.518997
7428.955078	-53.368279
7431.646729	-53.711525
7434.338379	-52.472252
7437.030029	-52.408737
7439.721680	-52.614983
7442.413330	-52.187603
7445.104980	-51.911041
7447.796631	-52.545639
7450.488281	-52.230991
7453.179932	-51.706871
7455.871582	-52.155827
7458.563232	-52.742977
7461.254883	-51.853588
7463.946533	-51.498970
7466.638184	-52.767620
7469.329834	-51.489559
7472.021484	-51.091316
7474.713135	-51.502235
7477.404785	-51.716228
7480.096436	-50.954094
7482.788086	-51.422237
7485.479736	-51.561806
7488.171387	-52.031155
7490.863037	-49.658802
7493.554688	-49.288368
7496.246338	-50.046452
7498.937988	-50.682236
7501.629639	-50.031479
7504.321289	-49.459339
7507.012939	-49.092323
7509.704590	-49.632595
7512.396240	-50.496834
7515.087891	-49.267315
7517.779541	-49.137959
7520.471191	-49.611752
7523.162842	-49.024281
7525.854492	-48.129448
7528.546143	-48.121212
7531.237793	-48.131130
7533.929443	-47.748028
7536.621094	-47.910378
7539.312744	-48.618134
7542.004395	-47.338520
7544.696045	-48.226917
7547.387695	-49.554123
7550.079346	-47.675385
7552.770996	-47.714909
7555.462646	-46.951344
7558.154297	-46.442368
7560.845947	-46.774509
7563.537598	-47.367935
7566.229248	-48.263523
7568.920898	-46.183910
7571.612549	-46.229649
7574.304199	-46.902287
7576.995850	-47.089649
7579.687500	-48.637077
7582.379150	-47.705143
7585.070801	-48.007465
7587.762451	-47.932159
7590.454102	-48.829987
7593.145752	-47.954258
7595.837402	-48.152081
7598.529053	-48.168110
7601.220703	-48.468826
7603.912354	-47.243999
7606.604004	-48.635395
7609.295654	-48.588497
7611.987305	-47.687569
7614.678955	-49.408031
7617.370605	-49.086201
7620.062256	-49.843800
7622.753906	-49.941975
7625.445557	-50.554848
7628.137207	-50.938164
7630.828857	-49.450504
7633.520508	-50.318935
7636.212158	-50.444126
7638.903809	-50.378120
7641.595459	-51.598766
7644.287109	-50.166924
7646.978760	-50.363167
7649.670410	-52.151966
7652.362061	-50.095570
7655.053711	-53.099800
7657.745361	-51.700840
7660.437012	-51.184883
7663.128662	-51.574120
7665.820312	-50.723854
7668.511963	-51.785130
7671.203613	-50.829403
7673.895264	-51.226189
7676.586914	-50.347744
7679.278564	-50.661697
7681.970215	-51.345947
7684.661865	-51.301075
7687.353516	-52.117966
7690.045166	-51.817368
7692.736816	-51.496151
7695.428467	-51.922260
7698.120117	-53.515896
7700.811768	-52.407272
7703.503418	-52.404549
7706.195068	-51.656162
7708.886719	-52.212242
7711.578369	-52.220528
7714.270020	-53.499744
7716.961670	-53.192261
7719.653320	-52.027054
7722.344971	-53.362076
7725.036621	-52.275547
7727.728271	-53.605438
7730.419922	-52.084019
7733.111572	-50.668587
7735.803223	-53.896572
7738.494873	-53.318352
7741.186523	-53.203892
7743.878174	-51.661911
7746.569824	-51.994556
7749.261475	-52.494106
7751.953125	-52.004765
7754.644775	-52.183281
7757.336426	-51.131058
7760.028076	-51.483006
7762.719727	-52.401363
7765.411377	-52.001091
7768.103027	-52.601574
7770.794678	-52.258720
7773.486328	-52.597427
7776.177979	-52.643772
7778.869629	-52.321667
7781.561279	-51.881073
7784.252930	-51.655930
7786.944580	-50.713482
7789.636230	-51.847137
7792.327881	-51.865589
7795.019531	-50.780453
7797.711182	-51.216698
7800.402832	-52.039253
7803.094482	-52.284275
7805.786133	-51.734074
7808.477783	-50.974327
7811.169434	-51.013344
7813.861084	-49.874496
7816.552734	-50.560989
7819.244385	-49.979958
7821.936035	-51.639164
7824.627686	-49.534203
7827.319336	-51.155331
7830.010986	-50.925785
7832.702637	-49.977295
7835.394287	-49.764729
7838.085938	-48.882900
7840.777588	-49.614521
7843.469238	-49.385078
7846.160889	-48.590294
7848.852539	-48.072037
7851.544189	-49.028393
7854.235840	-48.243591
7856.927490	-47.265926
7859.619141	-48.426586
7862.310791	-48.189346
7865.002441	-47.903435
7867.694092	-48.288212
7870.385742	-47.057896
7873.077393	-48.173393
7875.769043	-48.043461
7878.460693	-46.540279
7881.152344	-47.760086
7883.843994	-47.057495
7886.535645	-48.307167
7889.227295	-47.721287
7891.918945	-48.871128
7894.610596	-47.260273
7897.302246	-46.643406
7899.993896	-47.098141
7902.685547	-46.300510
7905.377197	-48.421757
7908.068848	-47.341805
7910.760498	-47.309971
7913.452148	-47.377365
7916.143799	-47.210831
7918.835449	-46.636024
7921.527100	-46.982475
7924.218750	-47.994137
7926.910400	-48.558216
7929.602051	-48.923542
7932.293701	-48.172604
7934.985352	-47.954777
7937.677002	-47.745518
7940.368652	-49.126831
7943.060303	-49.224354
7945.751953	-49.441326
7948.443604	-49.012409
7951.135254	-50.442558
7953.826904	-48.807251
7956.518555	-49.101768
7959.210205	-49.344814
7961.901855	-50.210903
7964.593506	-49.594856
7967.285156	-51.059414
7969.976807	-51.258698
7972.668457	-50.096142
7975.360107	-49.733185
7978.051758	-49.765926
7980.743408	-49.650124
7983.435059	-50.609928
7986.126709	-50.641216
7988.818359	-51.096600
7991.510010	-50.287472
7994.201660	-51.032990
7996.893311	-51.033886
7999.584961	-51.386398
8002.276611	-51.868000
8004.968262	-51.711861
8007.659912	-49.989193
8010.351562	-51.552311
8013.043213	-53.004589
8015.734863	-52.659916
8018.426514	-51.919827
8021.118164	-51.907173
8023.809814	-51.290352
8026.501465	-51.960209
8029.193115	-52.830273
8031.884766	-52.880768
8034.576416	-53.016380
8037.268066	-52.147049
8039.959717	-51.828030
8042.651367	-52.987194
8045.343018	-53.826962
8048.034668	-51.646111
8050.726318	-51.394707
8053.417969	-52.114983
8056.109619	-51.912460
8058.801270	-53.724026
8061.492920	-53.257504
8064.184570	-53.203114
8066.876221	-51.700161
8069.567871	-52.709969
8072.259521	-51.487598
8074.951172	-52.078075
8077.642822	-52.133617
8080.334473	-52.382980
8083.026123	-52.429394
8085.717773	-52.081661
8088.409424	-51.406540
8091.101074	-50.899170
8093.792725	-51.552376
8096.484375	-51.624798
8099.176025	-51.785072
8101.867676	-51.110981
8104.559326	-52.294876
8107.250977	-51.111183
8109.942627	-52.107422
8112.634277	-51.122047
8115.325928	-49.847748
8118.017578	-51.964634
8120.709229	-49.899258
8123.400879	-50.835266
8126.092529	-51.726719
8128.784180	-51.106583
8131.475830	-50.374554
8134.167480	-49.842487
8136.859131	-51.313538
8139.550781	-50.790768
8142.242432	-50.439072
8144.934082	-50.086273
8147.625732	-50.311680
8150.317383	-49.348843
8153.009033	-50.562508
8155.700684	-48.529881
8158.392334	-48.840347
8161.083984	-49.450756
8163.775635	-50.369194
8166.467285	-50.193794
8169.158936	-48.896896
8171.850586	-48.377205
8174.542236	-48.339211
8177.233887	-48.998753
8179.925537	-49.388515
8182.617188	-47.894016
8185.308838	-47.948925
8188.000488	-47.340115
8190.692139	-47.828224
8193.383789	-47.431774
8196.075439	-47.389400
8198.767090	-47.760914
8201.458740	-48.466476
8204.150391	-45.664486
8206.842041	-46.469261
8209.533691	-47.970531
8212.225342	-47.450947
8214.916992	-45.905560
8217.608643	-47.854084
8220.300293	-46.974487
8222.991943	-47.055523
8225.683594	-46.304718
8228.375244	-47.399586
8231.066895	-46.363621
8233.758545	-47.225964
8236.450195	-48.331310
8239.141846	-46.734226
8241.833496	-47.092991
8244.525146	-47.624599
8247.216797	-48.158443
8249.908447	-47.901318
8252.600098	-48.305004
8255.291748	-48.546909
8257.983398	-47.998013
8260.675049	-47.839283
8263.366699	-47.854515
8266.058350	-49.031300
8268.750000	-48.255623
8271.441650	-48.780529
8274.133301	-47.441597
8276.824951	-49.077080
8279.516602	-50.489498
8282.208252	-49.204975
8284.899902	-50.387665
8287.591553	-49.978622
8290.283203	-49.538521
8292.974854	-49.309093
8295.666504	-50.415649
8298.358154	-49.902527
8301.049805	-49.747860
8303.741455	-49.568386
8306.433105	-50.551628
8309.124756	-50.955631
8311.816406	-51.728577
8314.508057	-51.255554
8317.199707	-51.346569
8319.891357	-51.217464
8322.583008	-51.759686
8325.274658	-51.695438
8327.966309	-52.648071
8330.657959	-52.064342
8333.349609	-51.723057
8336.041260	-51.298515
8338.732910	-52.164978
8341.424561	-51.816959
8344.116211	-50.708141
8346.807861	-50.966705
8349.499512	-51.112953
8352.191162	-51.450325
8354.882812	-51.936600
8357.574463	-51.556232
8360.266113	-52.612854
8362.957764	-52.892441
8365.649414	-53.111870
8368.341064	-52.745083
8371.032715	-53.765385
8373.724365	-52.753819
8376.416016	-52.318893
8379.107666	-52.373344
8381.799316	-52.862213
8384.490967	-51.720226
8387.182617	-51.604637
8389.874268	-52.211918
8392.565918	-51.714836
8395.257568	-52.611408
8397.949219	-52.365898
8400.640869	-51.881165
8403.332520	-52.634888
8406.024170	-51.704430
8408.715820	-52.303020
8411.407471	-52.149063
8414.099121	-52.050762
8416.790771	-52.171150
8419.482422	-52.503929
8422.174072	-53.075005
8424.865723	-51.371479
8427.557373	-52.056423
8430.249023	-51.264912
8432.940674	-51.550880
8435.632324	-49.811142
8438.323975	-51.715878
8441.015625	-50.300892
8443.707275	-51.102890
8446.398926	-50.541317
8449.090576	-50.797508
8451.782227	-50.769779
8454.473877	-49.281006
8457.165527	-49.534405
8459.857178	-52.231499
8462.548828	-50.741138
8465.240479	-51.009117
8467.932129	-50.434090
8470.623779	-50.467918
8473.315430	-49.910934
8476.007080	-49.877903
8478.698730	-51.708324
8481.390381	-50.218788
8484.082031	-49.362034
8486.773682	-49.289757
8489.465332	-51.168983
8492.156982	-49.523598
8494.848633	-49.810513
8497.540283	-49.208694
8500.231934	-48.305134
8502.923584	-48.992256
8505.615234	-47.309864
8508.306885	-47.970955
8510.998535	-48.765522
8513.690186	-47.573925
8516.381836	-47.505451
8519.073486	-47.667587
8521.765137	-46.870213
8524.456787	-46.347851
8527.148438	-46.767532
8529.840088	-48.841599
8532.531738	-47.821449
8535.223389	-47.553806
8537.915039	-47.421349
8540.606689	-47.360264
8543.298340	-47.385448
8545.989990	-46.430031
8548.681641	-47.442490
8551.373291	-48.607647
8554.064941	-47.868359
8556.756592	-47.202824
8559.448242	-46.688801
8562.139893	-47.855003
8564.831543	-48.023930
8567.523193	-48.722439
8570.214844	-49.028641
8572.906494	-47.943661
8575.598145	-48.327133
8578.289795	-48.201080
8580.981445	-47.185673
8583.673096	-49.280640
8586.364746	-48.181595
8589.056396	-49.181778
8591.748047	-49.025940
8594.439697	-49.234760
8597.131348	-49.288616
8599.822998	-49.238045
8602.514648	-48.944160
8605.206299	-49.696369
8607.897949	-48.824383
8610.589600	-48.935841
8613.281250	-49.708508
8615.972900	-50.169174
8618.664551	-50.004559
8621.356201	-51.014877
8624.047852	-49.171429
8626.739502	-48.748520
8629.431152	-50.799187
8632.122803	-49.315807
8634.814453	-49.779591
8637.506104	-50.358849
8640.197754	-50.510605
8642.889404	-50.694065
8645.581055	-49.675095
8648.272705	-50.952545
8650.964355	-52.622612
8653.656006	-50.644524
8656.347656	-49.866871
8659.039307	-51.949688
8661.730957	-51.683735
8664.422607	-51.287876
8667.114258	-52.522556
8669.805908	-52.161388
8672.497559	-50.924217
8675.189209	-52.100658
8677.880859	-51.408997
8680.572510	-52.318676
8683.264160	-52.043175
8685.955811	-52.788940
8688.647461	-52.380619
8691.339111	-51.373062
8694.030762	-51.316372
8696.722412	-52.487644
8699.414062	-51.834106
8702.105713	-51.688858
8704.797363	-51.076797
8707.489014	-51.964672
8710.180664	-53.284027
8712.872314	-53.081684
8715.563965	-52.039013
8718.255615	-51.178387
8720.947266	-52.595730
8723.638916	-53.200478
8726.330566	-52.379421
8729.022217	-53.012226
8731.713867	-51.338982
8734.405518	-51.492813
8737.097168	-51.531525
8739.788818	-52.154366
8742.480469	-51.258709
8745.172119	-50.642570
8747.863770	-52.678352
8750.555420	-51.495308
8753.247070	-49.957298
8755.938721	-50.929100
8758.630371	-51.571430
8761.322021	-51.093491
8764.013672	-50.226254
8766.705322	-49.807186
8769.396973	-49.763550
8772.088623	-49.063507
8774.780273	-50.112663
8777.471924	-49.680805
8780.163574	-50.160934
8782.855225	-51.785046
8785.546875	-50.912079
8788.238525	-50.824181
8790.930176	-49.478455
8793.621826	-48.545452
8796.313477	-48.987347
8799.005127	-49.642033
8801.696777	-49.635941
8804.388428	-50.256573
8807.080078	-48.418720
8809.771729	-48.556702
8812.463379	-48.205612
8815.155029	-47.810993
8817.846680	-48.392761
8820.538330	-47.788120
8823.229980	-47.804279
8825.921631	-48.070278
8828.613281	-49.924995
8831.304932	-48.861603
8833.996582	-47.825306
8836.688232	-48.267868
8839.379883	-47.051903
8842.071533	-47.262424
8844.763184	-46.862576
8847.454834	-47.688969
8850.146484	-48.592167
8852.838135	-47.005470
8855.529785	-47.265491
8858.221436	-46.308235
8860.913086	-46.649837
8863.604736	-46.730602
8866.296387	-46.426231
8868.988037	-48.815464
8871.679688	-47.228161
8874.371338	-46.139919
8877.062988	-46.678455
8879.754639	-46.793903
8882.446289	-46.697163
8885.137939	-46.544094
8887.829590	-47.251602
8890.521240	-48.450779
8893.212891	-47.700741
8895.904541	-47.772778
8898.596191	-46.864719
8901.287842	-47.826740
8903.979492	-48.499847
8906.671143	-47.299107
8909.362793	-47.388466
8912.054443	-48.339146
8914.746094	-48.602196
8917.437744	-47.413868
8920.129395	-47.966702
8922.821045	-47.781815
8925.512695	-49.353146
8928.204346	-48.209408
8930.895996	-50.490822
8933.587646	-47.941448
8936.279297	-49.957836
8938.970947	-49.586945
8941.662598	-49.755310
8944.354248	-49.675838
8947.045898	-49.289814
8949.737549	-50.269333
8952.429199	-49.367245
8955.120850	-49.317917
8957.812500	-50.375286
8960.504150	-51.254574
8963.195801	-50.628757
8965.887451	-49.924709
8968.579102	-49.512489
8971.270752	-49.768082
8973.962402	-49.857048
8976.654053	-51.645504
8979.345703	-51.205353
8982.037354	-50.386944
8984.729004	-50.257339
8987.420654	-50.187054
8990.112305	-50.772366
8992.803955	-51.727169
8995.495605	-51.963642
8998.187256	-51.314365
9000.878906	-50.126995
9003.570557	-51.418598
9006.262207	-52.180367
9008.953857	-51.266670
9011.645508	-51.065094
9014.337158	-51.344700
9017.028809	-51.898041
9019.720459	-51.516022
9022.412109	-51.410385
9025.103760	-52.632992
9027.795410	-51.651577
9030.487061	-51.196163
9033.178711	-51.731388
9035.870361	-51.698250
9038.562012	-51.261009
9041.253662	-51.628628
9043.945312	-53.453457
9046.636963	-52.159092
9049.328613	-51.764282
9052.020264	-51.076797
9054.711914	-50.863537
9057.403564	-49.843060
9060.095215	-50.967297
9062.786865	-51.319504
9065.478516	-49.398930
9068.170166	-49.291401
9070.861816	-51.482452
9073.553467	-51.616364
9076.245117	-49.712612
9078.936768	-49.498661
9081.628418	-50.549191
9084.320068	-51.309284
9087.011719	-50.259975
9089.703369	-50.490395
9092.395020	-48.699089
9095.086670	-50.803604
9097.778320	-50.872707
9100.469971	-50.018143
9103.161621	-49.249268
9105.853271	-49.048084
9108.544922	-51.770634
9111.236572	-51.718884
9113.928223	-49.249329
9116.619873	-49.267776
9119.311523	-49.584873
9122.003174	-48.465927
9124.694824	-48.264462
9127.386475	-49.141037
9130.078125	-48.733204
9132.769775	-47.783092
9135.461426	-48.709805
9138.153076	-50.659977
9140.844727	-50.098503
9143.536377	-48.321224
9146.228027	-48.475899
9148.919678	-47.818371
9151.611328	-48.523827
9154.302979	-47.936642
9156.994629	-48.051414
9159.686279	-46.973759
9162.377930	-48.482807
9165.069580	-48.093208
9167.761230	-47.518665
9170.452881	-47.056519
9173.144531	-48.687618
9175.836182	-47.316936
9178.527832	-46.790897
9181.219482	-46.195873
9183.911133	-46.676216
9186.602783	-47.447437
9189.294434	-47.299118
9191.986084	-46.748047
9194.677734	-46.600330
9197.369385	-46.725159
9200.061035	-47.094112
9202.752686	-46.843910
9205.444336	-46.766373
9208.135986	-46.714149
9210.827637	-47.216000
9213.519287	-47.205082
9216.210938	-48.343609
9218.902588	-46.839500
9221.594238	-47.554291
9224.285889	-47.141979
9226.977539	-46.736832
9229.669189	-46.917900
9232.360840	-47.639137
9235.052490	-46.995365
9237.744141	-47.615276
9240.435791	-47.688595
9243.127441	-48.424923
9245.819092	-48.712456
9248.510742	-48.176891
9251.202393	-48.753010
9253.894043	-47.289650
9256.585693	-50.377689
9259.277344	-50.011192
9261.968994	-49.597603
9264.660645	-48.495029
9267.352295	-50.511017
9270.043945	-49.302002
9272.735596	-47.503250
9275.427246	-50.044273
9278.118896	-50.124653
9280.810547	-48.091576
9283.502197	-49.921261
9286.193848	-48.752857
9288.885498	-48.591946
9291.577148	-49.472454
9294.268799	-49.593498
9296.960449	-48.790012
9299.652100	-49.507530
9302.343750	-48.918396
9305.035400	-50.332634
9307.727051	-50.391792
9310.418701	-50.676559
9313.110352	-49.133713
9315.802002	-49.408268
9318.493652	-49.606205
9321.185303	-49.772099
9323.876953	-51.168522
9326.568604	-49.730995
9329.260254	-49.221558
9331.951904	-50.937424
9334.643555	-50.509727
9337.335205	-52.102745
9340.026855	-49.869011
9342.718506	-51.578773
9345.410156	-50.277836
9348.101807	-51.570816
9350.793457	-50.204033
9353.485107	-50.815838
9356.176758	-50.265343
9358.868408	-51.335133
9361.560059	-48.786224
9364.251709	-48.840332
9366.943359	-50.680676
9369.635010	-49.303841
9372.326660	-50.398415
9375.018311	-51.349541
9377.709961	-49.939335
9380.401611	-50.443687
9383.093262	-50.179001
9385.784912	-50.144428
9388.476562	-48.869831
9391.168213	-51.103443
9393.859863	-51.006252
9396.551514	-50.036762
9399.243164	-50.109833
9401.934814	-50.419098
9404.626465	-49.240265
9407.318115	-49.446342
9410.009766	-49.917931
9412.701416	-50.082554
9415.393066	-50.681042
9418.084717	-49.014256
9420.776367	-51.322941
9423.468018	-49.822765
9426.159668	-50.653385
9428.851318	-49.815105
9431.542969	-48.953754
9434.234619	-47.962708
9436.926270	-49.305119
9439.617920	-48.377747
9442.309570	-49.405842
9445.001221	-48.686802
9447.692871	-48.094677
9450.384521	-49.668652
9453.076172	-47.958069
9455.767822	-47.947704
9458.459473	-48.320999
9461.151123	-49.424519
9463.842773	-48.296875
9466.534424	-46.994228
9469.226074	-48.781780
9471.917725	-47.505764
9474.609375	-48.443100
9477.301025	-49.034180
9479.992676	-48.512199
9482.684326	-47.477818
9485.375977	-47.712570
9488.067627	-47.373596
9490.759277	-47.231606
9493.450928	-46.534180
9496.142578	-46.601131
9498.834229	-46.161285
9501.525879	-46.205711
9504.217529	-46.767353
9506.909180	-47.484421
9509.600830	-46.725567
9512.292480	-47.061409
9514.984131	-48.575943
9517.675781	-46.835575
9520.367432	-45.987270
9523.059082	-45.695484
9525.750732	-46.108078
9528.442383	-46.005383
9531.134033	-47.631084
9533.825684	-46.450958
9536.517334	-46.778393
9539.208984	-47.491665
9541.900635	-47.831318
9544.592285	-45.365669
9547.283936	-46.797455
9549.975586	-46.758423
9552.667236	-47.968025
9555.358887	-48.072510
9558.050537	-48.293060
9560.742188	-46.866646
9563.433838	-47.116562
9566.125488	-46.517597
9568.817139	-46.198044
9571.508789	-48.365742
9574.200439	-47.814125
9576.892090	-47.616077
9579.583740	-46.154606
9582.275391	-47.789478
9584.967041	-48.066570
9587.658691	-47.979053
9590.350342	-47.915359
9593.041992	-48.183891
9595.733643	-49.237980
9598.425293	-48.937977
9601.116943	-48.903885
9603.808594	-49.223217
9606.500244	-48.565044
9609.191895	-48.909702
9611.883545	-49.758224
9614.575195	-49.017174
9617.266846	-49.873230
9619.958496	-50.100346
9622.650146	-48.694237
9625.341797	-47.991104
9628.033447	-50.272034
9630.725098	-50.237221
9633.416748	-50.681156
9636.108398	-49.136482
9638.800049	-48.749939
9641.491699	-49.621151
9644.183350	-49.703293
9646.875000	-50.147575
9649.566650	-49.959415
9652.258301	-48.494747
9654.949951	-49.918797
9657.641602	-49.707397
9660.333252	-48.566433
9663.024902	-51.088161
9665.716553	-49.400482
9668.408203	-50.084942
9671.099854	-49.861683
9673.791504	-50.577484
9676.483154	-49.351105
9679.174805	-50.106182
9681.866455	-50.239025
9684.558105	-50.097340
9687.249756	-51.671841
9689.941406	-50.612465
9692.633057	-49.304974
9695.324707	-50.172058
9698.016357	-50.261974
9700.708008	-49.963058
9703.399658	-50.901737
9706.091309	-50.309021
9708.782959	-49.031620
9711.474609	-50.102360
9714.166260	-51.201885
9716.857910	-50.493813
9719.549561	-48.864281
9722.241211	-50.232635
9724.932861	-51.106277
9727.624512	-50.281036
9730.316162	-49.771553
9733.007812	-48.913353
9735.699463	-50.056572
9738.391113	-50.050247
9741.082764	-49.957874
9743.774414	-49.596455
9746.466064	-50.360531
9749.157715	-49.325405
9751.849365	-48.635864
9754.541016	-48.380623
9757.232666	-48.983700
9759.924316	-48.228550
9762.615967	-50.377014
9765.307617	-49.543526
9767.999268	-48.652798
9770.690918	-48.405972
9773.382568	-48.518723
9776.074219	-48.776680
9778.765869	-48.676800
9781.457520	-48.977604
9784.149170	-47.655579
9786.840820	-46.802311
9789.532471	-48.241611
9792.224121	-47.441849
9794.915771	-47.332241
9797.607422	-49.207878
9800.299072	-48.146633
9802.990723	-46.791470
9805.682373	-46.542320
9808.374023	-48.441124
9811.065674	-49.271656
9813.757324	-46.961288
9816.448975	-46.307259
9819.140625	-46.592697
9821.832275	-46.998875
9824.523926	-47.793072
9827.215576	-47.106396
9829.907227	-47.090115
9832.598877	-47.527237
9835.290527	-47.546284
9837.982178	-45.383289
9840.673828	-47.010036
9843.365479	-46.277184
9846.057129	-46.747822
9848.748779	-46.454971
9851.440430	-46.473171
9854.132080	-46.825539
9856.823730	-45.132790
9859.515381	-48.364643
9862.207031	-47.508015
9864.898682	-46.660145
9867.590332	-46.429203
9870.281982	-45.775856
9872.973633	-47.160801
9875.665283	-48.143513
9878.356934	-47.365520
9881.048584	-46.509972
9883.740234	-47.526810
9886.431885	-47.816559
9889.123535	-46.782608
9891.815186	-46.879246
9894.506836	-48.137115
9897.198486	-48.471920
9899.890137	-46.820229
9902.581787	-48.677616
9905.273438	-48.246716
9907.965088	-48.164543
9910.656738	-47.039165
9913.348389	-47.786064
9916.040039	-48.150848
9918.731689	-48.566452
9921.423340	-49.699184
9924.114990	-48.366871
9926.806641	-49.926502
9929.498291	-48.874866
9932.189941	-49.242577
9934.881592	-49.001900
9937.573242	-49.319714
9940.264893	-49.558891
9942.956543	-49.728962
9945.648193	-49.404072
9948.339844	-50.554089
9951.031494	-49.519688
9953.723145	-48.846119
9956.414795	-49.256142
9959.106445	-48.645679
9961.798096	-49.177219
9964.489746	-50.753727
9967.181396	-51.473904
9969.873047	-49.915337
9972.564697	-49.816814
9975.256348	-49.347900
9977.947998	-51.023739
9980.639648	-50.723660
9983.331299	-50.362083
9986.022949	-49.984356
9988.714600	-50.698872
9991.406250	-50.124691
9994.097900	-51.349255
9996.789551	-49.519230
9999.481201	-51.326061
10002.172852	-50.125175
10004.864502	-50.753944
10007.556152	-50.116581
10010.247803	-49.163727
10012.939453	-49.152653
10015.631104	-50.055828
10018.322754	-50.644115
10021.014404	-48.751461
10023.706055	-48.693352
10026.397705	-50.129368
10029.089355	-50.186958
10031.781006	-51.469616
10034.472656	-50.554543
10037.164307	-50.978245
10039.855957	-50.566174
10042.547607	-50.863995
10045.239258	-51.068291
10047.930908	-50.762466
10050.622559	-51.082657
10053.314209	-50.962399
10056.005859	-51.095615
10058.697510	-49.895889
10061.389160	-50.231483
10064.080811	-51.428577
10066.772461	-51.176483
10069.464111	-50.544720
10072.155762	-50.394539
10074.847412	-50.578857
10077.539062	-50.962433
10080.230713	-49.400497
10082.922363	-50.751347
10085.614014	-51.450115
10088.305664	-49.978085
10090.997314	-49.970211
10093.688965	-51.090149
10096.380615	-50.465343
10099.072266	-48.713299
10101.763916	-49.776249
10104.455566	-50.501289
10107.147217	-49.491417
10109.838867	-48.501499
10112.530518	-50.002922
10115.222168	-49.357388
10117.913818	-49.347393
10120.605469	-48.951904
10123.297119	-48.522022
10125.988770	-47.893124
10128.680420	-47.978432
10131.372070	-49.660313
10134.063721	-48.631813
10136.755371	-48.814209
10139.447021	-48.371895
10142.138672	-48.434223
10144.830322	-49.128380
10147.521973	-50.032333
10150.213623	-49.185783
10152.905273	-48.784874
10155.596924	-48.963234
10158.288574	-48.408875
10160.980225	-48.519810
10163.671875	-47.978432
10166.363525	-47.628643
10169.055176	-48.446880
10171.746826	-48.413502
10174.438477	-48.821556
10177.130127	-47.688709
10179.821777	-48.166885
10182.513428	-48.199623
10185.205078	-48.910141
10187.896729	-48.184753
10190.588379	-48.501423
10193.280029	-48.714672
10195.971680	-49.780792
10198.663330	-47.975368
10201.354980	-49.124104
10204.046631	-49.005905
10206.738281	-49.171421
10209.429932	-49.937782
10212.121582	-48.481625
10214.813232	-48.521042
10217.504883	-49.656471
10220.196533	-49.663143
10222.888184	-49.602806
10225.579834	-49.919231
10228.271484	-50.063629
10230.963135	-50.661766
10233.654785	-51.368610
10236.346436	-50.461636
10239.038086	-49.757797
10241.729736	-51.589657
10244.421387	-51.543137
10247.113037	-51.123074
10249.804688	-50.552589
10252.496338	-50.079533
10255.187988	-50.422825
10257.879639	-51.056984
10260.571289	-50.383854
10263.262939	-50.919308
10265.954590	-50.523159
10268.646240	-51.480686
10271.337891	-52.069893
10274.029541	-52.194050
10276.721191	-50.688160
10279.412842	-51.791458
10282.104492	-51.917118
10284.796143	-52.464520
10287.487793	-52.505169
10290.179443	-52.183575
10292.871094	-51.770142
10295.562744	-53.020035
10298.254395	-53.092854
10300.946045	-51.900291
10303.637695	-51.789074
10306.329346	-52.701462
10309.020996	-52.600025
10311.712646	-52.288246
10314.404297	-51.528008
10317.095947	-53.321877
10319.787598	-53.107670
10322.479248	-51.599300
10325.170898	-52.813229
10327.862549	-54.361088
10330.554199	-52.028778
10333.245850	-53.758930
10335.937500	-52.087517
10338.629150	-52.290752
10341.320801	-52.635941
10344.012451	-53.074673
10346.704102	-54.483673
10349.395752	-53.338360
10352.087402	-52.710537
10354.779053	-53.095432
10357.470703	-53.205185
10360.162354	-52.794552
10362.854004	-52.445271
10365.545654	-53.383564
10368.237305	-52.574940
10370.928955	-53.682011
10373.620605	-54.045551
10376.312256	-53.784107
10379.003906	-53.502487
10381.695557	-54.397560
10384.387207	-53.106632
10387.078857	-53.815922
10389.770508	-54.403481
10392.462158	-54.569019
10395.153809	-54.208866
10397.845459	-53.261215
10400.537109	-53.006145
10403.228760	-54.081326
10405.920410	-52.523762
10408.612061	-55.227280
10411.303711	-53.651287
10413.995361	-53.816143
10416.687012	-53.344738
10419.378662	-53.639214
10422.070312	-53.509583
10424.761963	-53.956558
10427.453613	-54.880119
10430.145264	-53.971786
10432.836914	-53.859875
10435.528564	-52.850590
10438.220215	-54.418266
10440.911865	-53.072552
10443.603516	-53.731190
10446.295166	-53.545593
10448.986816	-54.248486
10451.678467	-53.538231
10454.370117	-52.727169
10457.061768	-53.010185
10459.753418	-53.947872
10462.445068	-53.076702
10465.136719	-54.743809
10467.828369	-54.657967
10470.520020	-52.776409
10473.211670	-53.455521
10475.903320	-54.107098
10478.594971	-52.210396
10481.286621	-52.793678
10483.978271	-53.272980
10486.669922	-54.731907
10489.361572	-53.525040
10492.053223	-52.857105
10494.744873	-53.234364
10497.436523	-55.584156
10500.128174	-56.083256
10502.819824	-53.975178
10505.511475	-54.057224
10508.203125	-54.345444
10510.894775	-53.320446
10513.586426	-55.168941
10516.278076	-53.308792
10518.969727	-54.581848
10521.661377	-54.823803
10524.353027	-56.101810
10527.044678	-53.295643
10529.736328	-55.032967
10532.427979	-55.267471
10535.119629	-54.730934
10537.811279	-54.579777
10540.502930	-55.529846
10543.194580	-55.968056
10545.886230	-56.325932
10548.577881	-56.383530
10551.269531	-57.920677
10553.961182	-56.307995
10556.652832	-56.761700
10559.344482	-57.270161
10562.036133	-56.945004
10564.727783	-55.547039
10567.419434	-56.470848
10570.111084	-57.319920
10572.802734	-56.279060
10575.494385	-58.057232
10578.186035	-57.411694
10580.877686	-57.241280
10583.569336	-58.121811
10586.260986	-57.224236
10588.952637	-56.853310
10591.644287	-58.612938
10594.335938	-56.944839
10597.027588	-58.618477
10599.719238	-57.798813
10602.410889	-58.224876
10605.102539	-57.522984
10607.794189	-58.448788
10610.485840	-59.103535
10613.177490	-59.880196
10615.869141	-59.153584
10618.560791	-59.232418
10621.252441	-60.668186
10623.944092	-58.963428
10626.635742	-59.652489
10629.327393	-59.100578
10632.019043	-60.469585
10634.710693	-60.667679
10637.402344	-61.337112
10640.093994	-61.605038
10642.785645	-60.707535
10645.477295	-60.041763
10648.168945	-60.482239
10650.860596	-61.937531
10653.552246	-61.501366
10656.243896	-60.653862
10658.935547	-62.012077
10661.627197	-60.722076
10664.318848	-61.197853
10667.010498	-61.914013
10669.702148	-62.114719
10672.393799	-62.668755
10675.085449	-61.649975
10677.777100	-62.568417
10680.468750	-62.544270
10683.160400	-63.377094
10685.852051	-61.833031
10688.543701	-62.119576
10691.235352	-62.815506
10693.927002	-62.495037
10696.618652	-63.087418
10699.310303	-62.221577
10702.001953	-62.461845
10704.693604	-62.123898
10707.385254	-63.571556
10710.076904	-63.172249
10712.768555	-63.853752
10715.460205	-62.786289
10718.151855	-64.070938
10720.843506	-63.498596
10723.535156	-63.128815
10726.226807	-62.563469
10728.918457	-62.962372
10731.610107	-63.876537
10734.301758	-64.778893
10736.993408	-62.408707
10739.685059	-64.729088
10742.376709	-63.897282
10745.068359	-63.928425
10747.760010	-65.132027
10750.451660	-63.139210
10753.143311	-64.537567
10755.834961	-63.159496
10758.526611	-64.116852
10761.218262	-63.381641
10763.909912	-64.743095
10766.601562	-63.720631
10769.293213	-65.375900
10771.984863	-64.494423
10774.676514	-64.053513
10777.368164	-65.744408
10780.059814	-66.123215
10782.751465	-64.578491
10785.443115	-64.566505
10788.134766	-65.087105
10790.826416	-64.636269
10793.518066	-65.958229
10796.209717	-66.284019
10798.901367	-65.444786
10801.593018	-65.037605
10804.284668	-66.097183
10806.976318	-64.965584
10809.667969	-65.429405
10812.359619	-65.776794
10815.051270	-66.656342
10817.742920	-65.442368
10820.434570	-65.703552
10823.126221	-66.069595
10825.817871	-66.698196
10828.509521	-66.415504
10831.201172	-66.616959
10833.892822	-66.305283
10836.584473	-66.774178
10839.276123	-67.185669
10841.967773	-66.679016
10844.659424	-67.305267
10847.351074	-67.974457
10850.042725	-68.016678
10852.734375	-67.837280
10855.426025	-68.091049
10858.117676	-68.793709
10860.809326	-68.288322
10863.500977	-68.374405
10866.192627	-69.256882
10868.884277	-69.998596
10871.575928	-69.473915
10874.267578	-68.046112
10876.959229	-69.177750
10879.650879	-70.028351
10882.342529	-69.474648
10885.034180	-70.160889
10887.725830	-69.093742
10890.417480	-69.444405
10893.109131	-69.956993
10895.800781	-69.662025
10898.492432	-71.281792
10901.184082	-71.402275
10903.875732	-70.951698
10906.567383	-72.023750
10909.259033	-71.542480
10911.950684	-71.770813
10914.642334	-72.535667
10917.333984	-71.488983
10920.025635	-71.405792
10922.717285	-72.189278
10925.408936	-72.810478
10928.100586	-73.283051
10930.792236	-72.478378
10933.483887	-73.840630
10936.175537	-73.782906
10938.867188	-73.371506
10941.558838	-73.504578
10944.250488	-73.165321
10946.942139	-74.015404
10949.633789	-75.248245
10952.325439	-73.846527
10955.017090	-73.728386
10957.708740	-74.916069
10960.400391	-73.955376
10963.092041	-74.308647
10965.783691	-74.652313
10968.475342	-74.660202
10971.166992	-73.179588
10973.858643	-75.231468
10976.550293	-74.659721
10979.241943	-75.054337
10981.933594	-74.653473
10984.625244	-74.807053
10987.316895	-75.834908
10990.008545	-74.360321
10992.700195	-76.015610
10995.391846	-74.547394
10998.083496	-74.713577
11000.775146	-74.791283
11003.466797	-75.097504
11006.158447	-74.186737
11008.850098	-76.078522
11011.541748	-76.047600
11014.233398	-75.666847
11016.925049	-75.926949
11019.616699	-75.255836
11022.308350	-76.194145
