Frequency (Hz)	Level (dB)
2.691650	-72.761208
5.383301	-72.610733
8.074951	-71.498657
10.766602	-71.221634
13.458252	-71.820740
16.149902	-70.394974
18.841553	-69.877243
21.533203	-68.936272
24.224854	-68.845352
26.916504	-68.033539
29.608154	-67.897171
32.299805	-67.736671
34.991455	-66.319481
37.683105	-67.115265
40.374756	-67.029877
43.066406	-66.907455
45.758057	-65.885170
48.449707	-65.187286
51.141357	-65.620094
53.833008	-65.130241
56.524658	-64.815239
59.216309	-66.171326
61.907959	-64.525475
64.599609	-64.639778
67.291260	-63.970676
69.982910	-65.134857
72.674561	-65.507370
75.366211	-63.158623
78.057861	-63.189083
80.749512	-64.863472
83.441162	-64.209999
86.132812	-64.025497
88.824463	-64.213715
91.516113	-63.664696
94.207764	-63.306194
96.899414	-63.042667
99.591064	-62.825829
102.282715	-63.636131
104.974365	-64.115150
107.666016	-62.644680
110.357666	-63.094910
113.049316	-63.400604
115.740967	-61.826538
118.432617	-63.987396
121.124268	-63.096058
123.815918	-61.027569
126.507568	-63.141994
129.199219	-63.045166
131.890869	-62.860054
134.582520	-63.305283
137.274170	-63.986256
139.965820	-64.182587
142.657471	-61.729359
145.349121	-63.174774
148.040771	-62.492077
150.732422	-61.934025
153.424072	-63.225605
156.115723	-62.703022
158.807373	-62.823009
161.499023	-63.405735
164.190674	-62.437000
166.882324	-62.071774
169.573975	-63.316479
172.265625	-64.298470
174.957275	-62.338589
177.648926	-61.688396
180.340576	-61.861832
183.032227	-61.578693
185.723877	-62.323498
188.415527	-61.727375
191.107178	-61.994850
193.798828	-61.767769
196.490479	-60.813911
199.182129	-60.697845
201.873779	-62.455364
204.565430	-61.469162
207.257080	-59.766224
209.948730	-60.684246
212.640381	-61.492031
215.332031	-60.345924
218.023682	-60.310349
220.715332	-58.656166
223.406982	-58.100990
226.098633	-57.098541
228.790283	-56.039692
231.481934	-56.867851
234.173584	-55.691074
236.865234	-55.837635
239.556885	-54.409409
242.248535	-54.420639
244.940186	-52.387798
247.631836	-51.727867
250.323486	-51.493927
253.015137	-51.180756
255.706787	-50.758446
258.398438	-50.762222
261.090088	-50.471298
263.781738	-49.428421
266.473389	-49.997551
269.165039	-49.901997
271.856689	-48.322269
274.548340	-49.151318
277.239990	-48.943604
279.931641	-50.201481
282.623291	-49.516838
285.314941	-50.671391
288.006592	-51.189266
290.698242	-50.825165
293.389893	-50.602379
296.081543	-52.799603
298.773193	-55.106712
301.464844	-53.696884
304.156494	-53.325760
306.848145	-54.393814
309.539795	-52.485188
312.231445	-52.814953
314.923096	-51.861526
317.614746	-52.835110
320.306396	-52.600098
322.998047	-52.982121
325.689697	-53.155289
328.381348	-54.052139
331.072998	-54.440212
333.764648	-54.176598
336.456299	-53.754894
339.147949	-54.160725
341.839600	-53.390709
344.531250	-53.857082
347.222900	-52.350788
349.914551	-52.768047
352.606201	-53.125172
355.297852	-53.527111
357.989502	-53.697418
360.681152	-54.102135
363.372803	-54.704517
366.064453	-53.683758
368.756104	-51.461891
371.447754	-53.209076
374.139404	-51.935570
376.831055	-51.551933
379.522705	-52.255821
382.214355	-50.863869
384.906006	-50.429657
387.597656	-52.037094
390.289307	-52.168922
392.980957	-51.844360
395.672607	-51.876957
398.364258	-52.119034
401.055908	-50.591682
403.747559	-50.806175
406.439209	-50.476154
409.130859	-51.038746
411.822510	-51.755737
414.514160	-50.708515
417.205811	-49.339836
419.897461	-49.572334
422.589111	-49.236481
425.280762	-47.855888
427.972412	-48.304729
430.664062	-47.371777
433.355713	-46.250050
436.047363	-47.011932
438.739014	-45.561119
441.430664	-46.176098
444.122314	-46.886494
446.813965	-45.271885
449.505615	-43.947247
452.197266	-42.443569
454.888916	-44.924797
457.580566	-44.305130
460.272217	-43.106026
462.963867	-43.732407
465.655518	-41.725376
468.347168	-42.694111
471.038818	-41.220516
473.730469	-39.795868
476.422119	-40.839485
479.113770	-40.836208
481.805420	-40.123539
484.497070	-40.263054
487.188721	-40.963707
489.880371	-40.306965
492.572021	-39.139812
495.263672	-40.271156
497.955322	-40.979641
500.646973	-40.240891
503.338623	-42.713100
506.030273	-41.171154
508.721924	-40.968586
511.413574	-42.125057
514.105225	-40.408997
516.796875	-41.634903
519.488525	-39.891022
522.180176	-40.877846
524.871826	-41.645405
527.563477	-41.216812
530.255127	-42.408653
532.946777	-42.308125
535.638428	-41.517418
538.330078	-43.213203
541.021729	-41.955963
543.713379	-42.726776
546.405029	-43.291836
549.096680	-42.051342
551.788330	-44.979908
554.479980	-43.463264
557.171631	-43.800903
559.863281	-44.387180
562.554932	-44.221809
565.246582	-43.799450
567.938232	-43.087330
570.629883	-43.857555
573.321533	-43.643475
576.013184	-43.728439
578.704834	-42.580132
581.396484	-42.269928
584.088135	-45.227123
586.779785	-44.452049
589.471436	-43.640388
592.163086	-45.242130
594.854736	-43.633995
597.546387	-44.501617
600.238037	-44.363991
602.929688	-44.205009
605.621338	-44.238384
608.312988	-44.565758
611.004639	-42.737328
613.696289	-44.828369
616.387939	-42.953312
619.079590	-43.837353
621.771240	-43.830029
624.462891	-45.222126
627.154541	-44.302128
629.846191	-43.689003
632.537842	-45.471001
635.229492	-45.602070
637.921143	-44.505394
640.612793	-44.775261
643.304443	-45.225262
645.996094	-46.050785
648.687744	-45.814972
651.379395	-44.081707
654.071045	-46.107708
656.762695	-43.893604
659.454346	-44.717449
662.145996	-44.505962
664.837646	-44.442825
667.529297	-44.920052
670.220947	-44.629612
672.912598	-44.317940
675.604248	-43.840324
678.295898	-43.894669
680.987549	-42.995350
683.679199	-44.206394
686.370850	-43.403679
689.062500	-42.116779
691.754150	-43.812595
694.445801	-42.196712
697.137451	-43.495514
699.829102	-42.974049
702.520752	-42.950668
705.212402	-42.311779
707.904053	-40.956112
710.595703	-42.128113
713.287354	-40.903347
715.979004	-40.531345
718.670654	-41.179333
721.362305	-39.772465
724.053955	-41.047588
726.745605	-40.206516
729.437256	-40.980766
732.128906	-42.456089
734.820557	-39.421082
737.512207	-39.025673
740.203857	-40.548737
742.895508	-39.012215
745.587158	-38.383209
748.278809	-39.557926
750.970459	-39.158028
753.662109	-38.213379
756.353760	-37.964962
759.045410	-38.085377
761.737061	-39.473225
764.428711	-38.536568
767.120361	-37.150799
769.812012	-37.101734
772.503662	-37.561508
775.195312	-36.640343
777.886963	-36.711288
780.578613	-36.463501
783.270264	-35.869946
785.961914	-36.351429
788.653564	-35.881107
791.345215	-36.357849
794.036865	-35.993069
796.728516	-34.714432
799.420166	-33.961884
802.111816	-35.975235
804.803467	-36.360889
807.495117	-36.506020
810.186768	-34.447983
812.878418	-33.313522
815.570068	-34.231449
818.261719	-34.127861
820.953369	-32.851181
823.645020	-33.298447
826.336670	-34.070683
829.028320	-33.545418
831.719971	-33.858021
834.411621	-33.308491
837.103271	-34.338326
839.794922	-32.795174
842.486572	-33.498119
845.178223	-34.385635
847.869873	-34.666584
850.561523	-35.207069
853.253174	-34.071289
855.944824	-33.817955
858.636475	-33.457718
861.328125	-34.076241
864.019775	-35.079353
866.711426	-35.671581
869.403076	-35.105602
872.094727	-35.314121
874.786377	-34.557556
877.478027	-36.957951
880.169678	-35.814816
882.861328	-35.760143
885.552979	-37.656776
888.244629	-36.216541
890.936279	-36.653461
893.627930	-35.878414
896.319580	-35.749882
899.011230	-37.107460
901.702881	-38.053852
904.394531	-39.487148
907.086182	-36.905041
909.777832	-36.135857
912.469482	-36.981800
915.161133	-37.396484
917.852783	-36.983360
920.544434	-38.109444
923.236084	-38.755684
925.927734	-37.561367
928.619385	-38.960831
931.311035	-36.964569
934.002686	-37.394409
936.694336	-39.265957
939.385986	-38.105595
942.077637	-38.356190
944.769287	-37.343235
947.460938	-37.877628
950.152588	-39.056141
952.844238	-38.106880
955.535889	-38.936340
958.227539	-39.822838
960.919189	-38.043808
963.610840	-37.497158
966.302490	-38.071533
968.994141	-38.305775
971.685791	-37.650768
974.377441	-36.570019
977.069092	-36.362007
979.760742	-39.239674
982.452393	-38.277096
985.144043	-38.032074
987.835693	-38.461025
990.527344	-38.964344
993.218994	-37.596867
995.910645	-38.337765
998.602295	-37.456779
1001.293945	-39.377949
1003.985596	-38.371101
1006.677246	-38.150425
1009.368896	-37.286049
1012.060547	-37.431381
1014.752197	-36.934181
1017.443848	-36.480652
1020.135498	-37.154724
1022.827148	-37.535141
1025.518799	-36.609802
1028.210449	-36.042561
1030.902100	-35.498524
1033.593750	-35.675610
1036.285400	-35.090469
1038.977051	-35.788235
1041.668701	-34.310181
1044.360352	-35.078747
1047.052002	-34.071007
1049.743652	-33.388542
1052.435303	-33.472248
1055.126953	-33.765026
1057.818604	-33.268677
1060.510254	-32.668114
1063.201904	-32.659184
1065.893555	-32.379059
1068.585205	-32.665810
1071.276855	-32.501354
1073.968506	-32.392147
1076.660156	-31.044863
1079.351807	-31.312544
1082.043457	-31.056179
1084.735107	-32.028271
1087.426758	-32.885410
1090.118408	-32.437580
1092.810059	-31.771042
1095.501709	-33.168659
1098.193359	-32.605614
1100.885010	-33.349598
1103.576660	-32.992203
1106.268311	-32.531269
1108.959961	-33.043468
1111.651611	-32.864559
1114.343262	-35.268082
1117.034912	-34.582767
1119.726562	-34.670364
1122.418213	-36.291012
1125.109863	-35.715389
1127.801514	-37.527149
1130.493164	-37.746548
1133.184814	-36.575371
1135.876465	-37.452454
1138.568115	-35.632008
1141.259766	-36.277519
1143.951416	-38.486053
1146.643066	-37.879318
1149.334717	-39.243267
1152.026367	-40.016499
1154.718018	-38.808525
1157.409668	-39.379974
1160.101318	-38.899910
1162.792969	-39.200626
1165.484619	-38.355080
1168.176270	-40.323509
1170.867920	-40.646175
1173.559570	-39.609753
1176.251221	-39.784134
1178.942871	-39.120422
1181.634521	-41.157135
1184.326172	-40.966572
1187.017822	-40.852242
1189.709473	-41.695244
1192.401123	-40.660061
1195.092773	-41.704414
1197.784424	-42.329842
1200.476074	-42.497608
1203.167725	-43.181290
1205.859375	-42.551239
1208.551025	-41.727650
1211.242676	-40.680618
1213.934326	-40.943298
1216.625977	-42.089100
1219.317627	-41.222431
1222.009277	-42.237633
1224.700928	-43.113117
1227.392578	-42.442276
1230.084229	-43.186909
1232.775879	-43.681461
1235.467529	-42.560207
1238.159180	-43.102943
1240.850830	-42.920853
1243.542480	-42.545799
1246.234131	-41.165024
1248.925781	-42.634182
1251.617432	-42.264942
1254.309082	-41.729633
1257.000732	-42.444851
1259.692383	-43.232742
1262.384033	-42.027020
1265.075684	-41.729282
1267.767334	-42.429886
1270.458984	-42.061127
1273.150635	-41.621456
1275.842285	-41.467793
1278.533936	-41.684521
1281.225586	-40.432693
1283.917236	-40.536190
1286.608887	-40.614830
1289.300537	-40.647938
1291.992188	-41.485962
1294.683838	-42.149239
1297.375488	-40.754066
1300.067139	-40.354359
1302.758789	-40.557850
1305.450439	-40.122051
1308.142090	-41.837769
1310.833740	-40.196045
1313.525391	-40.990013
1316.217041	-41.514889
1318.908691	-39.167717
1321.600342	-39.611919
1324.291992	-40.622746
1326.983643	-38.709515
1329.675293	-38.127888
1332.366943	-40.291702
1335.058594	-37.853809
1337.750244	-39.098278
1340.441895	-36.512272
1343.133545	-38.064396
1345.825195	-37.304092
1348.516846	-36.683716
1351.208496	-35.927361
1353.900146	-36.680523
1356.591797	-36.020313
1359.283447	-34.905220
1361.975098	-34.805073
1364.666748	-33.678452
1367.358398	-34.470501
1370.050049	-32.005676
1372.741699	-31.383224
1375.433350	-33.369732
1378.125000	-34.095161
1380.816650	-34.263805
1383.508301	-33.886265
1386.199951	-33.022713
1388.891602	-32.731018
1391.583252	-34.120583
1394.274902	-33.533257
1396.966553	-34.631680
1399.658203	-35.301029
1402.349854	-34.829060
1405.041504	-34.896187
1407.733154	-36.545486
1410.424805	-38.314461
1413.116455	-37.353939
1415.808105	-38.275898
1418.499756	-37.398090
1421.191406	-39.152699
1423.883057	-38.056099
1426.574707	-38.713428
1429.266357	-38.104584
1431.958008	-39.306602
1434.649658	-40.393551
1437.341309	-39.965912
1440.032959	-40.505260
1442.724609	-39.946304
1445.416260	-41.115196
1448.107910	-41.748104
1450.799561	-42.948219
1453.491211	-42.743790
1456.182861	-42.172050
1458.874512	-42.096252
1461.566162	-42.438629
1464.257812	-42.890667
1466.949463	-44.070591
1469.641113	-42.995739
1472.332764	-43.662525
1475.024414	-44.637379
1477.716064	-44.063530
1480.407715	-43.498177
1483.099365	-45.121727
1485.791016	-44.809105
1488.482666	-44.849907
1491.174316	-45.485146
1493.865967	-46.907574
1496.557617	-45.725918
1499.249268	-45.497364
1501.940918	-45.030239
1504.632568	-45.303169
1507.324219	-45.499859
1510.015869	-45.353497
1512.707520	-45.483597
1515.399170	-45.139805
1518.090820	-45.814785
1520.782471	-45.595490
1523.474121	-45.647129
1526.165771	-44.697292
1528.857422	-44.795841
1531.549072	-46.039436
1534.240723	-46.608345
1536.932373	-46.480976
1539.624023	-47.426674
1542.315674	-46.021603
1545.007324	-46.334301
1547.698975	-45.972725
1550.390625	-46.890339
1553.082275	-45.220104
1555.773926	-47.584984
1558.465576	-47.045097
1561.157227	-46.672192
1563.848877	-45.069214
1566.540527	-45.960930
1569.232178	-45.529907
1571.923828	-46.510456
1574.615479	-45.001953
1577.307129	-45.322472
1579.998779	-45.691090
1582.690430	-45.837921
1585.382080	-45.667934
1588.073730	-44.156418
1590.765381	-44.817150
1593.457031	-45.347000
1596.148682	-45.017063
1598.840332	-46.449905
1601.531982	-45.242641
1604.223633	-44.410824
1606.915283	-44.858803
1609.606934	-43.883434
1612.298584	-43.918835
1614.990234	-42.791054
1617.681885	-42.375992
1620.373535	-42.769585
1623.065186	-42.619846
1625.756836	-43.289028
1628.448486	-43.253971
1631.140137	-42.248806
1633.831787	-41.928238
1636.523438	-42.634731
1639.215088	-40.961586
1641.906738	-41.321465
1644.598389	-41.102787
1647.290039	-41.288086
1649.981689	-40.412445
1652.673340	-40.307480
1655.364990	-40.501099
1658.056641	-37.986992
1660.748291	-37.829887
1663.439941	-37.629932
1666.131592	-38.063538
1668.823242	-38.320023
1671.514893	-37.621529
1674.206543	-36.488354
1676.898193	-36.254303
1679.589844	-35.177975
1682.281494	-34.918461
1684.973145	-36.497704
1687.664795	-34.923153
1690.356445	-35.082207
1693.048096	-35.844414
1695.739746	-36.013260
1698.431396	-35.567890
1701.123047	-36.375782
1703.814697	-37.402985
1706.506348	-36.627441
1709.197998	-39.001873
1711.889648	-37.359493
1714.581299	-38.820450
1717.272949	-38.258751
1719.964600	-38.522415
1722.656250	-39.992142
1725.347900	-39.627995
1728.039551	-39.503506
1730.731201	-41.288895
1733.422852	-41.282612
1736.114502	-42.337986
1738.806152	-43.678398
1741.497803	-42.420433
1744.189453	-43.103397
1746.881104	-42.951900
1749.572754	-44.076363
1752.264404	-43.760761
1754.956055	-43.922329
1757.647705	-45.526608
1760.339355	-45.330738
1763.031006	-46.104839
1765.722656	-46.353989
1768.414307	-46.761906
1771.105957	-44.974293
1773.797607	-45.896580
1776.489258	-45.144302
1779.180908	-46.373470
1781.872559	-46.657993
1784.564209	-48.105640
1787.255859	-46.634171
1789.947510	-48.127766
1792.639160	-48.156139
1795.330811	-47.848270
1798.022461	-47.134949
1800.714111	-47.901752
1803.405762	-47.565914
1806.097412	-47.987091
1808.789062	-48.321198
1811.480713	-49.326023
1814.172363	-47.308136
1816.864014	-47.806198
1819.555664	-48.224636
1822.247314	-47.727222
1824.938965	-47.656937
1827.630615	-49.863876
1830.322266	-48.789631
1833.013916	-48.006863
1835.705566	-50.320503
1838.397217	-48.660908
1841.088867	-48.424656
1843.780518	-49.280613
1846.472168	-48.682388
1849.163818	-49.348854
1851.855469	-48.778683
1854.547119	-48.742695
1857.238770	-49.550667
1859.930420	-50.763935
1862.622070	-49.124405
1865.313721	-48.010620
1868.005371	-48.574196
1870.697021	-48.227570
1873.388672	-47.376572
1876.080322	-47.912479
1878.771973	-47.361298
1881.463623	-48.886700
1884.155273	-49.413891
1886.846924	-48.931957
1889.538574	-48.132706
1892.230225	-49.584766
1894.921875	-50.022091
1897.613525	-47.974308
1900.305176	-47.385944
1902.996826	-47.450630
1905.688477	-46.942047
1908.380127	-47.986240
1911.071777	-46.894444
1913.763428	-46.613110
1916.455078	-46.454933
1919.146729	-46.619179
1921.838379	-46.941620
1924.530029	-46.042023
1927.221680	-45.290028
1929.913330	-45.165432
1932.604980	-46.084694
1935.296631	-44.383976
1937.988281	-45.370438
1940.679932	-44.838272
1943.371582	-45.741089
1946.063232	-45.785309
1948.754883	-44.013664
1951.446533	-43.919430
1954.138184	-44.720745
1956.829834	-44.006329
1959.521484	-41.420322
1962.213135	-41.808041
1964.904785	-42.849846
1967.596436	-42.097637
1970.288086	-42.777115
1972.979736	-41.476074
1975.671387	-41.353725
1978.363037	-40.365856
1981.054688	-39.263523
1983.746338	-39.677834
1986.437988	-39.557865
1989.129639	-37.845684
1991.821289	-36.812115
1994.512939	-36.934376
1997.204590	-38.300331
1999.896240	-38.309338
2002.587891	-37.443218
2005.279541	-37.704262
2007.971191	-36.324551
2010.662842	-37.472401
2013.354492	-37.820457
2016.046143	-35.997299
2018.737793	-37.748013
2021.429443	-38.520966
2024.121094	-39.278309
2026.812744	-39.262859
2029.504395	-40.404003
2032.196045	-40.519409
2034.887695	-41.197628
2037.579346	-40.286076
2040.270996	-41.111668
2042.962646	-42.967072
2045.654297	-41.311771
2048.345947	-42.363419
2051.037598	-41.834702
2053.729248	-43.488701
2056.420898	-43.839569
2059.112549	-43.542854
2061.804199	-43.617752
2064.495850	-44.849289
2067.187500	-45.845264
2069.879150	-46.089935
2072.570801	-45.784767
2075.262451	-45.551140
2077.954102	-45.716793
2080.645752	-47.855282
2083.337402	-47.475159
2086.029053	-47.643402
2088.720703	-45.729771
2091.412354	-47.822067
2094.104004	-47.506104
2096.795654	-48.422291
2099.487305	-48.415661
2102.178955	-48.226383
2104.870605	-49.094196
2107.562256	-49.008949
2110.253906	-48.901505
2112.945557	-49.101116
2115.637207	-48.763371
2118.328857	-49.612450
2121.020508	-49.291763
2123.712158	-48.816135
2126.403809	-48.837543
2129.095459	-50.044159
2131.787109	-49.670628
2134.478760	-47.786636
2137.170410	-49.405960
2139.862061	-49.385933
2142.553711	-48.695778
2145.245361	-48.349075
2147.937012	-49.188400
2150.628662	-50.438370
2153.320312	-50.201416
2156.011963	-48.359585
2158.703613	-49.237293
2161.395264	-50.133389
2164.086914	-50.080700
2166.778564	-50.555557
2169.470215	-50.026825
2172.161865	-49.689171
2174.853516	-48.730598
2177.545166	-49.476250
2180.236816	-49.668858
2182.928467	-50.433781
2185.620117	-49.002048
2188.311768	-49.459049
2191.003418	-50.168484
2193.695068	-50.049164
2196.386719	-51.720928
2199.078369	-48.793514
2201.770020	-48.506413
2204.461670	-48.852863
2207.153320	-48.609562
2209.844971	-47.947338
2212.536621	-48.385475
2215.228271	-49.690575
2217.919922	-49.280479
2220.611572	-48.134541
2223.303223	-48.556755
2225.994873	-50.359051
2228.686523	-48.964169
2231.378174	-49.095352
2234.069824	-49.143242
2236.761475	-48.238243
2239.453125	-47.089073
2242.144775	-48.018723
2244.836426	-49.045719
2247.528076	-47.115662
2250.219727	-46.519093
2252.911377	-46.631943
2255.603027	-46.855057
2258.294678	-46.162647
2260.986328	-45.985840
2263.677979	-46.207035
2266.369629	-45.746620
2269.061279	-45.990528
2271.752930	-46.427963
2274.444580	-45.033936
2277.136230	-44.766285
2279.827881	-43.518414
2282.519531	-43.555092
2285.211182	-42.696026
2287.902832	-42.836533
2290.594482	-43.173466
2293.286133	-41.764942
2295.977783	-41.918732
2298.669434	-42.255428
2301.361084	-42.446918
2304.052734	-40.125031
2306.744385	-39.795410
2309.436035	-41.433434
2312.127686	-39.337223
2314.819336	-38.788200
2317.510986	-38.704075
2320.202637	-39.516941
2322.894287	-39.787552
2325.585938	-38.199566
2328.277588	-37.821381
2330.969238	-39.154228
2333.660889	-38.279068
2336.352539	-37.551273
2339.044189	-37.902649
2341.735840	-38.250259
2344.427490	-41.392178
2347.119141	-38.900528
2349.810791	-40.227573
2352.502441	-41.536022
2355.194092	-42.546997
2357.885742	-42.973492
2360.577393	-42.451595
2363.269043	-44.133926
2365.960693	-42.605621
2368.652344	-43.907726
2371.343994	-44.359966
2374.035645	-43.480095
2376.727295	-43.998409
2379.418945	-45.622746
2382.110596	-46.368183
2384.802246	-45.636402
2387.493896	-45.154003
2390.185547	-47.013054
2392.877197	-46.085934
2395.568848	-45.859333
2398.260498	-46.141060
2400.952148	-46.944397
2403.643799	-45.454456
2406.335449	-46.902111
2409.027100	-46.954670
2411.718750	-48.812263
2414.410400	-46.923199
2417.102051	-47.501694
2419.793701	-48.459084
2422.485352	-48.006115
2425.177002	-47.480438
2427.868652	-50.358147
2430.560303	-49.580166
2433.251953	-48.920425
2435.943604	-48.352295
2438.635254	-50.087646
2441.326904	-48.449032
2444.018555	-49.349960
2446.710205	-50.256912
2449.401855	-49.752174
2452.093506	-50.602734
2454.785156	-50.320591
2457.476807	-52.018150
2460.168457	-51.244686
2462.860107	-49.896568
2465.551758	-50.403168
2468.243408	-50.149502
2470.935059	-50.774986
2473.626709	-51.761753
2476.318359	-50.048481
2479.010010	-50.324913
2481.701660	-50.802547
2484.393311	-49.815948
2487.084961	-49.952831
2489.776611	-49.035969
2492.468262	-51.398308
2495.159912	-49.886131
2497.851562	-51.876255
2500.543213	-50.398392
2503.234863	-52.144070
2505.926514	-50.706032
2508.618164	-50.483852
2511.309814	-49.772449
2514.001465	-48.846024
2516.693115	-49.704063
2519.384766	-49.503361
2522.076416	-50.809250
2524.768066	-50.349625
2527.459717	-49.627892
2530.151367	-50.919903
2532.843018	-49.978542
2535.534668	-49.154419
2538.226318	-51.178249
2540.917969	-51.069645
2543.609619	-50.097443
2546.301270	-50.499897
2548.992920	-49.873924
2551.684570	-49.653782
2554.376221	-48.971813
2557.067871	-50.403328
2559.759521	-48.602104
2562.451172	-48.451687
2565.142822	-47.878494
2567.834473	-48.737030
2570.526123	-48.953724
2573.217773	-48.416431
2575.909424	-46.151237
2578.601074	-47.493465
2581.292725	-47.513096
2583.984375	-45.752594
2586.676025	-46.588882
2589.367676	-46.463009
2592.059326	-46.537045
2594.750977	-46.250923
2597.442627	-46.245720
2600.134277	-47.198872
2602.825928	-44.613052
2605.517578	-45.472183
2608.209229	-44.038773
2610.900879	-43.648815
2613.592529	-44.154137
2616.284180	-42.794666
2618.975830	-43.296322
2621.667480	-44.575668
2624.359131	-42.335575
2627.050781	-40.498413
2629.742432	-41.636791
2632.434082	-43.037418
2635.125732	-40.490788
2637.817383	-38.924522
2640.509033	-38.805172
2643.200684	-40.546898
2645.892334	-39.598278
2648.583984	-39.779991
2651.275635	-39.751488
2653.967285	-41.359982
2656.658936	-37.698143
2659.350586	-40.559193
2662.042236	-40.303329
2664.733887	-41.137463
2667.425537	-39.987595
2670.117188	-40.017342
2672.808838	-41.104656
2675.500488	-42.476448
2678.192139	-42.534698
2680.883789	-42.847019
2683.575439	-42.510857
2686.267090	-42.740215
2688.958740	-43.402016
2691.650391	-45.162746
2694.342041	-45.192455
2697.033691	-45.945236
2699.725342	-44.608284
2702.416992	-46.752258
2705.108643	-45.462093
2707.800293	-46.566547
2710.491943	-47.443871
2713.183594	-47.884521
2715.875244	-47.836174
2718.566895	-47.345238
2721.258545	-46.996891
2723.950195	-48.346703
2726.641846	-48.289810
2729.333496	-49.106857
2732.025146	-48.059895
2734.716797	-49.081402
2737.408447	-48.395111
2740.100098	-49.289471
2742.791748	-48.257294
2745.483398	-49.369675
2748.175049	-49.697891
2750.866699	-50.055763
2753.558350	-50.014278
2756.250000	-50.799305
2758.941650	-51.360699
2761.633301	-50.518322
2764.324951	-50.861797
2767.016602	-50.535671
2769.708252	-51.628983
2772.399902	-51.022083
2775.091553	-50.814198
2777.783203	-50.144962
2780.474854	-50.625847
2783.166504	-50.343536
2785.858154	-51.882229
2788.549805	-50.903637
2791.241455	-51.709660
2793.933105	-50.556831
2796.624756	-50.824753
2799.316406	-50.430847
2802.008057	-50.164433
2804.699707	-52.604286
2807.391357	-51.187721
2810.083008	-50.239277
2812.774658	-50.802204
2815.466309	-50.522923
2818.157959	-52.191357
2820.849609	-51.934193
2823.541260	-51.864056
2826.232910	-50.576065
2828.924561	-51.214844
2831.616211	-50.766518
2834.307861	-50.955376
2836.999512	-50.813503
2839.691162	-52.865925
2842.382812	-51.321136
2845.074463	-51.250854
2847.766113	-51.657066
2850.457764	-52.180420
2853.149414	-51.385895
2855.841064	-50.540737
2858.532715	-51.195976
2861.224365	-50.381374
2863.916016	-51.115910
2866.607666	-51.425137
2869.299316	-49.177223
2871.990967	-50.425808
2874.682617	-50.613625
2877.374268	-51.234459
2880.065918	-49.956528
2882.757568	-50.958290
2885.449219	-52.147995
2888.140869	-51.088055
2890.832520	-48.957481
2893.524170	-49.014896
2896.215820	-49.627857
2898.907471	-49.169689
2901.599121	-49.179932
2904.290771	-48.299030
2906.982422	-48.099781
2909.674072	-48.374664
2912.365723	-48.232765
2915.057373	-48.256577
2917.749023	-46.956470
2920.440674	-46.641457
2923.132324	-47.361843
2925.823975	-47.923676
2928.515625	-45.403950
2931.207275	-46.250526
2933.898926	-46.001598
2936.590576	-45.831051
2939.282227	-45.783451
2941.973877	-46.472481
2944.665527	-45.925114
2947.357178	-44.601555
2950.048828	-44.880657
2952.740479	-42.752541
2955.432129	-42.409103
2958.123779	-42.078274
2960.815430	-42.177311
2963.507080	-43.516312
2966.198730	-42.562126
2968.890381	-41.336929
2971.582031	-41.863625
2974.273682	-41.878391
2976.965332	-40.863476
2979.656982	-41.789658
2982.348633	-41.353970
2985.040283	-41.360191
2987.731934	-40.998714
2990.423584	-41.209641
2993.115234	-42.469738
2995.806885	-42.318996
2998.498535	-41.873127
3001.190186	-42.145168
3003.881836	-44.148476
3006.573486	-44.226761
3009.265137	-43.451897
3011.956787	-45.210648
3014.648438	-44.226246
3017.340088	-44.076664
3020.031738	-44.752148
3022.723389	-45.338177
3025.415039	-44.239746
3028.106689	-46.183746
3030.798340	-47.592918
3033.489990	-47.858147
3036.181641	-48.502365
3038.873291	-48.075588
3041.564941	-47.590961
3044.256592	-49.331776
3046.948242	-49.593334
3049.639893	-47.320911
3052.331543	-48.092556
3055.023193	-48.861954
3057.714844	-48.534821
3060.406494	-49.014446
3063.098145	-49.952682
3065.789795	-48.164650
3068.481445	-51.558533
3071.173096	-51.382614
3073.864746	-49.130928
3076.556396	-49.890686
3079.248047	-50.926975
3081.939697	-50.674057
3084.631348	-50.899406
3087.322998	-49.581165
3090.014648	-48.733875
3092.706299	-50.741383
3095.397949	-51.487217
3098.089600	-50.901741
3100.781250	-50.548668
3103.472900	-51.660709
3106.164551	-51.034027
3108.856201	-51.241199
3111.547852	-49.733486
3114.239502	-51.915192
3116.931152	-51.192272
3119.622803	-50.867363
3122.314453	-51.373775
3125.006104	-51.278072
3127.697754	-51.703156
3130.389404	-51.259247
3133.081055	-52.540184
3135.772705	-52.602345
3138.464355	-52.365669
3141.156006	-51.736282
3143.847656	-52.569874
3146.539307	-51.789757
3149.230957	-51.696243
3151.922607	-52.950104
3154.614258	-52.057079
3157.305908	-50.395222
3159.997559	-52.313648
3162.689209	-51.631462
3165.380859	-52.390747
3168.072510	-51.969349
3170.764160	-52.061672
3173.455811	-51.673306
3176.147461	-51.185886
3178.839111	-52.714146
3181.530762	-50.750057
3184.222412	-51.434345
3186.914062	-51.229729
3189.605713	-51.962002
3192.297363	-51.224850
3194.989014	-50.663116
3197.680664	-50.402962
3200.372314	-51.172436
3203.063965	-51.258568
3205.755615	-50.567627
3208.447266	-50.117531
3211.138916	-50.069897
3213.830566	-49.826061
3216.522217	-48.950844
3219.213867	-48.709347
3221.905518	-49.530293
3224.597168	-49.230198
3227.288818	-48.328854
3229.980469	-48.872757
3232.672119	-50.214722
3235.363770	-49.349873
3238.055420	-49.133026
3240.747070	-49.164833
3243.438721	-48.522274
3246.130371	-48.420395
3248.822021	-46.959103
3251.513672	-46.822453
3254.205322	-45.535561
3256.896973	-46.635921
3259.588623	-45.767471
3262.280273	-46.601128
3264.971924	-45.783001
3267.663574	-44.556751
3270.355225	-43.966454
3273.046875	-44.013195
3275.738525	-43.916176
3278.430176	-44.980118
3281.121826	-43.739170
3283.813477	-41.768646
3286.505127	-43.811451
3289.196777	-42.732494
3291.888428	-41.795387
3294.580078	-40.534256
3297.271729	-41.513145
3299.963379	-41.002968
3302.655029	-40.063240
3305.346680	-40.791416
3308.038330	-41.727932
3310.729980	-42.012783
3313.421631	-42.558567
3316.113281	-41.896580
3318.804932	-42.449238
3321.496582	-41.515312
3324.188232	-43.898746
3326.879883	-43.450420
3329.571533	-42.471241
3332.263184	-44.323204
3334.954834	-43.053169
3337.646484	-44.746796
3340.338135	-44.177391
3343.029785	-45.447811
3345.721436	-44.805214
3348.413086	-46.397064
3351.104736	-47.246304
3353.796387	-47.475552
3356.488037	-47.896992
3359.179688	-45.844028
3361.871338	-46.836060
3364.562988	-46.558144
3367.254639	-48.398499
3369.946289	-47.534904
3372.637939	-49.712223
3375.329590	-47.829079
3378.021240	-48.393764
3380.712891	-49.183903
3383.404541	-48.293312
3386.096191	-48.737041
3388.787842	-49.718655
3391.479492	-50.257301
3394.171143	-50.013794
3396.862793	-48.956669
3399.554443	-49.856857
3402.246094	-51.321892
3404.937744	-52.049484
3407.629395	-50.141655
3410.321045	-51.536072
3413.012695	-50.606808
3415.704346	-50.630020
3418.395996	-51.292145
3421.087646	-51.189121
3423.779297	-50.412506
3426.470947	-51.647102
3429.162598	-50.887333
3431.854248	-51.166115
3434.545898	-51.266346
3437.237549	-51.706367
3439.929199	-52.096027
3442.620850	-50.415432
3445.312500	-51.254879
3448.004150	-51.615494
3450.695801	-51.876144
3453.387451	-53.106098
3456.079102	-51.871063
3458.770752	-50.868488
3461.462402	-51.711487
3464.154053	-52.041462
3466.845703	-51.088848
3469.537354	-50.888214
3472.229004	-52.038662
3474.920654	-51.083282
3477.612305	-52.058502
3480.303955	-51.592049
3482.995605	-51.101032
3485.687256	-52.172245
3488.378906	-50.758308
3491.070557	-51.417797
3493.762207	-51.083141
3496.453857	-52.262867
3499.145508	-52.471344
3501.837158	-50.810371
3504.528809	-51.508705
3507.220459	-51.648987
3509.912109	-50.815681
3512.603760	-50.381500
3515.295410	-49.863594
3517.987061	-50.662155
3520.678711	-51.354618
3523.370361	-50.682404
3526.062012	-50.010414
3528.753662	-51.081921
3531.445312	-52.110680
3534.136963	-51.420456
3536.828613	-49.016445
3539.520264	-49.995998
3542.211914	-49.244183
3544.903564	-48.895618
3547.595215	-49.962551
3550.286865	-48.837288
3552.978516	-49.272751
3555.670166	-47.832085
3558.361816	-48.079456
3561.053467	-48.432640
3563.745117	-49.062691
3566.436768	-48.583344
3569.128418	-49.249149
3571.820068	-47.660931
3574.511719	-47.739147
3577.203369	-46.845509
3579.895020	-46.875946
3582.586670	-46.983871
3585.278320	-45.714382
3587.969971	-44.657124
3590.661621	-44.404484
3593.353271	-45.032764
3596.044922	-44.797043
3598.736572	-44.973026
3601.428223	-44.463810
3604.119873	-43.925865
3606.811523	-45.102982
3609.503174	-43.601780
3612.194824	-42.783928
3614.886475	-42.311226
3617.578125	-41.153656
3620.269775	-42.665596
3622.961426	-40.278637
3625.653076	-41.143772
3628.344727	-40.666927
3631.036377	-40.819584
3633.728027	-40.770340
3636.419678	-41.127209
3639.111328	-41.259304
3641.802979	-41.327953
3644.494629	-44.500656
3647.186279	-42.135670
3649.877930	-41.966591
3652.569580	-43.282360
3655.261230	-42.954609
3657.952881	-43.215958
3660.644531	-42.661140
3663.336182	-43.782372
3666.027832	-44.543327
3668.719482	-44.211197
3671.411133	-45.362190
3674.102783	-44.056511
3676.794434	-45.590687
3679.486084	-45.852123
3682.177734	-46.877083
3684.869385	-46.856888
3687.561035	-47.113026
3690.252686	-47.414696
3692.944336	-47.584393
3695.635986	-49.058540
3698.327637	-47.088604
3701.019287	-48.728046
3703.710938	-50.021080
3706.402588	-49.974293
3709.094238	-48.878853
3711.785889	-48.283314
3714.477539	-49.503166
3717.169189	-50.470932
3719.860840	-49.516380
3722.552490	-50.461784
3725.244141	-49.784325
3727.935791	-50.187145
3730.627441	-51.596455
3733.319092	-52.024368
3736.010742	-49.848640
3738.702393	-50.672031
3741.394043	-51.357590
3744.085693	-52.115086
3746.777344	-51.031963
3749.468994	-51.460159
3752.160645	-51.137508
3754.852295	-50.024399
3757.543945	-51.840702
3760.235596	-51.953484
3762.927246	-52.206650
3765.618896	-51.034088
3768.310547	-51.883259
3771.002197	-51.697651
3773.693848	-52.145885
3776.385498	-52.581028
3779.077148	-51.257576
3781.768799	-52.342781
3784.460449	-52.024948
3787.152100	-51.961727
3789.843750	-53.199558
3792.535400	-53.126884
3795.227051	-52.503002
3797.918701	-53.335709
3800.610352	-51.777355
3803.302002	-52.482105
3805.993652	-51.734581
3808.685303	-51.565907
3811.376953	-51.950592
3814.068604	-52.705883
3816.760254	-51.874645
3819.451904	-50.974014
3822.143555	-51.332237
3824.835205	-51.286873
3827.526855	-51.229893
3830.218506	-52.970947
3832.910156	-52.012787
3835.601807	-50.840626
3838.293457	-51.812622
3840.985107	-50.446228
3843.676758	-50.494022
3846.368408	-51.122631
3849.060059	-51.608177
3851.751709	-51.119392
3854.443359	-49.592449
3857.135010	-52.716228
3859.826660	-51.282314
3862.518311	-50.395164
3865.209961	-49.659725
3867.901611	-50.621052
3870.593262	-50.470333
3873.284912	-50.226273
3875.976562	-49.284920
3878.668213	-49.655281
3881.359863	-49.352184
3884.051514	-49.653885
3886.743164	-49.711475
3889.434814	-48.571457
3892.126465	-48.510002
3894.818115	-48.289600
3897.509766	-46.789608
3900.201416	-47.563503
3902.893066	-48.412540
3905.584717	-45.380703
3908.276367	-46.419384
3910.968018	-45.893230
3913.659668	-45.567883
3916.351318	-44.239769
3919.042969	-45.082443
3921.734619	-43.134495
3924.426270	-43.905849
3927.117920	-44.891117
3929.809570	-43.937916
3932.501221	-43.308769
3935.192871	-42.087109
3937.884521	-42.454376
3940.576172	-41.755154
3943.267822	-42.419510
3945.959473	-41.897579
3948.651123	-42.278534
3951.342773	-41.108513
3954.034424	-39.906284
3956.726074	-40.907993
3959.417725	-42.030533
3962.109375	-41.097771
3964.801025	-40.438477
3967.492676	-41.025471
3970.184326	-41.121273
3972.875977	-41.796261
3975.567627	-42.036423
3978.259277	-42.281860
3980.950928	-43.343124
3983.642578	-42.784084
3986.334229	-44.731808
3989.025879	-44.166733
3991.717529	-44.551216
3994.409180	-44.572826
3997.100830	-44.036655
3999.792480	-45.742901
4002.484131	-46.389881
4005.175781	-46.399460
4007.867432	-48.123852
4010.559082	-46.920940
4013.250732	-49.562630
4015.942383	-47.689491
4018.634033	-47.817398
4021.325684	-49.055698
4024.017334	-47.168266
4026.708984	-47.735268
4029.400635	-48.217678
4032.092285	-48.312462
4034.783936	-48.870872
4037.475586	-49.799103
4040.167236	-48.651859
4042.858887	-49.709728
4045.550537	-49.226688
4048.242188	-49.931446
4050.933838	-49.852577
4053.625488	-50.037937
4056.317139	-50.167694
4059.008789	-50.815491
4061.700439	-51.326698
4064.392090	-51.917606
4067.083740	-51.449162
4069.775391	-53.193146
4072.467041	-51.586830
4075.158691	-51.402458
4077.850342	-53.900810
4080.541992	-51.277050
4083.233643	-51.551483
4085.925293	-51.105957
4088.616943	-51.759571
4091.308594	-51.794048
4094.000244	-52.542393
4096.691895	-51.234592
4099.383545	-51.365761
4102.075195	-51.733665
4104.766846	-51.531506
4107.458496	-50.771214
4110.150146	-52.535088
4112.841797	-51.814503
4115.533447	-52.143295
4118.225098	-52.375034
4120.916748	-50.926743
4123.608398	-52.071846
4126.300049	-52.226719
4128.991699	-52.729385
4131.683350	-51.390274
4134.375000	-51.389217
4137.066650	-52.615799
4139.758301	-52.466152
4142.449951	-52.019192
4145.141602	-52.410545
4147.833252	-52.909367
4150.524902	-50.829674
4153.216553	-50.734520
4155.908203	-51.995659
4158.599854	-52.483276
4161.291504	-50.702549
4163.983154	-50.948334
4166.674805	-50.809772
4169.366455	-50.577801
4172.058105	-50.998280
4174.749756	-50.284882
4177.441406	-51.422894
4180.133057	-50.465633
4182.824707	-50.139881
4185.516357	-50.481785
4188.208008	-50.384823
4190.899658	-48.882164
4193.591309	-49.812664
4196.282959	-50.663837
4198.974609	-49.454357
4201.666260	-48.877388
4204.357910	-47.885689
4207.049561	-48.948509
4209.741211	-47.463745
4212.432861	-49.135902
4215.124512	-46.773624
4217.816162	-48.418610
4220.507812	-46.905849
4223.199463	-46.993000
4225.891113	-47.177299
4228.582764	-45.451694
4231.274414	-46.982204
4233.966064	-45.993713
4236.657715	-46.844223
4239.349365	-44.523891
4242.041016	-45.446423
4244.732666	-44.968498
4247.424316	-43.548271
4250.115967	-44.376984
4252.807617	-43.380924
4255.499268	-44.235184
4258.190918	-43.452713
4260.882568	-43.111286
4263.574219	-42.564537
4266.265869	-41.621361
4268.957520	-41.551815
4271.649170	-39.805927
4274.340820	-40.205727
4277.032471	-40.990395
4279.724121	-40.785736
4282.415771	-40.923588
4285.107422	-40.979885
4287.799072	-40.749317
4290.490723	-42.457401
4293.182373	-41.081802
4295.874023	-41.588554
4298.565674	-41.163658
4301.257324	-42.586159
4303.948975	-43.372334
4306.640625	-43.402340
4309.332275	-43.905094
4312.023926	-43.671154
4314.715576	-43.276131
4317.407227	-44.268394
4320.098877	-45.038803
4322.790527	-45.128574
4325.482178	-44.598400
4328.173828	-44.655045
4330.865479	-45.989864
4333.557129	-45.701698
4336.248779	-45.910667
4338.940430	-45.965687
4341.632080	-47.121929
4344.323730	-47.451733
4347.015381	-47.023289
4349.707031	-46.962841
4352.398682	-48.376560
4355.090332	-48.314819
4357.781982	-47.737606
4360.473633	-48.750488
4363.165283	-49.066769
4365.856934	-48.596222
4368.548584	-48.831604
4371.240234	-49.351387
4373.931885	-49.352844
4376.623535	-49.036964
4379.315186	-50.190426
4382.006836	-49.056335
4384.698486	-48.765186
4387.390137	-50.320301
4390.081787	-48.248653
4392.773438	-49.847767
4395.465088	-49.808270
4398.156738	-50.699219
4400.848389	-50.330700
4403.540039	-50.649551
4406.231689	-49.640762
4408.923340	-50.273239
4411.614990	-49.924992
4414.306641	-51.139202
4416.998291	-50.810135
4419.689941	-50.288086
4422.381592	-49.488068
4425.073242	-49.822754
4427.764893	-49.050022
4430.456543	-51.806564
4433.148193	-51.682060
4435.839844	-50.087204
4438.531494	-50.411446
4441.223145	-50.917946
4443.914795	-50.996204
4446.606445	-50.962471
4449.298096	-51.193115
4451.989746	-49.354595
4454.681396	-49.750896
4457.373047	-50.864944
4460.064697	-51.101040
4462.756348	-49.807354
4465.447998	-51.490891
4468.139648	-49.858852
4470.831299	-49.940182
4473.522949	-50.561146
4476.214600	-49.542622
4478.906250	-50.928234
4481.597900	-50.264370
4484.289551	-49.914948
4486.981201	-49.510128
4489.672852	-48.988861
4492.364502	-48.138897
4495.056152	-48.621613
4497.747803	-48.405174
4500.439453	-49.843472
4503.131104	-48.015842
4505.822754	-47.932030
4508.514404	-47.699638
4511.206055	-48.041580
4513.897705	-47.968399
4516.589355	-48.570942
4519.281006	-48.223606
4521.972656	-47.186676
4524.664307	-48.569649
4527.355957	-47.849270
4530.047607	-47.757664
4532.739258	-47.102726
4535.430908	-47.815338
4538.122559	-47.686916
4540.814209	-47.345394
4543.505859	-46.085079
4546.197510	-45.082359
4548.889160	-45.548779
4551.580811	-45.278557
4554.272461	-45.312859
4556.964111	-44.822922
4559.655762	-43.337509
4562.347412	-44.166813
4565.039062	-44.047096
4567.730713	-43.425186
4570.422363	-43.032848
4573.114014	-40.876785
4575.805664	-41.453152
4578.497314	-41.409130
4581.188965	-40.715862
4583.880615	-39.903946
4586.572266	-40.927925
4589.263916	-39.748890
4591.955566	-40.271332
4594.647217	-40.506386
4597.338867	-40.083553
4600.030518	-40.147480
4602.722168	-40.302265
4605.413818	-39.300171
4608.105469	-40.064995
4610.797119	-38.902431
4613.488770	-38.860222
4616.180420	-39.818642
4618.872070	-39.580734
4621.563721	-40.404716
4624.255371	-41.844326
4626.947021	-40.832191
4629.638672	-39.314281
4632.330322	-40.600475
4635.021973	-41.824608
4637.713623	-42.483170
4640.405273	-42.885365
4643.096924	-42.982735
4645.788574	-41.946609
4648.480225	-42.524906
4651.171875	-44.192654
4653.863525	-46.288494
4656.555176	-44.959095
4659.246826	-43.095272
4661.938477	-44.872799
4664.630127	-46.029900
4667.321777	-45.184544
4670.013428	-44.280834
4672.705078	-46.886013
4675.396729	-46.816982
4678.088379	-46.272156
4680.780029	-46.424763
4683.471680	-46.748447
4686.163330	-47.068157
4688.854980	-47.457462
4691.546631	-47.921104
4694.238281	-47.415306
4696.929932	-47.456074
4699.621582	-48.394028
4702.313232	-48.534309
4705.004883	-48.807648
4707.696533	-47.550156
4710.388184	-46.543678
4713.079834	-47.841030
4715.771484	-47.565838
4718.463135	-48.517731
4721.154785	-49.028740
4723.846436	-51.043468
4726.538086	-49.110340
4729.229736	-49.345261
4731.921387	-49.193394
4734.613037	-48.527531
4737.304688	-48.631973
4739.996338	-49.648849
4742.687988	-50.830242
4745.379639	-49.032143
4748.071289	-49.153111
4750.762939	-51.460312
4753.454590	-47.248245
4756.146240	-48.562988
4758.837891	-48.273441
4761.529541	-48.903698
4764.221191	-49.665627
4766.912842	-48.655296
4769.604492	-49.623657
4772.296143	-49.924465
4774.987793	-50.476837
4777.679443	-49.535946
4780.371094	-48.620075
4783.062744	-49.097893
4785.754395	-49.745068
4788.446045	-49.635162
4791.137695	-49.811287
4793.829346	-49.337284
4796.520996	-48.998421
4799.212646	-49.324081
4801.904297	-48.807415
4804.595947	-47.661335
4807.287598	-50.914429
4809.979248	-48.319416
4812.670898	-49.610867
4815.362549	-47.247974
4818.054199	-46.728565
4820.745850	-49.145164
4823.437500	-47.510426
4826.129150	-49.587006
4828.820801	-48.254845
4831.512451	-47.929245
4834.204102	-47.484653
4836.895752	-48.275219
4839.587402	-47.857822
4842.279053	-47.086887
4844.970703	-48.323051
4847.662354	-46.466908
4850.354004	-46.445114
4853.045654	-46.541836
4855.737305	-45.688984
4858.428955	-46.418247
4861.120605	-46.400936
4863.812256	-46.190243
4866.503906	-45.690697
4869.195557	-45.229473
4871.887207	-44.444351
4874.578857	-44.637856
4877.270508	-45.250923
4879.962158	-45.544758
4882.653809	-44.658554
4885.345459	-45.114033
4888.037109	-43.039444
4890.728760	-43.691963
4893.420410	-43.274788
4896.112061	-44.376911
4898.803711	-43.400524
4901.495361	-42.574322
4904.187012	-41.459812
4906.878662	-41.156670
4909.570312	-41.679176
4912.261963	-40.745480
4914.953613	-41.420570
4917.645264	-41.298836
4920.336914	-40.530727
4923.028564	-40.983414
4925.720215	-39.053165
4928.411865	-41.207520
4931.103516	-39.717999
4933.795166	-40.330967
4936.486816	-39.941486
4939.178467	-40.939602
4941.870117	-40.890915
4944.561768	-40.701717
4947.253418	-41.185749
4949.945068	-40.679981
4952.636719	-41.499500
4955.328369	-41.391830
4958.020020	-41.348560
4960.711670	-43.613300
4963.403320	-42.986286
4966.094971	-42.847546
4968.786621	-44.032825
4971.478271	-43.821312
4974.169922	-44.251858
4976.861572	-44.670483
4979.553223	-46.459827
4982.244873	-44.716827
4984.936523	-44.319477
4987.628174	-45.507839
4990.319824	-46.897984
4993.011475	-47.185345
4995.703125	-46.717739
4998.394775	-46.964214
5001.086426	-47.037159
5003.778076	-46.398037
5006.469727	-46.720196
5009.161377	-47.469704
5011.853027	-47.910362
5014.544678	-46.921371
5017.236328	-47.464466
5019.927979	-47.774120
5022.619629	-47.445461
5025.311279	-48.934277
5028.002930	-49.287067
5030.694580	-50.487732
5033.386230	-48.547588
5036.077881	-48.942822
5038.769531	-48.447350
5041.461182	-49.108047
5044.152832	-51.320442
5046.844482	-50.008213
5049.536133	-50.626614
5052.227783	-50.367622
5054.919434	-50.566097
5057.611084	-50.439034
5060.302734	-50.775368
5062.994385	-50.234291
5065.686035	-51.256672
5068.377686	-51.480579
5071.069336	-51.437325
5073.760986	-51.026814
5076.452637	-49.956989
5079.144287	-50.720360
5081.835938	-50.661644
5084.527588	-52.402344
5087.219238	-51.277252
5089.910889	-50.321545
5092.602539	-49.997608
5095.294189	-48.714100
5097.985840	-49.769119
5100.677490	-50.681881
5103.369141	-49.604633
5106.060791	-50.299213
5108.752441	-49.913551
5111.444092	-49.032097
5114.135742	-51.523293
5116.827393	-50.179588
5119.519043	-51.008549
5122.210693	-51.697777
5124.902344	-49.621220
5127.593994	-49.417484
5130.285645	-49.367752
5132.977295	-50.081585
5135.668945	-49.822815
5138.360596	-49.606720
5141.052246	-50.727444
5143.743896	-49.636753
5146.435547	-50.337986
5149.127197	-49.632313
5151.818848	-49.095280
5154.510498	-48.807064
5157.202148	-49.384144
5159.893799	-49.627926
5162.585449	-49.084133
5165.277100	-48.345325
5167.968750	-48.617355
5170.660400	-49.312916
5173.352051	-48.584080
5176.043701	-49.340782
5178.735352	-49.900646
5181.427002	-49.661316
5184.118652	-49.108513
5186.810303	-48.936436
5189.501953	-46.319187
5192.193604	-46.817860
5194.885254	-47.023605
5197.576904	-46.688663
5200.268555	-47.484009
5202.960205	-48.096687
5205.651855	-46.390129
5208.343506	-47.527706
5211.035156	-45.107307
5213.726807	-45.086678
5216.418457	-45.270382
5219.110107	-46.717247
5221.801758	-46.694458
5224.493408	-46.156658
5227.185059	-45.934975
5229.876709	-45.076584
5232.568359	-43.709785
5235.260010	-43.421070
5237.951660	-44.487499
5240.643311	-44.512321
5243.334961	-44.058228
5246.026611	-43.579952
5248.718262	-45.345310
5251.409912	-44.095695
5254.101562	-43.516701
5256.793213	-43.761395
5259.484863	-43.175137
5262.176514	-43.285652
5264.868164	-43.764435
5267.559814	-43.387325
5270.251465	-43.214081
5272.943115	-43.983307
5275.634766	-43.895916
5278.326416	-43.938629
5281.018066	-44.016911
5283.709717	-45.279087
5286.401367	-45.678024
5289.093018	-45.758900
5291.784668	-45.985313
5294.476318	-46.441322
5297.167969	-47.017956
5299.859619	-46.119167
5302.551270	-45.841263
5305.242920	-47.002834
5307.934570	-47.840767
5310.626221	-47.233471
5313.317871	-47.138248
5316.009521	-46.505173
5318.701172	-46.675507
5321.392822	-47.421181
5324.084473	-46.907745
5326.776123	-49.220631
5329.467773	-49.983719
5332.159424	-49.385445
5334.851074	-49.762447
5337.542725	-51.111660
5340.234375	-49.019913
5342.926025	-50.361320
5345.617676	-50.246990
5348.309326	-50.321030
5351.000977	-49.747253
5353.692627	-50.498711
5356.384277	-51.473530
5359.075928	-51.158230
5361.767578	-50.907978
5364.459229	-50.941750
5367.150879	-50.676060
5369.842529	-51.737892
5372.534180	-50.682510
5375.225830	-51.525311
5377.917480	-51.419704
5380.609131	-51.451664
5383.300781	-52.234257
5385.992432	-51.569431
5388.684082	-51.428108
5391.375732	-52.667107
5394.067383	-51.524445
5396.759033	-51.715099
5399.450684	-50.743164
5402.142334	-51.727951
5404.833984	-51.600471
5407.525635	-51.840908
5410.217285	-52.375790
5412.908936	-51.448792
5415.600586	-52.595123
5418.292236	-51.781563
5420.983887	-51.728680
5423.675537	-53.083450
5426.367188	-51.566643
5429.058838	-51.795788
5431.750488	-50.502819
5434.442139	-52.254444
5437.133789	-52.965866
5439.825439	-52.204086
5442.517090	-51.740601
5445.208740	-52.714302
5447.900391	-51.898228
5450.592041	-53.372311
5453.283691	-51.894039
5455.975342	-52.943966
5458.666992	-53.162216
5461.358643	-51.817074
5464.050293	-50.164978
5466.741943	-51.766499
5469.433594	-52.851349
5472.125244	-51.494930
5474.816895	-51.681038
5477.508545	-52.786430
5480.200195	-53.976906
5482.891846	-51.342247
5485.583496	-50.441586
5488.275146	-51.108326
5490.966797	-51.699745
5493.658447	-50.851231
5496.350098	-50.870255
5499.041748	-49.269642
5501.733398	-51.155113
5504.425049	-51.324627
5507.116699	-49.361656
5509.808350	-49.123421
5512.500000	-51.061470
5515.191650	-49.233841
5517.883301	-48.495228
5520.574951	-48.885521
5523.266602	-49.314594
5525.958252	-50.417492
5528.649902	-47.818790
5531.341553	-47.931625
5534.033203	-49.209709
5536.724854	-47.548157
5539.416504	-48.375946
5542.108154	-48.279881
5544.799805	-48.993649
5547.491455	-48.926037
5550.183105	-48.009171
5552.874756	-47.790810
5555.566406	-46.839214
5558.258057	-46.284874
5560.949707	-46.150436
5563.641357	-46.154419
5566.333008	-47.380962
5569.024658	-46.062733
5571.716309	-45.918411
5574.407959	-47.405327
5577.099609	-47.440434
5579.791260	-46.239319
5582.482910	-45.758427
5585.174561	-46.177010
5587.866211	-46.384621
5590.557861	-45.532722
5593.249512	-46.307476
5595.941162	-44.129734
5598.632812	-45.857452
5601.324463	-47.405437
5604.016113	-46.902969
5606.707764	-48.346264
5609.399414	-47.861969
5612.091064	-46.935944
5614.782715	-48.226494
5617.474365	-48.893654
5620.166016	-47.627705
5622.857666	-48.418713
5625.549316	-47.879379
5628.240967	-48.157078
5630.932617	-48.369850
5633.624268	-48.371258
5636.315918	-49.690968
5639.007568	-50.688606
5641.699219	-50.777859
5644.390869	-50.142365
5647.082520	-49.606339
5649.774170	-49.540329
5652.465820	-49.987698
5655.157471	-50.571083
5657.849121	-49.347713
5660.540771	-50.653278
5663.232422	-49.845665
5665.924072	-50.806515
5668.615723	-50.309998
5671.307373	-50.822289
5673.999023	-52.002926
5676.690674	-51.006447
5679.382324	-50.489979
5682.073975	-50.321926
5684.765625	-52.937580
5687.457275	-51.294670
5690.148926	-52.337833
5692.840576	-52.214233
5695.532227	-53.443272
5698.223877	-53.001385
5700.915527	-52.432953
5703.607178	-53.317745
5706.298828	-51.828156
5708.990479	-53.177452
5711.682129	-54.579399
5714.373779	-53.303707
5717.065430	-52.447906
5719.757080	-53.863426
5722.448730	-53.871208
5725.140381	-53.324028
5727.832031	-53.353249
5730.523682	-52.295052
5733.215332	-52.980064
5735.906982	-53.116238
5738.598633	-53.609062
5741.290283	-52.021946
5743.981934	-53.114830
5746.673584	-52.481777
5749.365234	-53.720127
5752.056885	-53.120850
5754.748535	-52.130184
5757.440186	-53.091354
5760.131836	-53.007374
5762.823486	-53.598919
5765.515137	-54.762787
5768.206787	-53.737827
5770.898438	-52.622501
5773.590088	-53.203243
5776.281738	-52.783623
5778.973389	-52.755291
5781.665039	-52.830139
5784.356689	-53.636330
5787.048340	-53.703060
5789.739990	-52.687515
5792.431641	-52.554104
5795.123291	-53.784004
5797.814941	-52.643936
5800.506592	-53.829464
5803.198242	-53.716827
5805.889893	-51.978420
5808.581543	-54.121288
5811.273193	-51.236294
5813.964844	-50.507656
5816.656494	-52.363640
5819.348145	-51.293396
5822.039795	-52.577892
5824.731445	-51.471840
5827.423096	-52.082306
5830.114746	-52.091045
5832.806396	-51.840427
5835.498047	-51.963982
5838.189697	-51.806278
5840.881348	-51.794277
5843.572998	-52.264477
5846.264648	-51.161209
5848.956299	-50.337151
5851.647949	-51.735680
5854.339600	-52.135574
5857.031250	-50.823017
5859.722900	-50.197845
5862.414551	-49.178432
5865.106201	-49.194641
5867.797852	-50.229019
5870.489502	-50.728336
5873.181152	-49.365261
5875.872803	-48.579800
5878.564453	-47.840988
5881.256104	-50.371269
5883.947754	-47.656750
5886.639404	-48.929958
5889.331055	-48.264389
5892.022705	-48.619488
5894.714355	-48.876572
5897.406006	-49.994366
5900.097656	-50.035118
5902.789307	-47.292809
5905.480957	-47.773808
5908.172607	-48.296001
5910.864258	-47.317974
5913.555908	-47.140297
5916.247559	-48.393208
5918.939209	-47.482803
5921.630859	-46.584129
5924.322510	-47.420620
5927.014160	-47.368088
5929.705811	-46.641300
5932.397461	-48.106327
5935.089111	-47.397709
5937.780762	-47.838593
5940.472412	-48.038242
5943.164062	-48.587822
5945.855713	-48.675823
5948.547363	-48.009647
5951.239014	-49.195183
5953.930664	-49.317997
5956.622314	-48.169479
5959.313965	-50.603210
5962.005615	-50.319721
5964.697266	-49.862484
5967.388916	-48.827171
5970.080566	-49.479153
5972.772217	-49.642700
5975.463867	-50.485310
5978.155518	-50.113716
5980.847168	-50.621506
5983.538818	-49.156357
5986.230469	-49.206188
5988.922119	-49.642662
5991.613770	-50.078983
5994.305420	-50.616776
5996.997070	-50.361408
5999.688721	-51.372200
6002.380371	-51.413559
6005.072021	-52.147541
6007.763672	-51.331249
6010.455322	-51.548450
6013.146973	-52.530746
6015.838623	-50.926575
6018.530273	-52.569981
6021.221924	-52.735687
6023.913574	-52.539284
6026.605225	-52.840847
6029.296875	-52.540031
6031.988525	-52.914131
6034.680176	-52.771038
6037.371826	-53.700863
6040.063477	-52.975250
6042.755127	-53.461090
6045.446777	-53.133442
6048.138428	-52.122227
6050.830078	-53.359276
6053.521729	-53.259262
6056.213379	-53.174419
6058.905029	-52.788597
6061.596680	-54.544678
6064.288330	-53.206673
6066.979980	-53.116787
6069.671631	-53.304543
6072.363281	-53.418655
6075.054932	-53.161232
6077.746582	-52.521523
6080.438232	-53.263134
6083.129883	-53.192394
6085.821533	-54.131142
6088.513184	-53.787518
6091.204834	-53.052742
6093.896484	-55.000542
6096.588135	-51.994007
6099.279785	-54.151047
6101.971436	-53.844288
6104.663086	-52.875950
6107.354736	-54.473072
6110.046387	-54.970558
6112.738037	-55.709671
6115.429688	-54.548176
6118.121338	-53.178673
6120.812988	-53.329006
6123.504639	-52.327469
6126.196289	-53.992508
6128.887939	-52.750816
6131.579590	-53.950230
6134.271240	-53.661537
6136.962891	-52.673180
6139.654541	-52.370350
6142.346191	-53.522491
6145.037842	-53.379753
6147.729492	-52.415012
6150.421143	-51.914726
6153.112793	-52.653282
6155.804443	-51.897907
6158.496094	-53.339428
6161.187744	-53.151352
6163.879395	-52.789074
6166.571045	-53.020874
6169.262695	-53.802143
6171.954346	-52.301422
6174.645996	-51.944656
6177.337646	-52.272167
6180.029297	-50.417515
6182.720947	-52.434792
6185.412598	-51.140320
6188.104248	-51.942696
6190.795898	-50.744934
6193.487549	-50.214191
6196.179199	-49.166271
6198.870850	-48.826855
6201.562500	-50.525791
6204.254150	-49.839764
6206.945801	-48.869495
6209.637451	-49.118134
6212.329102	-50.030502
6215.020752	-48.907803
6217.712402	-49.973431
6220.404053	-48.611591
6223.095703	-48.581440
6225.787354	-48.525436
6228.479004	-47.606709
6231.170654	-47.650078
6233.862305	-48.249958
6236.553955	-48.184181
6239.245605	-48.951420
6241.937256	-48.437511
6244.628906	-49.371307
6247.320557	-48.821270
6250.012207	-49.288353
6252.703857	-48.012547
6255.395508	-47.575294
6258.087158	-48.151470
6260.778809	-48.960308
6263.470459	-48.858269
6266.162109	-48.544315
6268.853760	-47.375778
6271.545410	-49.261551
6274.237061	-46.922127
6276.928711	-47.654072
6279.620361	-49.276573
6282.312012	-49.012733
6285.003662	-47.074398
6287.695312	-48.939686
6290.386963	-49.245892
6293.078613	-48.559963
6295.770264	-49.275070
6298.461914	-49.696144
6301.153564	-49.235447
6303.845215	-49.007236
6306.536865	-49.254856
6309.228516	-49.962391
6311.920166	-49.249226
6314.611816	-50.152233
6317.303467	-51.436600
6319.995117	-50.732582
6322.686768	-50.793201
6325.378418	-51.039337
6328.070068	-50.882408
6330.761719	-51.137093
6333.453369	-50.714050
6336.145020	-51.814926
6338.836670	-51.652840
6341.528320	-52.047527
6344.219971	-51.281437
6346.911621	-53.309879
6349.603271	-53.142704
6352.294922	-52.460369
6354.986572	-51.505814
6357.678223	-52.668175
6360.369873	-52.114735
6363.061523	-52.318550
6365.753174	-53.117439
6368.444824	-52.641556
6371.136475	-53.504612
6373.828125	-51.799240
6376.519775	-52.939964
6379.211426	-53.271240
6381.903076	-53.312050
6384.594727	-54.332561
6387.286377	-52.977551
6389.978027	-53.646214
6392.669678	-54.509094
6395.361328	-53.196007
6398.052979	-53.337318
6400.744629	-53.670444
6403.436279	-53.443733
6406.127930	-53.351501
6408.819580	-53.359589
6411.511230	-53.312798
6414.202881	-53.064358
6416.894531	-53.978359
6419.586182	-53.336926
6422.277832	-54.136604
6424.969482	-53.322964
6427.661133	-54.493229
6430.352783	-53.638283
6433.044434	-53.417885
6435.736084	-52.934700
6438.427734	-52.330727
6441.119385	-53.924835
6443.811035	-54.191162
6446.502686	-53.538918
6449.194336	-52.852322
6451.885986	-53.667953
6454.577637	-54.591530
6457.269287	-54.093338
6459.960938	-53.911518
6462.652588	-52.711414
6465.344238	-51.865253
6468.035889	-53.766640
6470.727539	-53.101177
6473.419189	-52.487717
6476.110840	-51.910809
6478.802490	-53.536434
6481.494141	-52.872375
6484.185791	-51.984985
6486.877441	-52.696560
6489.569092	-51.300129
6492.260742	-52.338234
6494.952393	-50.709782
6497.644043	-52.090179
6500.335693	-51.674267
6503.027344	-52.670021
6505.718994	-50.855541
6508.410645	-52.203125
6511.102295	-51.459255
6513.793945	-50.787552
6516.485596	-52.187790
6519.177246	-51.443485
6521.868896	-50.714298
6524.560547	-50.668205
6527.252197	-50.828297
6529.943848	-50.157566
6532.635498	-49.485256
6535.327148	-51.323006
6538.018799	-50.379593
6540.710449	-49.831421
6543.402100	-48.656403
6546.093750	-48.015945
6548.785400	-48.679241
6551.477051	-49.408916
6554.168701	-47.085728
6556.860352	-49.527687
6559.552002	-48.782520
6562.243652	-49.240211
6564.935303	-48.876961
6567.626953	-48.379742
6570.318604	-47.740166
6573.010254	-47.720566
6575.701904	-47.564289
6578.393555	-48.107525
6581.085205	-47.495667
6583.776855	-48.261024
6586.468506	-46.635197
6589.160156	-46.531704
6591.851807	-46.780853
6594.543457	-47.565296
6597.235107	-46.771107
6599.926758	-47.106876
6602.618408	-48.538666
6605.310059	-46.800667
6608.001709	-48.256851
6610.693359	-47.607189
6613.385010	-47.768051
6616.076660	-46.996620
6618.768311	-49.853363
6621.459961	-47.681870
6624.151611	-48.579075
6626.843262	-49.792549
6629.534912	-49.320358
6632.226562	-49.435646
6634.918213	-50.714676
6637.609863	-48.723801
6640.301514	-50.295059
6642.993164	-50.942753
6645.684814	-50.379135
6648.376465	-50.849819
6651.068115	-50.388466
6653.759766	-50.739044
6656.451416	-50.698738
6659.143066	-50.562038
6661.834717	-51.710407
6664.526367	-53.068466
6667.218018	-51.842445
6669.909668	-51.194195
6672.601318	-50.521717
6675.292969	-50.708515
6677.984619	-52.397461
6680.676270	-53.205273
6683.367920	-51.769043
6686.059570	-52.271530
6688.751221	-51.416988
6691.442871	-52.773060
6694.134521	-53.414982
6696.826172	-52.933376
6699.517822	-52.473728
6702.209473	-52.499996
6704.901123	-53.145706
6707.592773	-53.712559
6710.284424	-52.130444
6712.976074	-52.138325
6715.667725	-51.960754
6718.359375	-52.745106
6721.051025	-52.200260
6723.742676	-53.389484
6726.434326	-53.171772
6729.125977	-52.991455
6731.817627	-53.993671
6734.509277	-55.572670
6737.200928	-53.442379
6739.892578	-53.089554
6742.584229	-54.530323
6745.275879	-54.332367
6747.967529	-53.129658
6750.659180	-52.892872
6753.350830	-54.033314
6756.042480	-53.104179
6758.734131	-52.109867
6761.425781	-51.392792
6764.117432	-51.876846
6766.809082	-53.366299
6769.500732	-53.417488
6772.192383	-51.888489
6774.884033	-52.552505
6777.575684	-53.548100
6780.267334	-53.987236
6782.958984	-52.976765
6785.650635	-52.354504
6788.342285	-53.151356
6791.033936	-54.918320
6793.725586	-54.596107
6796.417236	-55.009319
6799.108887	-52.698399
6801.800537	-52.467842
6804.492188	-52.606079
6807.183838	-52.170170
6809.875488	-51.618526
6812.567139	-52.863174
6815.258789	-52.076473
6817.950439	-51.935707
6820.642090	-52.024288
6823.333740	-52.837070
6826.025391	-53.978508
6828.717041	-50.367184
6831.408691	-52.932705
6834.100342	-52.978783
6836.791992	-51.348866
6839.483643	-49.857414
6842.175293	-52.082993
6844.866943	-50.729836
6847.558594	-50.323788
6850.250244	-50.737827
6852.941895	-51.355602
6855.633545	-49.538193
6858.325195	-50.545792
6861.016846	-49.548203
6863.708496	-50.151512
6866.400146	-49.260147
6869.091797	-49.586689
6871.783447	-48.419399
6874.475098	-49.062248
6877.166748	-48.823101
6879.858398	-48.102909
6882.550049	-48.840698
6885.241699	-47.723965
6887.933350	-48.262398
6890.625000	-46.636230
6893.316650	-47.838215
6896.008301	-48.471256
6898.699951	-46.679100
6901.391602	-46.365383
6904.083252	-47.492985
6906.774902	-47.382935
6909.466553	-47.877922
6912.158203	-46.595009
6914.849854	-47.876640
6917.541504	-46.863701
6920.233154	-47.322269
6922.924805	-45.780773
6925.616455	-46.414555
6928.308105	-47.005501
6930.999756	-47.971645
6933.691406	-45.869976
6936.383057	-48.335434
6939.074707	-47.106613
6941.766357	-47.845127
6944.458008	-47.917011
6947.149658	-47.658302
6949.841309	-48.416061
6952.532959	-48.193092
6955.224609	-48.794930
6957.916260	-48.095474
6960.607910	-49.874420
6963.299561	-49.066452
6965.991211	-49.500805
6968.682861	-50.059795
6971.374512	-48.873962
6974.066162	-51.481873
6976.757812	-51.067242
6979.449463	-51.509861
6982.141113	-49.719147
6984.832764	-50.001579
6987.524414	-50.743576
6990.216064	-50.828224
6992.907715	-50.796043
6995.599365	-50.363228
6998.291016	-51.082371
7000.982666	-51.106621
7003.674316	-51.079346
7006.365967	-51.264816
7009.057617	-52.109035
7011.749268	-51.510197
7014.440918	-51.568634
7017.132568	-51.194744
7019.824219	-52.210186
7022.515869	-53.194614
7025.207520	-54.169308
7027.899170	-52.569599
7030.590820	-51.861824
7033.282471	-52.372627
7035.974121	-52.564907
7038.665771	-52.156975
7041.357422	-51.880653
7044.049072	-53.569183
7046.740723	-52.430054
7049.432373	-53.508770
7052.124023	-54.395630
7054.815674	-53.940994
7057.507324	-53.639565
7060.198975	-53.360306
7062.890625	-54.102024
7065.582275	-52.291538
7068.273926	-51.818062
7070.965576	-53.163120
7073.657227	-53.812233
7076.348877	-53.104355
7079.040527	-53.904514
7081.732178	-54.608635
7084.423828	-53.467270
7087.115479	-52.849861
7089.807129	-53.471901
7092.498779	-53.799984
7095.190430	-52.192234
7097.882080	-51.731491
7100.573730	-52.803135
7103.265381	-52.342419
7105.957031	-52.601715
7108.648682	-52.675560
7111.340332	-52.117577
7114.031982	-53.548470
7116.723633	-52.121975
7119.415283	-53.004902
7122.106934	-53.493225
7124.798584	-51.725948
7127.490234	-52.338818
7130.181885	-51.381672
7132.873535	-52.174839
7135.565186	-53.041649
7138.256836	-51.846684
7140.948486	-51.688499
7143.640137	-52.168629
7146.331787	-52.146942
7149.023438	-51.534740
7151.715088	-52.081429
7154.406738	-50.980015
7157.098389	-51.450001
7159.790039	-51.372204
7162.481689	-51.077866
7165.173340	-50.193634
7167.864990	-50.336651
7170.556641	-50.666283
7173.248291	-50.125397
7175.939941	-50.207607
7178.631592	-50.753468
7181.323242	-50.430328
7184.014893	-49.102394
7186.706543	-51.004448
7189.398193	-49.610752
7192.089844	-48.644119
7194.781494	-49.440727
7197.473145	-47.643478
7200.164795	-50.075356
7202.856445	-49.461632
7205.548096	-49.035488
7208.239746	-48.685215
7210.931396	-48.207928
7213.623047	-47.646503
7216.314697	-46.672840
7219.006348	-47.996845
7221.697998	-46.985970
7224.389648	-48.509018
7227.081299	-47.239071
7229.772949	-46.092609
7232.464600	-46.050293
7235.156250	-46.232590
7237.847900	-47.188164
7240.539551	-47.569588
7243.231201	-46.263275
7245.922852	-47.289097
7248.614502	-46.947041
7251.306152	-46.786015
7253.997803	-46.673489
7256.689453	-47.317406
7259.381104	-47.639507
7262.072754	-46.652618
7264.764404	-48.564770
7267.456055	-48.386765
7270.147705	-47.864861
7272.839355	-47.006298
7275.531006	-47.670193
7278.222656	-47.963860
7280.914307	-49.025333
7283.605957	-47.891209
7286.297607	-47.771877
7288.989258	-48.889397
7291.680908	-49.651421
7294.372559	-49.114849
7297.064209	-49.234699
7299.755859	-49.554558
7302.447510	-49.750534
7305.139160	-51.293800
7307.830811	-51.637039
7310.522461	-50.053055
7313.214111	-50.204697
7315.905762	-49.593433
7318.597412	-50.168789
7321.289062	-50.495136
7323.980713	-51.012726
7326.672363	-51.441959
7329.364014	-51.668758
7332.055664	-50.779606
7334.747314	-51.335598
7337.438965	-50.825680
7340.130615	-52.726921
7342.822266	-52.417862
7345.513916	-51.930527
7348.205566	-52.466824
7350.897217	-51.832203
7353.588867	-53.337231
7356.280518	-53.338455
7358.972168	-53.006657
7361.663818	-52.361137
7364.355469	-52.311848
7367.047119	-52.067432
7369.738770	-52.594898
7372.430420	-52.944813
7375.122070	-52.656033
7377.813721	-52.506634
7380.505371	-51.903683
7383.197021	-53.907719
7385.888672	-52.228794
7388.580322	-53.540607
7391.271973	-53.512451
7393.963623	-53.543156
7396.655273	-53.603390
7399.346924	-52.953190
7402.038574	-53.648678
7404.730225	-54.105835
7407.421875	-52.795471
7410.113525	-52.619003
7412.805176	-52.261780
7415.496826	-54.483921
7418.188477	-53.821201
7420.880127	-52.819584
7423.571777	-53.206440
7426.263428	-53.707123
7428.955078	-52.955490
7431.646729	-54.568470
7434.338379	-52.504951
7437.030029	-53.342419
7439.721680	-53.503956
7442.413330	-52.536995
7445.104980	-52.278725
7447.796631	-52.874626
7450.488281	-52.282391
7453.179932	-52.169659
7455.871582	-53.578548
7458.563232	-52.809231
7461.254883	-51.948986
7463.946533	-51.437458
7466.638184	-52.623177
7469.329834	-51.865040
7472.021484	-51.484638
7474.713135	-51.709522
7477.404785	-51.515488
7480.096436	-51.396606
7482.788086	-52.734795
7485.479736	-51.925545
7488.171387	-51.696373
7490.863037	-50.329674
7493.554688	-49.877022
7496.246338	-49.897629
7498.937988	-51.259132
7501.629639	-50.267952
7504.321289	-49.618736
7507.012939	-49.673424
7509.704590	-49.615211
7512.396240	-49.992813
7515.087891	-49.228584
7517.779541	-49.254509
7520.471191	-50.461704
7523.162842	-48.847904
7525.854492	-48.031509
7528.546143	-49.411243
7531.237793	-48.104870
7533.929443	-47.794277
7536.621094	-48.021332
7539.312744	-48.468979
7542.004395	-46.941856
7544.696045	-47.433941
7547.387695	-49.366314
7550.079346	-47.268192
7552.770996	-46.909672
7555.462646	-46.736713
7558.154297	-45.873966
7560.845947	-46.721302
7563.537598	-47.185970
7566.229248	-47.434605
7568.920898	-45.805759
7571.612549	-45.911625
7574.304199	-46.415569
7576.995850	-46.290154
7579.687500	-47.937984
7582.379150	-47.692394
7585.070801	-47.383907
7587.762451	-48.284672
7590.454102	-48.296043
7593.145752	-47.076763
7595.837402	-47.522236
7598.529053	-48.108543
7601.220703	-47.743561
7603.912354	-47.052120
7606.604004	-48.475849
7609.295654	-48.438950
7611.987305	-47.587929
7614.678955	-48.975689
7617.370605	-48.827774
7620.062256	-48.814140
7622.753906	-49.435909
7625.445557	-51.013302
7628.137207	-50.328255
7630.828857	-49.363724
7633.520508	-49.969360
7636.212158	-50.636425
7638.903809	-50.346878
7641.595459	-50.814358
7644.287109	-50.346153
7646.978760	-50.175507
7649.670410	-51.462727
7652.362061	-50.889877
7655.053711	-52.335094
7657.745361	-51.510738
7660.437012	-50.832581
7663.128662	-51.895279
7665.820312	-51.031158
7668.511963	-51.338406
7671.203613	-50.962479
7673.895264	-50.617699
7676.586914	-51.017921
7679.278564	-51.141285
7681.970215	-51.126656
7684.661865	-51.278984
7687.353516	-53.198284
7690.045166	-51.839897
7692.736816	-51.739632
7695.428467	-51.788525
7698.120117	-52.915562
7700.811768	-53.117882
7703.503418	-52.125553
7706.195068	-51.644356
7708.886719	-52.597763
7711.578369	-53.061646
7714.270020	-53.412220
7716.961670	-53.352634
7719.653320	-53.301006
7722.344971	-54.044743
7725.036621	-51.524857
7727.728271	-53.558090
7730.419922	-52.614834
7733.111572	-51.644264
7735.803223	-53.897884
7738.494873	-53.025425
7741.186523	-54.206299
7743.878174	-51.968678
7746.569824	-51.503036
7749.261475	-52.802441
7751.953125	-52.423622
7754.644775	-52.582180
7757.336426	-51.445538
7760.028076	-51.481297
7762.719727	-52.986538
7765.411377	-53.019524
7768.103027	-52.546494
7770.794678	-52.267735
7773.486328	-52.359814
7776.177979	-53.086899
7778.869629	-52.484634
7781.561279	-51.687920
7784.252930	-52.304691
7786.944580	-52.055344
7789.636230	-52.614513
7792.327881	-52.480545
7795.019531	-50.928196
7797.711182	-51.043667
7800.402832	-52.265141
7803.094482	-52.090530
7805.786133	-52.271233
7808.477783	-50.636723
7811.169434	-51.449829
7813.861084	-50.371052
7816.552734	-50.928238
7819.244385	-49.538094
7821.936035	-51.920673
7824.627686	-50.066936
7827.319336	-51.233826
7830.010986	-50.387329
7832.702637	-49.255455
7835.394287	-50.857460
7838.085938	-49.126831
7840.777588	-49.616791
7843.469238	-49.606636
7846.160889	-47.884399
7848.852539	-48.361504
7851.544189	-49.092560
7854.235840	-48.740959
7856.927490	-47.676891
7859.619141	-47.728764
7862.310791	-47.591755
7865.002441	-47.674091
7867.694092	-47.963249
7870.385742	-46.759754
7873.077393	-47.085442
7875.769043	-47.800694
7878.460693	-46.601910
7881.152344	-47.439266
7883.843994	-46.532890
7886.535645	-47.971844
7889.227295	-47.104649
7891.918945	-47.636166
7894.610596	-46.644611
7897.302246	-46.025673
7899.993896	-46.471516
7902.685547	-45.823067
7905.377197	-47.655224
7908.068848	-47.145569
7910.760498	-46.426144
7913.452148	-46.696354
7916.143799	-46.482071
7918.835449	-46.037243
7921.527100	-46.955315
7924.218750	-47.901600
7926.910400	-47.516106
7929.602051	-47.603359
7932.293701	-47.477283
7934.985352	-47.694927
7937.677002	-47.755299
7940.368652	-48.445644
7943.060303	-49.070286
7945.751953	-48.859264
7948.443604	-49.058819
7951.135254	-49.943230
7953.826904	-48.126579
7956.518555	-48.933853
7959.210205	-48.829830
7961.901855	-49.580360
7964.593506	-49.786743
7967.285156	-50.396801
7969.976807	-51.009388
7972.668457	-49.455574
7975.360107	-50.357384
7978.051758	-50.356560
7980.743408	-49.431171
7983.435059	-50.780640
7986.126709	-50.521999
7988.818359	-50.077927
7991.510010	-50.353474
7994.201660	-51.466621
7996.893311	-51.216389
7999.584961	-51.156517
8002.276611	-51.566921
8004.968262	-51.466576
8007.659912	-50.462559
8010.351562	-52.223114
8013.043213	-52.606682
8015.734863	-52.140217
8018.426514	-52.035152
8021.118164	-52.281902
8023.809814	-51.817776
8026.501465	-52.256500
8029.193115	-52.856987
8031.884766	-52.952034
8034.576416	-53.192787
8037.268066	-52.947838
8039.959717	-51.708569
8042.651367	-52.664005
8045.343018	-54.119823
8048.034668	-52.095821
8050.726318	-52.146774
8053.417969	-52.442604
8056.109619	-52.343487
8058.801270	-54.246243
8061.492920	-52.910065
8064.184570	-53.461147
8066.876221	-52.624012
8069.567871	-53.126404
8072.259521	-51.681797
8074.951172	-52.830940
8077.642822	-52.239651
8080.334473	-52.316315
8083.026123	-52.632927
8085.717773	-51.912651
8088.409424	-51.337456
8091.101074	-51.376369
8093.792725	-52.721107
8096.484375	-51.843792
8099.176025	-51.691147
8101.867676	-51.708241
8104.559326	-52.458088
8107.250977	-51.632309
8109.942627	-52.007313
8112.634277	-52.178646
8115.325928	-50.006542
8118.017578	-51.441830
8120.709229	-49.794495
8123.400879	-51.490990
8126.092529	-52.267204
8128.784180	-51.543610
8131.475830	-51.121838
8134.167480	-50.117111
8136.859131	-51.816078
8139.550781	-51.095543
8142.242432	-51.308331
8144.934082	-49.903271
8147.625732	-49.993759
8150.317383	-49.573112
8153.009033	-50.989872
8155.700684	-49.192669
8158.392334	-49.805920
8161.083984	-49.215771
8163.775635	-49.913502
8166.467285	-50.514824
8169.158936	-49.536194
8171.850586	-48.379242
8174.542236	-48.188793
8177.233887	-48.708782
8179.925537	-49.082455
8182.617188	-47.912907
8185.308838	-47.144943
8188.000488	-47.339890
8190.692139	-47.988075
8193.383789	-47.911953
8196.075439	-47.161804
8198.767090	-47.001705
8201.458740	-47.683125
8204.150391	-45.192101
8206.842041	-46.424191
8209.533691	-46.896492
8212.225342	-46.670837
8214.916992	-46.299637
8217.608643	-47.247692
8220.300293	-46.034554
8222.991943	-46.773399
8225.683594	-46.345341
8228.375244	-46.537018
8231.066895	-46.257389
8233.758545	-46.548817
8236.450195	-47.600300
8239.141846	-46.377590
8241.833496	-46.413162
8244.525146	-47.622555
8247.216797	-47.284393
8249.908447	-47.130032
8252.600098	-47.632702
8255.291748	-48.002464
8257.983398	-47.516216
8260.675049	-47.495708
8263.366699	-47.571793
8266.058350	-48.693401
8268.750000	-48.137100
8271.441650	-48.625217
8274.133301	-47.353649
8276.824951	-48.837147
8279.516602	-50.568367
8282.208252	-49.007355
8284.899902	-50.324402
8287.591553	-49.722584
8290.283203	-49.972321
8292.974854	-49.529263
8295.666504	-50.370598
8298.358154	-49.677391
8301.049805	-50.130009
8303.741455	-49.800831
8306.433105	-50.105637
8309.124756	-51.177948
8311.816406	-51.939957
8314.508057	-51.298477
8317.199707	-51.890911
8319.891357	-51.820068
8322.583008	-52.231651
8325.274658	-51.787910
8327.966309	-52.055084
8330.657959	-52.644798
8333.349609	-51.585487
8336.041260	-50.936756
8338.732910	-52.870892
8341.424561	-51.823803
8344.116211	-50.502090
8346.807861	-51.473118
8349.499512	-51.796978
8352.191162	-51.186283
8354.882812	-51.119923
8357.574463	-52.004906
8360.266113	-52.652679
8362.957764	-53.495224
8365.649414	-52.649017
8368.341064	-53.573936
8371.032715	-54.162014
8373.724365	-53.568150
8376.416016	-52.253159
8379.107666	-52.648342
8381.799316	-53.102638
8384.490967	-52.361553
8387.182617	-51.745693
8389.874268	-52.894302
8392.565918	-52.233433
8395.257568	-52.910423
8397.949219	-53.415588
8400.640869	-52.061974
8403.332520	-52.718567
8406.024170	-52.051086
8408.715820	-53.176617
8411.407471	-52.656982
8414.099121	-52.107807
8416.790771	-52.702953
8419.482422	-52.800510
8422.174072	-52.783928
8424.865723	-52.514946
8427.557373	-51.913418
8430.249023	-50.943897
8432.940674	-51.788670
8435.632324	-50.596935
8438.323975	-52.347847
8441.015625	-50.312412
8443.707275	-51.301762
8446.398926	-51.013840
8449.090576	-50.925434
8451.782227	-51.118340
8454.473877	-49.928894
8457.165527	-50.680706
8459.857178	-52.898575
8462.548828	-51.644569
8465.240479	-51.365482
8467.932129	-49.918938
8470.623779	-50.455685
8473.315430	-49.789749
8476.007080	-50.139759
8478.698730	-51.761101
8481.390381	-50.863079
8484.082031	-49.714214
8486.773682	-48.844509
8489.465332	-50.895092
8492.156982	-50.215153
8494.848633	-49.414505
8497.540283	-49.717690
8500.231934	-48.618813
8502.923584	-48.663361
8505.615234	-47.875072
8508.306885	-48.017159
8510.998535	-47.694202
8513.690186	-47.254410
8516.381836	-47.842579
8519.073486	-47.624241
8521.765137	-46.791367
8524.456787	-46.212219
8527.148438	-47.381321
8529.840088	-47.342457
8532.531738	-46.706535
8535.223389	-47.131760
8537.915039	-46.774162
8540.606689	-46.675339
8543.298340	-46.560528
8545.989990	-46.332199
8548.681641	-46.307495
8551.373291	-47.644279
8554.064941	-47.912983
8556.756592	-46.960442
8559.448242	-46.874222
8562.139893	-47.063644
8564.831543	-47.277473
8567.523193	-48.248409
8570.214844	-47.692764
8572.906494	-48.330547
8575.598145	-47.439514
8578.289795	-46.941036
8580.981445	-47.083458
8583.673096	-48.701630
8586.364746	-47.906158
8589.056396	-48.290951
8591.748047	-48.778492
8594.439697	-48.483208
8597.131348	-48.272888
8599.822998	-49.016300
8602.514648	-48.242878
8605.206299	-49.304722
8607.897949	-48.655289
8610.589600	-48.565720
8613.281250	-49.680946
8615.972900	-49.800587
8618.664551	-50.063446
8621.356201	-50.697964
8624.047852	-49.571293
8626.739502	-48.617348
8629.431152	-50.116604
8632.122803	-49.360249
8634.814453	-49.444214
8637.506104	-49.993290
8640.197754	-50.225872
8642.889404	-50.695488
8645.581055	-49.695358
8648.272705	-51.857460
8650.964355	-52.084034
8653.656006	-51.149525
8656.347656	-50.565937
8659.039307	-50.877422
8661.730957	-51.417084
8664.422607	-51.329815
8667.114258	-52.308636
8669.805908	-52.239395
8672.497559	-51.396336
8675.189209	-51.660786
8677.880859	-51.784508
8680.572510	-52.656601
8683.264160	-52.827904
8685.955811	-52.621910
8688.647461	-51.284653
8691.339111	-52.077080
8694.030762	-51.698101
8696.722412	-52.113098
8699.414062	-52.355301
8702.105713	-51.496780
8704.797363	-51.193810
8707.489014	-53.310936
8710.180664	-53.145237
8712.872314	-53.494370
8715.563965	-51.892445
8718.255615	-50.588333
8720.947266	-52.839115
8723.638916	-53.718266
8726.330566	-52.788723
8729.022217	-53.441689
8731.713867	-51.202129
8734.405518	-51.413097
8737.097168	-51.532200
8739.788818	-52.831856
8742.480469	-51.129677
8745.172119	-50.995770
8747.863770	-52.502464
8750.555420	-51.338608
8753.247070	-50.524254
8755.938721	-51.300465
8758.630371	-51.202602
8761.322021	-50.916340
8764.013672	-50.751549
8766.705322	-50.242870
8769.396973	-50.193188
8772.088623	-49.469383
8774.780273	-50.241703
8777.471924	-49.984154
8780.163574	-49.954872
8782.855225	-51.595627
8785.546875	-50.194016
8788.238525	-50.342251
8790.930176	-50.234097
8793.621826	-48.927998
8796.313477	-48.708042
8799.005127	-49.435417
8801.696777	-50.283955
8804.388428	-50.130226
8807.080078	-48.402996
8809.771729	-49.142441
8812.463379	-48.333275
8815.155029	-47.814960
8817.846680	-48.396614
8820.538330	-47.419594
8823.229980	-47.261333
8825.921631	-48.296089
8828.613281	-48.987583
8831.304932	-48.645348
8833.996582	-47.234573
8836.688232	-48.349754
8839.379883	-46.945782
8842.071533	-46.323723
8844.763184	-46.592091
8847.454834	-46.993767
8850.146484	-47.422474
8852.838135	-47.455616
8855.529785	-47.074398
8858.221436	-46.007832
8860.913086	-45.861984
8863.604736	-46.498508
8866.296387	-45.822548
8868.988037	-46.561920
8871.679688	-46.671150
8874.371338	-45.780430
8877.062988	-45.739426
8879.754639	-46.497406
8882.446289	-46.334393
8885.137939	-45.889851
8887.829590	-45.276249
8890.521240	-47.843819
8893.212891	-47.613907
8895.904541	-47.309864
8898.596191	-46.285088
8901.287842	-46.727074
8903.979492	-46.768215
8906.671143	-46.757790
8909.362793	-47.352303
8912.054443	-47.626965
8914.746094	-48.269753
8917.437744	-46.886909
8920.129395	-47.888157
8922.821045	-47.044708
8925.512695	-48.010410
8928.204346	-47.165958
8930.895996	-49.907726
8933.587646	-47.950512
8936.279297	-50.027225
8938.970947	-49.489357
8941.662598	-48.685913
8944.354248	-49.671753
8947.045898	-49.395138
8949.737549	-50.340279
8952.429199	-48.972832
8955.120850	-49.610638
8957.812500	-49.190826
8960.504150	-50.545891
8963.195801	-50.212620
8965.887451	-49.671185
8968.579102	-48.884094
8971.270752	-50.756325
8973.962402	-50.332119
8976.654053	-50.486134
8979.345703	-50.951187
8982.037354	-50.087578
8984.729004	-50.048611
8987.420654	-49.935337
8990.112305	-50.887573
8992.803955	-52.814419
8995.495605	-51.533043
8998.187256	-51.667068
9000.878906	-50.342720
9003.570557	-51.078167
9006.262207	-51.721630
9008.953857	-51.134060
9011.645508	-51.340778
9014.337158	-51.567139
9017.028809	-51.825970
9019.720459	-51.410011
9022.412109	-51.907364
9025.103760	-51.921169
9027.795410	-51.507996
9030.487061	-51.274975
9033.178711	-52.357170
9035.870361	-51.412159
9038.562012	-51.324032
9041.253662	-51.774593
9043.945312	-53.130188
9046.636963	-52.295444
9049.328613	-52.669186
9052.020264	-50.560841
9054.711914	-51.228760
9057.403564	-49.475666
9060.095215	-50.587040
9062.786865	-51.881371
9065.478516	-49.518341
9068.170166	-49.558887
9070.861816	-51.424850
9073.553467	-51.323784
9076.245117	-49.564682
9078.936768	-49.598476
9081.628418	-51.274933
9084.320068	-50.932770
9087.011719	-50.060535
9089.703369	-51.189194
9092.395020	-49.005157
9095.086670	-51.123211
9097.778320	-51.119553
9100.469971	-49.687717
9103.161621	-49.374317
9105.853271	-49.190689
9108.544922	-51.364552
9111.236572	-51.319859
9113.928223	-49.345829
9116.619873	-49.104633
9119.311523	-48.867046
9122.003174	-48.912075
9124.694824	-48.463009
9127.386475	-49.343540
9130.078125	-48.694370
9132.769775	-48.082333
9135.461426	-48.651180
9138.153076	-50.237850
9140.844727	-50.363361
9143.536377	-48.313290
9146.228027	-48.310558
9148.919678	-48.319973
9151.611328	-48.630085
9154.302979	-47.581436
9156.994629	-48.076244
9159.686279	-47.146069
9162.377930	-48.229340
9165.069580	-46.913441
9167.761230	-46.681667
9170.452881	-46.729813
9173.144531	-48.139271
9175.836182	-46.767170
9178.527832	-46.494568
9181.219482	-46.039925
9183.911133	-46.747559
9186.602783	-45.963940
9189.294434	-46.024384
9191.986084	-46.138668
9194.677734	-46.239101
9197.369385	-46.096680
9200.061035	-45.881138
9202.752686	-46.195690
9205.444336	-46.224598
9208.135986	-46.188160
9210.827637	-45.939384
9213.519287	-46.986393
9216.210938	-47.231541
9218.902588	-45.740253
9221.594238	-46.585674
9224.285889	-46.234932
9226.977539	-45.917881
9229.669189	-46.408527
9232.360840	-46.914684
9235.052490	-47.041111
9237.744141	-46.432251
9240.435791	-47.034111
9243.127441	-47.763069
9245.819092	-47.662003
9248.510742	-47.875534
9251.202393	-48.234402
9253.894043	-46.783913
9256.585693	-49.845806
9259.277344	-48.770885
9261.968994	-48.297165
9264.660645	-48.324150
9267.352295	-50.275787
9270.043945	-48.994751
9272.735596	-47.339333
9275.427246	-49.565342
9278.118896	-49.134789
9280.810547	-48.075817
9283.502197	-49.617207
9286.193848	-48.482613
9288.885498	-48.782280
9291.577148	-48.337254
9294.268799	-48.520222
9296.960449	-49.123905
9299.652100	-49.111855
9302.343750	-48.910896
9305.035400	-50.917435
9307.727051	-50.564983
9310.418701	-50.015068
9313.110352	-49.142654
9315.802002	-49.358322
9318.493652	-50.088913
9321.185303	-49.377041
9323.876953	-51.195217
9326.568604	-49.306084
9329.260254	-49.579708
9331.951904	-50.942783
9334.643555	-50.301640
9337.335205	-51.753067
9340.026855	-50.604820
9342.718506	-51.416935
9345.410156	-50.067192
9348.101807	-51.178082
9350.793457	-50.375008
9353.485107	-50.916447
9356.176758	-50.850491
9358.868408	-50.903839
9361.560059	-48.510166
9364.251709	-49.618099
9366.943359	-50.994705
9369.635010	-49.300934
9372.326660	-50.553871
9375.018311	-50.694405
9377.709961	-50.577892
9380.401611	-51.546818
9383.093262	-49.818001
9385.784912	-49.982948
9388.476562	-50.046864
9391.168213	-50.457352
9393.859863	-50.741245
9396.551514	-50.552269
9399.243164	-50.038860
9401.934814	-50.512901
9404.626465	-50.153637
9407.318115	-49.060665
9410.009766	-49.777431
9412.701416	-50.154671
9415.393066	-51.362896
9418.084717	-49.269066
9420.776367	-50.995277
9423.468018	-50.067535
9426.159668	-49.775364
9428.851318	-49.716167
9431.542969	-49.340096
9434.234619	-48.587746
9436.926270	-50.040520
9439.617920	-48.703030
9442.309570	-48.954868
9445.001221	-48.142326
9447.692871	-47.598087
9450.384521	-50.266354
9453.076172	-47.788979
9455.767822	-48.006680
9458.459473	-49.170517
9461.151123	-48.822533
9463.842773	-48.645935
9466.534424	-47.711063
9469.226074	-47.257084
9471.917725	-47.441826
9474.609375	-49.450508
9477.301025	-47.710316
9479.992676	-47.741962
9482.684326	-47.463108
9485.375977	-47.227558
9488.067627	-47.246548
9490.759277	-46.616043
9493.450928	-46.194702
9496.142578	-46.373466
9498.834229	-45.640968
9501.525879	-46.454594
9504.217529	-46.725239
9506.909180	-47.070019
9509.600830	-46.976540
9512.292480	-46.523716
9514.984131	-47.065899
9517.675781	-46.030903
9520.367432	-44.981598
9523.059082	-45.191277
9525.750732	-45.694481
9528.442383	-45.977940
9531.134033	-46.643345
9533.825684	-45.282738
9536.517334	-45.988708
9539.208984	-46.401695
9541.900635	-46.990181
9544.592285	-45.254009
9547.283936	-45.857220
9549.975586	-45.956688
9552.667236	-47.395710
9555.358887	-46.496460
9558.050537	-48.458809
9560.742188	-45.867523
9563.433838	-46.909935
9566.125488	-46.528358
9568.817139	-45.769985
9571.508789	-47.448452
9574.200439	-47.261272
9576.892090	-47.383667
9579.583740	-46.241188
9582.275391	-47.236462
9584.967041	-47.200844
9587.658691	-48.115917
9590.350342	-47.888535
9593.041992	-47.073936
9595.733643	-48.540966
9598.425293	-48.515285
9601.116943	-48.899628
9603.808594	-49.361881
9606.500244	-48.550217
9609.191895	-48.244247
9611.883545	-49.653896
9614.575195	-48.710720
9617.266846	-49.566288
9619.958496	-50.507343
9622.650146	-48.955082
9625.341797	-48.359436
9628.033447	-49.601429
9630.725098	-50.945576
9633.416748	-50.114613
9636.108398	-48.755459
9638.800049	-48.909134
9641.491699	-49.948578
9644.183350	-49.493790
9646.875000	-50.070091
9649.566650	-49.616318
9652.258301	-48.847229
9654.949951	-51.240253
9657.641602	-49.601425
9660.333252	-48.202591
9663.024902	-50.962097
9665.716553	-49.705730
9668.408203	-50.029312
9671.099854	-50.942993
9673.791504	-50.427803
9676.483154	-49.659557
9679.174805	-50.811428
9681.866455	-49.925816
9684.558105	-50.584934
9687.249756	-51.695919
9689.941406	-50.182468
9692.633057	-49.368919
9695.324707	-50.855919
9698.016357	-51.257359
9700.708008	-50.187962
9703.399658	-51.050503
9706.091309	-50.952778
9708.782959	-49.184219
9711.474609	-50.883560
9714.166260	-50.895187
9716.857910	-50.400669
9719.549561	-49.315056
9722.241211	-50.218456
9724.932861	-51.127220
9727.624512	-50.939194
9730.316162	-49.980873
9733.007812	-49.200954
9735.699463	-50.058369
9738.391113	-50.005257
9741.082764	-50.698055
9743.774414	-50.311279
9746.466064	-49.851551
9749.157715	-49.019417
9751.849365	-49.205307
9754.541016	-48.860008
9757.232666	-48.902306
9759.924316	-49.268047
9762.615967	-50.315414
9765.307617	-49.540703
9767.999268	-49.035980
9770.690918	-48.695873
9773.382568	-48.917789
9776.074219	-49.214119
9778.765869	-48.063751
9781.457520	-48.188030
9784.149170	-47.587727
9786.840820	-47.147049
9789.532471	-49.031052
9792.224121	-47.618225
9794.915771	-47.184639
9797.607422	-48.948704
9800.299072	-48.304440
9802.990723	-46.832523
9805.682373	-46.370930
9808.374023	-48.592442
9811.065674	-48.478146
9813.757324	-46.356373
9816.448975	-46.228733
9819.140625	-46.260609
9821.832275	-46.126442
9824.523926	-47.917091
9827.215576	-46.914207
9829.907227	-46.321400
9832.598877	-47.192322
9835.290527	-46.699673
9837.982178	-45.236843
9840.673828	-46.506416
9843.365479	-45.827179
9846.057129	-46.171772
9848.748779	-46.490311
9851.440430	-45.685139
9854.132080	-46.342812
9856.823730	-44.749432
9859.515381	-48.055714
9862.207031	-47.053829
9864.898682	-45.726501
9867.590332	-47.377899
9870.281982	-45.100327
9872.973633	-46.462402
9875.665283	-46.696590
9878.356934	-46.820148
9881.048584	-46.816486
9883.740234	-46.906658
9886.431885	-47.457367
9889.123535	-45.630791
9891.815186	-46.139702
9894.506836	-47.625210
9897.198486	-48.188644
9899.890137	-46.080387
9902.581787	-47.796127
9905.273438	-48.187149
9907.965088	-47.782513
9910.656738	-47.120724
9913.348389	-47.759922
9916.040039	-47.532463
9918.731689	-48.961449
9921.423340	-48.861328
9924.114990	-47.587543
9926.806641	-50.432308
9929.498291	-48.866611
9932.189941	-49.012337
9934.881592	-49.356396
9937.573242	-48.490627
9940.264893	-49.189533
9942.956543	-49.667759
9945.648193	-49.625977
9948.339844	-50.710384
9951.031494	-49.785133
9953.723145	-48.629467
9956.414795	-49.504547
9959.106445	-49.610676
9961.798096	-48.799500
9964.489746	-50.378815
9967.181396	-51.678471
9969.873047	-50.115593
9972.564697	-49.579502
9975.256348	-49.615917
9977.947998	-51.280239
9980.639648	-50.899391
9983.331299	-50.500088
9986.022949	-49.877735
9988.714600	-50.890156
9991.406250	-51.123825
9994.097900	-51.718842
9996.789551	-49.846085
9999.481201	-50.603745
10002.172852	-50.909447
10004.864502	-50.696857
10007.556152	-50.203476
10010.247803	-49.545788
10012.939453	-50.062954
10015.631104	-50.263832
10018.322754	-50.331730
10021.014404	-49.002628
10023.706055	-48.969769
10026.397705	-50.180641
10029.089355	-50.503071
10031.781006	-52.459015
10034.472656	-50.944588
10037.164307	-51.798061
10039.855957	-50.717365
10042.547607	-51.331955
10045.239258	-51.525837
10047.930908	-51.245388
10050.622559	-51.513466
10053.314209	-50.760788
10056.005859	-51.362827
10058.697510	-50.159920
10061.389160	-50.896458
10064.080811	-51.700340
10066.772461	-50.857227
10069.464111	-51.467567
10072.155762	-50.715691
10074.847412	-51.067547
10077.539062	-51.666584
10080.230713	-50.357506
10082.922363	-50.779682
10085.614014	-51.689323
10088.305664	-50.667652
10090.997314	-49.480618
10093.688965	-51.222336
10096.380615	-50.262783
10099.072266	-48.540955
10101.763916	-50.014359
10104.455566	-50.722523
10107.147217	-49.618408
10109.838867	-48.746433
10112.530518	-49.187748
10115.222168	-49.323990
10117.913818	-49.851688
10120.605469	-49.412842
10123.297119	-49.488682
10125.988770	-47.472210
10128.680420	-47.986862
10131.372070	-49.223541
10134.063721	-47.950497
10136.755371	-49.390038
10139.447021	-48.738308
10142.138672	-48.048988
10144.830322	-49.004391
10147.521973	-50.023708
10150.213623	-48.729996
10152.905273	-47.913616
10155.596924	-49.183704
10158.288574	-48.510738
10160.980225	-47.472332
10163.671875	-48.129009
10166.363525	-48.495388
10169.055176	-47.202435
10171.746826	-47.873219
10174.438477	-48.703449
10177.130127	-47.484581
10179.821777	-48.448597
10182.513428	-47.767075
10185.205078	-47.901905
10187.896729	-47.625393
10190.588379	-48.067688
10193.280029	-48.349548
10195.971680	-48.965076
10198.663330	-47.448826
10201.354980	-48.579998
10204.046631	-48.938305
10206.738281	-48.790104
10209.429932	-48.962341
10212.121582	-48.366539
10214.813232	-48.119122
10217.504883	-49.852116
10220.196533	-49.340332
10222.888184	-48.904324
10225.579834	-49.613861
10228.271484	-49.944073
10230.963135	-50.642155
10233.654785	-50.756145
10236.346436	-50.292301
10239.038086	-49.935146
10241.729736	-51.532143
10244.421387	-50.834763
10247.113037	-51.016670
10249.804688	-51.013268
10252.496338	-49.654690
10255.187988	-50.120415
10257.879639	-50.815796
10260.571289	-50.706127
10263.262939	-50.939121
10265.954590	-50.974205
10268.646240	-51.523621
10271.337891	-51.044674
10274.029541	-52.702526
10276.721191	-50.999237
10279.412842	-52.117966
10282.104492	-52.586777
10284.796143	-52.248058
10287.487793	-52.285870
10290.179443	-52.141315
10292.871094	-51.348713
10295.562744	-52.899189
10298.254395	-53.650181
10300.946045	-52.479748
10303.637695	-52.251553
10306.329346	-53.278622
10309.020996	-52.614758
10311.712646	-52.544865
10314.404297	-52.435150
10317.095947	-52.962063
10319.787598	-53.735020
10322.479248	-51.838642
10325.170898	-53.357353
10327.862549	-53.996181
10330.554199	-52.660156
10333.245850	-53.516735
10335.937500	-52.255543
10338.629150	-53.159927
10341.320801	-53.563950
10344.012451	-52.876141
10346.704102	-54.837013
10349.395752	-54.085442
10352.087402	-52.946442
10354.779053	-53.520206
10357.470703	-53.719585
10360.162354	-53.036167
10362.854004	-52.749287
10365.545654	-53.042465
10368.237305	-53.288921
10370.928955	-54.714832
10373.620605	-54.480312
10376.312256	-54.354538
10379.003906	-53.528652
10381.695557	-54.201931
10384.387207	-53.633442
10387.078857	-53.865570
10389.770508	-54.458496
10392.462158	-54.680752
10395.153809	-54.358898
10397.845459	-53.379456
10400.537109	-53.409451
10403.228760	-54.580776
10405.920410	-53.093002
10408.612061	-55.058601
10411.303711	-54.334591
10413.995361	-53.528893
10416.687012	-53.944370
10419.378662	-53.960041
10422.070312	-53.164032
10424.761963	-54.872993
10427.453613	-55.188168
10430.145264	-54.445602
10432.836914	-54.025387
10435.528564	-53.207760
10438.220215	-53.720062
10440.911865	-53.328423
10443.603516	-53.989929
10446.295166	-53.570057
10448.986816	-54.765034
10451.678467	-53.520054
10454.370117	-53.134583
10457.061768	-53.097324
10459.753418	-53.673813
10462.445068	-53.241222
10465.136719	-54.730522
10467.828369	-53.782814
10470.520020	-52.750767
10473.211670	-53.612278
10475.903320	-54.141525
10478.594971	-52.649448
10481.286621	-52.982677
10483.978271	-52.655792
10486.669922	-54.071449
10489.361572	-52.818798
10492.053223	-52.961277
10494.744873	-53.611034
10497.436523	-54.739487
10500.128174	-55.317810
10502.819824	-53.933697
10505.511475	-53.182877
10508.203125	-53.705269
10510.894775	-52.934139
10513.586426	-54.501942
10516.278076	-53.280029
10518.969727	-54.395916
10521.661377	-54.034950
10524.353027	-54.644608
10527.044678	-53.602333
10529.736328	-55.053539
10532.427979	-54.814159
10535.119629	-54.634094
10537.811279	-54.492489
10540.502930	-55.216530
10543.194580	-55.779579
10545.886230	-56.794514
10548.577881	-55.589401
10551.269531	-56.557117
10553.961182	-56.223499
10556.652832	-56.834064
10559.344482	-56.490391
10562.036133	-57.008553
10564.727783	-55.632454
10567.419434	-56.312088
10570.111084	-56.921291
10572.802734	-55.620102
10575.494385	-58.334267
10578.186035	-57.495594
10580.877686	-57.807152
10583.569336	-58.823608
10586.260986	-56.734962
10588.952637	-56.142258
10591.644287	-58.861191
10594.335938	-57.036385
10597.027588	-58.025425
10599.719238	-58.242908
10602.410889	-58.404530
10605.102539	-57.481213
10607.794189	-58.925255
10610.485840	-59.043411
10613.177490	-59.327667
10615.869141	-59.285378
10618.560791	-60.100548
10621.252441	-60.897362
10623.944092	-59.270000
10626.635742	-60.057053
10629.327393	-59.538914
10632.019043	-60.854408
10634.710693	-60.798683
10637.402344	-60.989967
10640.093994	-61.101734
10642.785645	-61.295036
10645.477295	-60.841736
10648.168945	-60.498695
10650.860596	-62.214153
10653.552246	-61.644371
10656.243896	-61.287930
10658.935547	-61.017776
10661.627197	-60.579678
10664.318848	-62.300247
10667.010498	-62.239536
10669.702148	-62.115501
10672.393799	-62.648045
10675.085449	-62.637848
10677.777100	-62.865116
10680.468750	-62.372032
10683.160400	-64.155548
10685.852051	-62.126022
10688.543701	-62.259712
10691.235352	-63.006802
10693.927002	-62.989483
10696.618652	-63.363785
10699.310303	-62.665295
10702.001953	-63.047848
10704.693604	-62.332508
10707.385254	-63.868107
10710.076904	-63.788506
10712.768555	-64.156723
10715.460205	-62.974735
10718.151855	-64.057655
10720.843506	-64.125710
10723.535156	-64.329170
10726.226807	-63.275909
10728.918457	-64.355385
10731.610107	-64.330795
10734.301758	-63.878101
10736.993408	-62.629147
10739.685059	-64.945580
10742.376709	-63.887104
10745.068359	-63.933712
10747.760010	-65.576393
10750.451660	-63.980366
10753.143311	-64.262886
10755.834961	-63.792706
10758.526611	-64.517937
10761.218262	-62.994415
10763.909912	-65.293343
10766.601562	-63.940567
10769.293213	-64.804977
10771.984863	-64.119759
10774.676514	-64.581062
10777.368164	-67.050301
10780.059814	-65.141045
10782.751465	-64.637283
10785.443115	-64.548637
10788.134766	-65.230446
10790.826416	-64.949951
10793.518066	-66.088326
10796.209717	-65.013725
10798.901367	-65.099075
10801.593018	-64.944656
10804.284668	-66.212532
10806.976318	-64.556854
10809.667969	-65.134438
10812.359619	-65.588333
10815.051270	-66.431252
10817.742920	-65.371490
10820.434570	-66.166138
10823.126221	-66.471832
10825.817871	-66.322227
10828.509521	-65.978363
10831.201172	-66.107216
10833.892822	-66.075615
10836.584473	-67.361031
10839.276123	-66.851448
10841.967773	-66.885658
10844.659424	-67.816032
10847.351074	-67.214767
10850.042725	-67.614014
10852.734375	-68.065483
10855.426025	-68.840416
10858.117676	-68.666534
10860.809326	-67.837929
10863.500977	-68.383957
10866.192627	-69.014954
10868.884277	-69.241699
10871.575928	-68.722702
10874.267578	-68.718201
10876.959229	-69.609978
10879.650879	-69.771103
10882.342529	-68.870132
10885.034180	-70.036789
10887.725830	-69.213310
10890.417480	-69.790985
10893.109131	-69.584839
10895.800781	-69.230721
10898.492432	-71.700829
10901.184082	-70.925697
10903.875732	-71.941795
10906.567383	-72.364983
10909.259033	-71.942566
10911.950684	-72.207985
10914.642334	-73.393143
10917.333984	-71.686401
10920.025635	-71.539543
10922.717285	-72.347847
10925.408936	-73.025215
10928.100586	-73.431076
10930.792236	-73.082230
10933.483887	-73.220909
10936.175537	-74.036995
10938.867188	-72.967224
10941.558838	-73.496346
10944.250488	-74.718140
10946.942139	-73.210037
10949.633789	-75.658035
10952.325439	-74.707695
10955.017090	-73.046410
10957.708740	-74.993210
10960.400391	-75.099762
10963.092041	-74.688004
10965.783691	-75.186043
10968.475342	-74.297737
10971.166992	-74.612244
10973.858643	-76.631714
10976.550293	-75.581932
10979.241943	-75.646278
10981.933594	-75.617668
10984.625244	-75.456917
10987.316895	-75.740250
10990.008545	-75.403664
10992.700195	-75.839767
10995.391846	-75.401878
10998.083496	-75.134453
11000.775146	-75.826302
11003.466797	-76.505051
11006.158447	-75.775322
11008.850098	-76.356102
11011.541748	-76.327522
11014.233398	-75.708221
11016.925049	-76.565742
11019.616699	-75.611153
11022.308350	-75.969704
