Frequency (Hz)	Level (dB)
2.691650	-74.913246
5.383301	-74.417122
8.074951	-73.757568
10.766602	-72.231857
13.458252	-71.420738
16.149902	-70.043083
18.841553	-69.421394
21.533203	-68.874687
24.224854	-67.826775
26.916504	-66.662849
29.608154	-66.624268
32.299805	-67.128883
34.991455	-65.726273
37.683105	-66.454712
40.374756	-65.599922
43.066406	-65.133057
45.758057	-65.490219
48.449707	-65.479202
51.141357	-66.520676
53.833008	-68.799629
56.524658	-68.848137
59.216309	-68.103134
61.907959	-67.772636
64.599609	-68.615189
67.291260	-69.932999
69.982910	-70.096336
72.674561	-69.499939
75.366211	-69.798904
78.057861	-68.092110
80.749512	-69.112846
83.441162	-70.050560
86.132812	-69.767357
88.824463	-69.078796
91.516113	-70.398933
94.207764	-69.959946
96.899414	-69.243805
99.591064	-70.222557
102.282715	-69.425102
104.974365	-70.130783
107.666016	-69.497551
110.357666	-69.734711
113.049316	-69.315079
115.740967	-68.786140
118.432617	-70.029716
121.124268	-70.800621
123.815918	-70.114761
126.507568	-69.235207
129.199219	-69.484619
131.890869	-68.765892
134.582520	-70.216454
137.274170	-69.492371
139.965820	-70.668053
142.657471	-69.040863
145.349121	-69.033012
148.040771	-68.174187
150.732422	-67.368263
153.424072	-67.850800
156.115723	-68.697197
158.807373	-69.653954
161.499023	-69.696915
164.190674	-67.624397
166.882324	-68.395699
169.573975	-69.393425
172.265625	-69.749535
174.957275	-68.162666
177.648926	-68.236717
180.340576	-68.784851
183.032227	-69.852066
185.723877	-69.472359
188.415527	-68.604866
191.107178	-67.685043
193.798828	-67.478973
196.490479	-68.041794
199.182129	-69.097176
201.873779	-68.165039
204.565430	-68.907433
207.257080	-67.969543
209.948730	-68.546539
212.640381	-67.801292
215.332031	-67.642822
218.023682	-68.976196
220.715332	-66.826851
223.406982	-66.764168
226.098633	-67.644653
228.790283	-68.007568
231.481934	-65.691360
234.173584	-66.973984
236.865234	-67.384598
239.556885	-68.166229
242.248535	-66.353493
244.940186	-66.263947
247.631836	-65.533745
250.323486	-66.156502
253.015137	-64.733604
255.706787	-65.570213
258.398438	-65.220879
261.090088	-64.594917
263.781738	-63.499619
266.473389	-63.729881
269.165039	-64.150063
271.856689	-61.770874
274.548340	-61.974358
277.239990	-60.871918
279.931641	-61.405239
282.623291	-60.160053
285.314941	-59.952789
288.006592	-60.108303
290.698242	-58.594109
293.389893	-57.609344
296.081543	-58.005360
298.773193	-58.556675
301.464844	-56.683346
304.156494	-55.158833
306.848145	-55.879837
309.539795	-53.073368
312.231445	-51.859936
314.923096	-50.951862
317.614746	-50.588951
320.306396	-50.193771
322.998047	-49.360954
325.689697	-49.646252
328.381348	-49.663277
331.072998	-48.880821
333.764648	-48.213886
336.456299	-46.791210
339.147949	-47.391411
341.839600	-46.659893
344.531250	-47.873730
347.222900	-46.189079
349.914551	-47.293736
352.606201	-47.401180
355.297852	-48.005146
357.989502	-49.176376
360.681152	-50.311321
363.372803	-51.668900
366.064453	-50.737877
368.756104	-49.414970
371.447754	-50.697765
374.139404	-50.577045
376.831055	-50.602009
379.522705	-51.807724
382.214355	-51.021957
384.906006	-50.918747
387.597656	-52.166210
390.289307	-51.942188
392.980957	-52.260880
395.672607	-51.944260
398.364258	-53.412224
401.055908	-51.801014
403.747559	-52.308468
406.439209	-52.506485
409.130859	-53.631142
411.822510	-54.121059
414.514160	-53.632484
417.205811	-52.869404
419.897461	-52.986378
422.589111	-53.065434
425.280762	-52.101936
427.972412	-53.008057
430.664062	-53.165226
433.355713	-52.121239
436.047363	-53.064953
438.739014	-52.044075
441.430664	-52.825874
444.122314	-53.672413
446.813965	-53.059784
449.505615	-51.826580
452.197266	-50.899715
454.888916	-53.480293
457.580566	-53.420937
460.272217	-51.960857
462.963867	-53.555943
465.655518	-51.652847
468.347168	-53.094139
471.038818	-52.208031
473.730469	-50.382931
476.422119	-52.033035
479.113770	-52.108704
481.805420	-51.409187
484.497070	-51.479244
487.188721	-51.809650
489.880371	-51.001793
492.572021	-49.862507
495.263672	-50.781651
497.955322	-51.003799
500.646973	-49.966030
503.338623	-51.848083
506.030273	-50.115463
508.721924	-49.538776
511.413574	-50.204662
514.105225	-48.200306
516.796875	-49.235035
519.488525	-47.696033
522.180176	-48.348408
524.871826	-48.408134
527.563477	-48.163052
530.255127	-48.632137
532.946777	-48.175804
535.638428	-46.957447
538.330078	-48.181805
541.021729	-46.742455
543.713379	-46.659210
546.405029	-46.801659
549.096680	-45.415157
551.788330	-47.899300
554.479980	-45.981438
557.171631	-45.979069
559.863281	-46.483665
562.554932	-45.514988
565.246582	-44.938358
567.938232	-43.802132
570.629883	-44.132156
573.321533	-43.540916
576.013184	-43.404324
578.704834	-42.116440
581.396484	-41.020023
584.088135	-44.309540
586.779785	-42.819221
589.471436	-41.704510
592.163086	-43.375694
594.854736	-41.118694
597.546387	-41.512074
600.238037	-41.385979
602.929688	-41.429939
605.621338	-40.968273
608.312988	-40.838684
611.004639	-39.146393
613.696289	-40.790024
616.387939	-39.112019
619.079590	-39.437786
621.771240	-39.617802
624.462891	-40.532047
627.154541	-39.771095
629.846191	-39.344616
632.537842	-40.725422
635.229492	-40.732105
637.921143	-39.327835
640.612793	-39.744110
643.304443	-40.069618
645.996094	-41.394279
648.687744	-40.563545
651.379395	-39.327610
654.071045	-41.112595
656.762695	-39.494324
659.454346	-40.719826
662.145996	-40.745625
664.837646	-40.434662
667.529297	-41.271446
670.220947	-40.875751
672.912598	-41.042336
675.604248	-40.716213
678.295898	-41.099545
680.987549	-40.358536
683.679199	-41.415825
686.370850	-41.041615
689.062500	-40.134403
691.754150	-41.857677
694.445801	-40.368610
697.137451	-41.828049
699.829102	-41.374538
702.520752	-42.131622
705.212402	-41.382256
707.904053	-40.478291
710.595703	-42.267750
713.287354	-40.938667
715.979004	-41.028873
718.670654	-41.778683
721.362305	-40.925785
724.053955	-41.927361
726.745605	-41.403267
729.437256	-42.460388
732.128906	-44.720585
734.820557	-41.521233
737.512207	-41.412369
740.203857	-43.472992
742.895508	-41.837048
745.587158	-41.519993
748.278809	-43.049156
750.970459	-42.673389
753.662109	-42.484684
756.353760	-42.575069
759.045410	-42.352974
761.737061	-43.447384
764.428711	-44.170952
767.120361	-42.613522
769.812012	-43.186291
772.503662	-44.016762
775.195312	-42.730511
777.886963	-43.408287
780.578613	-43.193169
783.270264	-43.140877
785.961914	-43.648304
788.653564	-43.449409
791.345215	-44.499397
794.036865	-44.103832
796.728516	-43.193073
799.420166	-42.500950
802.111816	-44.695290
804.803467	-45.147785
807.495117	-45.671898
810.186768	-44.301064
812.878418	-43.408005
815.570068	-44.341553
818.261719	-44.205765
820.953369	-43.571289
823.645020	-43.790073
826.336670	-44.786858
829.028320	-44.410004
831.719971	-44.651852
834.411621	-44.149017
837.103271	-45.251389
839.794922	-43.600288
842.486572	-44.314339
845.178223	-45.445877
847.869873	-45.590359
850.561523	-46.069370
853.253174	-44.429928
855.944824	-44.237965
858.636475	-43.966293
861.328125	-44.226814
864.019775	-45.048431
866.711426	-45.401875
869.403076	-45.191170
872.094727	-44.681465
874.786377	-43.867031
877.478027	-46.185925
880.169678	-44.934933
882.861328	-44.765369
885.552979	-46.557438
888.244629	-45.129295
890.936279	-45.250168
893.627930	-44.183163
896.319580	-44.086975
899.011230	-45.016644
901.702881	-45.733456
904.394531	-47.186123
907.086182	-44.352863
909.777832	-43.618446
912.469482	-43.996311
915.161133	-44.397484
917.852783	-43.928974
920.544434	-45.164566
923.236084	-45.671757
925.927734	-44.123543
928.619385	-45.687366
931.311035	-42.997623
934.002686	-43.303188
936.694336	-44.850323
939.385986	-43.889999
942.077637	-43.901062
944.769287	-42.902409
947.460938	-43.655758
950.152588	-44.559155
952.844238	-43.464996
955.535889	-43.961311
958.227539	-44.687847
960.919189	-43.037464
963.610840	-42.466133
966.302490	-42.944569
968.994141	-43.050323
971.685791	-41.863724
974.377441	-41.158649
977.069092	-40.746475
979.760742	-43.487282
982.452393	-42.381096
985.144043	-42.245407
987.835693	-42.925022
990.527344	-42.740456
993.218994	-41.558098
995.910645	-42.187923
998.602295	-41.227104
1001.293945	-43.054195
1003.985596	-42.052807
1006.677246	-41.828949
1009.368896	-40.898472
1012.060547	-40.855705
1014.752197	-40.797802
1017.443848	-40.294117
1020.135498	-40.988873
1022.827148	-40.902145
1025.518799	-40.617504
1028.210449	-39.816345
1030.902100	-38.962837
1033.593750	-39.939682
1036.285400	-39.335434
1038.977051	-40.206604
1041.668701	-38.644161
1044.360352	-39.499008
1047.052002	-39.300774
1049.743652	-38.669487
1052.435303	-39.091412
1055.126953	-38.947403
1057.818604	-38.811321
1060.510254	-38.511280
1063.201904	-38.597355
1065.893555	-38.526157
1068.585205	-39.160271
1071.276855	-39.095207
1073.968506	-39.263523
1076.660156	-38.125458
1079.351807	-38.401512
1082.043457	-38.350826
1084.735107	-39.351589
1087.426758	-40.616768
1090.118408	-40.122402
1092.810059	-39.153194
1095.501709	-40.564754
1098.193359	-39.602249
1100.885010	-40.272049
1103.576660	-39.931404
1106.268311	-39.386707
1108.959961	-39.524857
1111.651611	-38.982136
1114.343262	-41.598854
1117.034912	-40.812893
1119.726562	-40.453156
1122.418213	-41.612148
1125.109863	-41.361336
1127.801514	-42.730503
1130.493164	-42.384232
1133.184814	-41.133972
1135.876465	-42.167774
1138.568115	-40.008778
1141.259766	-39.851517
1143.951416	-42.129246
1146.643066	-41.865082
1149.334717	-43.539734
1152.026367	-43.491070
1154.718018	-42.451660
1157.409668	-42.594776
1160.101318	-41.804459
1162.792969	-42.496803
1165.484619	-41.288288
1168.176270	-43.163971
1170.867920	-43.034065
1173.559570	-42.141674
1176.251221	-42.739368
1178.942871	-41.605618
1181.634521	-43.633533
1184.326172	-43.149605
1187.017822	-42.557690
1189.709473	-43.501179
1192.401123	-42.873711
1195.092773	-43.218102
1197.784424	-43.768093
1200.476074	-44.057899
1203.167725	-44.590981
1205.859375	-44.139240
1208.551025	-43.057697
1211.242676	-42.171764
1213.934326	-42.616722
1216.625977	-43.519783
1219.317627	-42.384281
1222.009277	-43.604801
1224.700928	-44.284046
1227.392578	-44.108616
1230.084229	-43.998817
1232.775879	-45.115784
1235.467529	-43.584305
1238.159180	-43.584503
1240.850830	-43.902721
1243.542480	-43.531532
1246.234131	-42.568230
1248.925781	-43.334759
1251.617432	-42.969414
1254.309082	-42.628834
1257.000732	-43.450470
1259.692383	-43.931278
1262.384033	-42.514053
1265.075684	-42.421852
1267.767334	-43.479580
1270.458984	-43.107658
1273.150635	-42.202347
1275.842285	-42.012821
1278.533936	-42.366669
1281.225586	-41.354977
1283.917236	-41.466648
1286.608887	-41.372536
1289.300537	-41.171413
1291.992188	-42.598656
1294.683838	-42.987385
1297.375488	-41.757797
1300.067139	-41.422264
1302.758789	-41.635990
1305.450439	-40.758827
1308.142090	-42.883072
1310.833740	-41.362671
1313.525391	-42.113670
1316.217041	-43.223949
1318.908691	-40.437523
1321.600342	-41.568836
1324.291992	-41.884449
1326.983643	-40.294388
1329.675293	-39.667839
1332.366943	-42.303745
1335.058594	-39.893120
1337.750244	-41.161690
1340.441895	-38.989006
1343.133545	-40.327946
1345.825195	-39.870045
1348.516846	-39.590614
1351.208496	-38.830647
1353.900146	-39.736050
1356.591797	-39.426605
1359.283447	-38.271549
1361.975098	-38.423748
1364.666748	-37.728844
1367.358398	-38.961964
1370.050049	-36.317749
1372.741699	-35.722004
1375.433350	-37.940517
1378.125000	-38.806732
1380.816650	-38.786888
1383.508301	-38.065605
1386.199951	-36.983177
1388.891602	-36.570992
1391.583252	-37.536530
1394.274902	-37.158012
1396.966553	-37.541771
1399.658203	-37.884830
1402.349854	-37.133675
1405.041504	-36.672153
1407.733154	-37.536777
1410.424805	-39.345558
1413.116455	-38.233028
1415.808105	-38.702324
1418.499756	-37.748116
1421.191406	-38.761425
1423.883057	-38.223900
1426.574707	-38.559639
1429.266357	-37.936508
1431.958008	-39.058605
1434.649658	-39.684490
1437.341309	-39.428802
1440.032959	-40.015099
1442.724609	-39.571854
1445.416260	-40.399422
1448.107910	-41.087395
1450.799561	-42.120331
1453.491211	-41.601849
1456.182861	-41.277294
1458.874512	-41.261993
1461.566162	-41.561588
1464.257812	-41.708088
1466.949463	-43.104610
1469.641113	-42.111519
1472.332764	-43.009682
1475.024414	-43.857693
1477.716064	-43.352760
1480.407715	-42.917416
1483.099365	-44.635933
1485.791016	-44.077328
1488.482666	-45.027206
1491.174316	-45.143703
1493.865967	-46.161236
1496.557617	-45.950726
1499.249268	-44.823803
1501.940918	-44.554829
1504.632568	-45.140938
1507.324219	-44.986786
1510.015869	-44.652618
1512.707520	-45.657764
1515.399170	-45.471680
1518.090820	-45.833542
1520.782471	-45.292744
1523.474121	-45.931843
1526.165771	-44.668564
1528.857422	-44.894642
1531.549072	-45.630829
1534.240723	-46.690014
1536.932373	-47.102165
1539.624023	-48.057728
1542.315674	-46.607658
1545.007324	-47.172195
1547.698975	-46.470119
1550.390625	-47.426300
1553.082275	-46.284218
1555.773926	-48.089630
1558.465576	-47.455410
1561.157227	-47.583843
1563.848877	-46.172348
1566.540527	-47.383389
1569.232178	-46.620724
1571.923828	-47.580574
1574.615479	-46.481518
1577.307129	-47.262993
1579.998779	-47.530769
1582.690430	-47.676392
1585.382080	-47.325394
1588.073730	-45.970585
1590.765381	-46.503235
1593.457031	-47.467194
1596.148682	-47.329754
1598.840332	-48.917995
1601.531982	-47.753166
1604.223633	-47.498020
1606.915283	-47.351540
1609.606934	-46.451431
1612.298584	-47.325356
1614.990234	-45.507877
1617.681885	-45.955242
1620.373535	-46.447380
1623.065186	-46.732651
1625.756836	-47.276524
1628.448486	-47.534924
1631.140137	-46.757381
1633.831787	-46.640762
1636.523438	-48.021114
1639.215088	-45.957733
1641.906738	-46.724861
1644.598389	-46.816822
1647.290039	-47.198315
1649.981689	-46.413425
1652.673340	-47.292149
1655.364990	-47.296963
1658.056641	-44.984951
1660.748291	-45.724468
1663.439941	-45.572075
1666.131592	-46.434475
1668.823242	-46.808399
1671.514893	-46.471199
1674.206543	-45.716087
1676.898193	-45.666431
1679.589844	-44.344368
1682.281494	-44.332321
1684.973145	-45.937817
1687.664795	-44.493729
1690.356445	-44.253506
1693.048096	-44.948666
1695.739746	-44.550266
1698.431396	-43.419506
1701.123047	-43.773117
1703.814697	-44.114006
1706.506348	-42.791649
1709.197998	-44.105640
1711.889648	-42.056801
1714.581299	-42.659336
1717.272949	-41.484581
1719.964600	-40.516171
1722.656250	-41.654232
1725.347900	-40.633217
1728.039551	-39.311871
1730.731201	-40.911289
1733.422852	-40.433411
1736.114502	-40.599392
1738.806152	-40.985947
1741.497803	-39.647793
1744.189453	-39.406612
1746.881104	-38.739960
1749.572754	-39.061729
1752.264404	-38.837585
1754.956055	-38.372101
1757.647705	-39.220264
1760.339355	-38.739887
1763.031006	-38.716766
1765.722656	-39.079212
1768.414307	-38.783772
1771.105957	-36.823982
1773.797607	-37.610806
1776.489258	-36.525318
1779.180908	-38.096043
1781.872559	-38.223351
1784.564209	-39.164307
1787.255859	-38.088181
1789.947510	-39.862453
1792.639160	-40.307598
1795.330811	-39.954449
1798.022461	-39.252071
1800.714111	-40.513363
1803.405762	-40.204147
1806.097412	-41.074421
1808.789062	-41.970066
1811.480713	-42.855186
1814.172363	-40.670998
1816.864014	-42.210766
1819.555664	-42.252792
1822.247314	-42.007236
1824.938965	-42.281982
1827.630615	-43.996166
1830.322266	-43.969879
1833.013916	-43.491676
1835.705566	-46.050976
1838.397217	-44.159542
1841.088867	-44.942505
1843.780518	-45.904659
1846.472168	-45.967224
1849.163818	-46.603050
1851.855469	-45.658497
1854.547119	-45.713394
1857.238770	-47.718166
1859.930420	-47.930161
1862.622070	-47.024021
1865.313721	-45.933052
1868.005371	-46.964725
1870.697021	-46.644222
1873.388672	-46.240768
1876.080322	-47.187637
1878.771973	-46.030441
1881.463623	-48.221966
1884.155273	-49.850666
1886.846924	-48.910526
1889.538574	-47.984562
1892.230225	-48.799801
1894.921875	-50.279724
1897.613525	-49.192760
1900.305176	-49.199875
1902.996826	-48.503937
1905.688477	-48.105316
1908.380127	-50.093758
1911.071777	-48.703682
1913.763428	-48.192097
1916.455078	-48.740673
1919.146729	-48.902435
1921.838379	-49.360573
1924.530029	-48.880798
1927.221680	-48.668922
1929.913330	-48.855724
1932.604980	-49.904942
1935.296631	-48.525345
1937.988281	-49.793793
1940.679932	-49.491444
1943.371582	-49.642086
1946.063232	-50.646076
1948.754883	-49.806046
1951.446533	-49.799618
1954.138184	-50.330444
1956.829834	-50.408176
1959.521484	-48.410847
1962.213135	-49.290798
1964.904785	-50.379303
1967.596436	-49.669765
1970.288086	-50.636101
1972.979736	-50.217232
1975.671387	-50.428001
1978.363037	-50.061050
1981.054688	-49.103073
1983.746338	-49.819893
1986.437988	-50.519489
1989.129639	-49.573891
1991.821289	-48.619946
1994.512939	-49.185204
1997.204590	-50.620174
1999.896240	-51.201130
2002.587891	-50.063225
2005.279541	-51.013260
2007.971191	-49.349384
2010.662842	-50.636513
2013.354492	-50.340302
2016.046143	-48.429611
2018.737793	-50.072426
2021.429443	-50.431831
2024.121094	-50.306870
2026.812744	-49.451504
2029.504395	-51.021976
2032.196045	-50.004452
2034.887695	-50.309784
2037.579346	-49.106312
2040.270996	-48.970928
2042.962646	-50.357540
2045.654297	-48.008900
2048.345947	-48.220650
2051.037598	-47.429852
2053.729248	-48.684139
2056.420898	-48.647923
2059.112549	-47.879292
2061.804199	-47.582905
2064.495850	-48.032131
2067.187500	-48.860428
2069.879150	-48.866867
2072.570801	-47.969753
2075.262451	-47.423439
2077.954102	-46.944149
2080.645752	-48.794930
2083.337402	-47.849098
2086.029053	-47.699547
2088.720703	-45.805714
2091.412354	-47.492672
2094.104004	-46.239094
2096.795654	-47.412922
2099.487305	-46.351368
2102.178955	-45.905521
2104.870605	-45.702682
2107.562256	-45.884510
2110.253906	-45.915401
2112.945557	-45.890930
2115.637207	-44.956337
2118.328857	-44.844246
2121.020508	-44.514648
2123.712158	-42.763744
2126.403809	-43.292263
2129.095459	-43.835789
2131.787109	-43.256710
2134.478760	-41.718258
2137.170410	-41.810467
2139.862061	-42.127121
2142.553711	-40.495884
2145.245361	-39.906631
2147.937012	-40.513840
2150.628662	-41.132885
2153.320312	-39.890526
2156.011963	-39.116154
2158.703613	-39.533497
2161.395264	-39.604198
2164.086914	-39.801571
2166.778564	-39.446678
2169.470215	-39.709339
2172.161865	-39.533684
2174.853516	-38.786880
2177.545166	-39.200745
2180.236816	-39.308548
2182.928467	-40.203392
2185.620117	-39.052143
2188.311768	-40.116745
2191.003418	-41.097187
2193.695068	-40.816708
2196.386719	-43.682964
2199.078369	-40.662971
2201.770020	-41.443230
2204.461670	-41.983490
2207.153320	-42.120155
2209.844971	-41.943417
2212.536621	-42.752014
2215.228271	-44.483471
2217.919922	-44.631355
2220.611572	-43.988194
2223.303223	-45.088390
2225.994873	-46.701885
2228.686523	-45.317673
2231.378174	-45.976303
2234.069824	-46.723885
2236.761475	-46.367809
2239.453125	-45.600857
2242.144775	-46.767227
2244.836426	-47.603874
2247.528076	-46.802761
2250.219727	-46.366535
2252.911377	-47.490776
2255.603027	-47.998142
2258.294678	-47.368786
2260.986328	-48.059410
2263.677979	-48.138882
2266.369629	-47.924961
2269.061279	-48.864147
2271.752930	-49.699249
2274.444580	-48.883694
2277.136230	-49.324730
2279.827881	-48.156223
2282.519531	-49.210445
2285.211182	-49.007812
2287.902832	-48.980328
2290.594482	-50.226665
2293.286133	-49.263721
2295.977783	-50.774994
2298.669434	-51.487309
2301.361084	-51.606861
2304.052734	-50.089348
2306.744385	-50.223270
2309.436035	-52.019104
2312.127686	-50.747223
2314.819336	-50.462364
2317.510986	-51.170380
2320.202637	-51.668922
2322.894287	-52.079960
2325.585938	-51.238651
2328.277588	-51.144913
2330.969238	-52.078003
2333.660889	-51.249378
2336.352539	-50.611721
2339.044189	-50.385094
2341.735840	-50.399956
2344.427490	-53.387768
2347.119141	-50.309223
2349.810791	-51.305851
2352.502441	-52.051647
2355.194092	-52.777012
2357.885742	-52.443142
2360.577393	-52.307629
2363.269043	-53.203510
2365.960693	-51.826160
2368.652344	-52.725502
2371.343994	-52.143513
2374.035645	-51.520576
2376.727295	-51.389503
2379.418945	-52.908096
2382.110596	-54.194828
2384.802246	-52.451084
2387.493896	-51.620956
2390.185547	-53.290409
2392.877197	-52.186905
2395.568848	-51.300293
2398.260498	-50.924263
2400.952148	-51.223164
2403.643799	-50.241329
2406.335449	-52.068180
2409.027100	-51.372196
2411.718750	-53.131317
2414.410400	-50.903164
2417.102051	-50.684010
2419.793701	-51.209766
2422.485352	-50.253712
2425.177002	-50.280502
2427.868652	-53.229134
2430.560303	-52.096115
2433.251953	-50.866482
2435.943604	-50.790356
2438.635254	-51.944332
2441.326904	-50.225914
2444.018555	-50.877338
2446.710205	-51.571781
2449.401855	-51.035053
2452.093506	-51.843781
2454.785156	-51.446518
2457.476807	-52.952103
2460.168457	-51.205967
2462.860107	-50.632557
2465.551758	-49.979542
2468.243408	-50.155552
2470.935059	-50.588978
2473.626709	-51.673603
2476.318359	-50.076736
2479.010010	-49.537590
2481.701660	-49.567436
2484.393311	-48.897873
2487.084961	-48.822994
2489.776611	-47.919601
2492.468262	-49.495552
2495.159912	-48.651897
2497.851562	-50.188217
2500.543213	-48.557812
2503.234863	-49.454155
2505.926514	-47.793327
2508.618164	-48.256706
2511.309814	-47.309185
2514.001465	-46.022919
2516.693115	-46.327477
2519.384766	-46.019829
2522.076416	-47.265484
2524.768066	-46.821606
2527.459717	-45.567284
2530.151367	-47.065132
2532.843018	-45.780876
2535.534668	-44.879219
2538.226318	-45.744446
2540.917969	-46.227871
2543.609619	-45.032146
2546.301270	-44.833488
2548.992920	-44.030178
2551.684570	-43.593948
2554.376221	-43.415924
2557.067871	-43.717045
2559.759521	-42.116169
2562.451172	-41.484005
2565.142822	-40.700687
2567.834473	-42.348141
2570.526123	-41.172131
2573.217773	-40.832470
2575.909424	-38.988831
2578.601074	-39.954720
2581.292725	-40.276810
2583.984375	-39.035984
2586.676025	-40.233498
2589.367676	-40.264366
2592.059326	-41.055313
2594.750977	-41.318184
2597.442627	-41.331684
2600.134277	-42.965092
2602.825928	-41.179234
2605.517578	-42.273842
2608.209229	-41.956631
2610.900879	-42.291134
2613.592529	-43.701809
2616.284180	-42.981411
2618.975830	-44.040424
2621.667480	-46.473614
2624.359131	-44.586502
2627.050781	-43.516941
2629.742432	-45.374195
2632.434082	-47.075329
2635.125732	-45.899796
2637.817383	-44.856094
2640.509033	-45.010193
2643.200684	-47.358555
2645.892334	-47.057945
2648.583984	-47.057034
2651.275635	-47.919418
2653.967285	-49.634064
2656.658936	-45.970901
2659.350586	-49.039936
2662.042236	-48.550137
2664.733887	-49.659321
2667.425537	-48.009781
2670.117188	-48.343220
2672.808838	-49.058998
2675.500488	-50.535381
2678.192139	-50.146969
2680.883789	-50.112221
2683.575439	-49.617661
2686.267090	-49.765133
2688.958740	-49.868313
2691.650391	-51.375370
2694.342041	-51.332672
2697.033691	-51.352047
2699.725342	-50.426418
2702.416992	-52.405098
2705.108643	-51.199966
2707.800293	-52.500038
2710.491943	-52.385986
2713.183594	-52.219120
2715.875244	-52.841339
2718.566895	-52.082619
2721.258545	-51.252495
2723.950195	-52.217438
2726.641846	-52.350948
2729.333496	-53.297810
2732.025146	-51.550064
2734.716797	-53.006321
2737.408447	-52.145153
2740.100098	-52.004940
2742.791748	-51.702297
2745.483398	-53.203583
2748.175049	-53.169819
2750.866699	-53.294842
2753.558350	-53.419914
2756.250000	-53.532276
2758.941650	-54.389977
2761.633301	-53.284306
2764.324951	-53.653587
2767.016602	-52.720219
2769.708252	-54.048038
2772.399902	-53.636009
2775.091553	-53.643517
2777.783203	-52.542393
2780.474854	-52.992538
2783.166504	-52.639595
2785.858154	-53.704994
2788.549805	-53.037319
2791.241455	-54.198685
2793.933105	-52.741226
2796.624756	-52.776672
2799.316406	-53.354588
2802.008057	-52.252819
2804.699707	-54.416813
2807.391357	-54.043320
2810.083008	-52.927841
2812.774658	-52.736557
2815.466309	-52.929726
2818.157959	-53.913242
2820.849609	-53.428471
2823.541260	-53.871899
2826.232910	-52.255493
2828.924561	-53.533138
2831.616211	-52.632683
2834.307861	-52.672081
2836.999512	-52.982998
2839.691162	-54.779259
2842.382812	-53.124634
2845.074463	-52.666046
2847.766113	-53.548683
2850.457764	-53.450268
2853.149414	-53.262844
2855.841064	-52.498028
2858.532715	-52.932545
2861.224365	-52.728519
2863.916016	-52.327019
2866.607666	-52.828629
2869.299316	-50.804272
2871.990967	-52.351578
2874.682617	-52.233906
2877.374268	-53.498093
2880.065918	-51.749073
2882.757568	-52.662895
2885.449219	-54.098488
2888.140869	-53.491905
2890.832520	-50.659744
2893.524170	-50.810516
2896.215820	-51.442730
2898.907471	-51.585682
2901.599121	-51.298943
2904.290771	-50.194267
2906.982422	-50.732552
2909.674072	-50.143337
2912.365723	-49.938686
2915.057373	-50.206570
2917.749023	-49.150921
2920.440674	-48.509048
2923.132324	-49.809826
2925.823975	-50.597015
2928.515625	-47.554871
2931.207275	-48.603020
2933.898926	-48.424236
2936.590576	-48.753960
2939.282227	-48.543625
2941.973877	-48.973442
2944.665527	-48.558479
2947.357178	-47.357723
2950.048828	-47.760075
2952.740479	-45.506279
2955.432129	-45.407654
2958.123779	-45.003578
2960.815430	-45.117886
2963.507080	-46.115433
2966.198730	-45.138474
2968.890381	-44.146233
2971.582031	-44.330688
2974.273682	-43.977661
2976.965332	-42.351566
2979.656982	-43.149918
2982.348633	-42.643757
2985.040283	-42.504719
2987.731934	-41.801956
2990.423584	-41.372211
2993.115234	-42.278999
2995.806885	-41.663048
2998.498535	-40.785545
3001.190186	-41.428230
3003.881836	-42.730240
3006.573486	-42.674442
3009.265137	-41.981277
3011.956787	-42.920231
3014.648438	-42.748264
3017.340088	-42.341877
3020.031738	-42.582912
3022.723389	-43.091740
3025.415039	-42.574146
3028.106689	-44.593506
3030.798340	-45.979084
3033.489990	-45.876945
3036.181641	-46.583134
3038.873291	-46.974220
3041.564941	-46.449768
3044.256592	-48.129456
3046.948242	-47.635849
3049.639893	-46.198864
3052.331543	-46.871887
3055.023193	-47.754642
3057.714844	-47.609238
3060.406494	-48.341396
3063.098145	-48.886143
3065.789795	-48.008873
3068.481445	-49.668606
3071.173096	-49.803951
3073.864746	-48.570885
3076.556396	-49.421738
3079.248047	-50.357864
3081.939697	-49.928448
3084.631348	-50.344311
3087.322998	-49.534428
3090.014648	-48.829487
3092.706299	-50.726589
3095.397949	-52.163239
3098.089600	-51.285416
3100.781250	-51.261196
3103.472900	-52.859211
3106.164551	-51.144611
3108.856201	-51.717350
3111.547852	-50.419937
3114.239502	-52.253994
3116.931152	-50.862106
3119.622803	-51.932392
3122.314453	-52.223969
3125.006104	-52.639969
3127.697754	-52.710575
3130.389404	-52.266972
3133.081055	-54.001671
3135.772705	-54.276871
3138.464355	-53.232189
3141.156006	-53.851196
3143.847656	-54.616947
3146.539307	-53.042465
3149.230957	-53.293118
3151.922607	-55.192120
3154.614258	-53.896679
3157.305908	-52.868553
3159.997559	-54.863716
3162.689209	-54.281403
3165.380859	-54.622200
3168.072510	-53.488342
3170.764160	-55.019257
3173.455811	-54.752499
3176.147461	-53.566021
3178.839111	-55.395592
3181.530762	-53.244980
3184.222412	-53.939579
3186.914062	-54.568211
3189.605713	-55.374489
3192.297363	-54.559147
3194.989014	-53.813919
3197.680664	-53.913029
3200.372314	-54.793953
3203.063965	-54.764275
3205.755615	-54.121861
3208.447266	-54.121799
3211.138916	-54.262856
3213.830566	-54.038521
3216.522217	-54.034821
3219.213867	-52.868523
3221.905518	-54.402580
3224.597168	-54.084297
3227.288818	-53.151268
3229.980469	-53.614491
3232.672119	-55.331764
3235.363770	-55.199741
3238.055420	-54.663891
3240.747070	-54.416172
3243.438721	-54.831654
3246.130371	-55.145580
3248.822021	-53.460785
3251.513672	-53.471905
3254.205322	-52.867016
3256.896973	-53.636692
3259.588623	-53.222996
3262.280273	-53.413433
3264.971924	-53.492878
3267.663574	-52.725292
3270.355225	-53.021118
3273.046875	-52.458237
3275.738525	-52.752293
3278.430176	-53.962955
3281.121826	-53.299934
3283.813477	-51.658607
3286.505127	-53.370018
3289.196777	-52.793163
3291.888428	-51.992405
3294.580078	-50.804150
3297.271729	-51.716824
3299.963379	-51.582172
3302.655029	-50.630043
3305.346680	-50.954449
3308.038330	-52.370579
3310.729980	-51.622757
3313.421631	-51.923985
3316.113281	-51.394756
3318.804932	-51.716305
3321.496582	-49.944080
3324.188232	-51.574829
3326.879883	-50.977913
3329.571533	-49.339817
3332.263184	-50.429302
3334.954834	-49.136288
3337.646484	-49.752354
3340.338135	-49.193157
3343.029785	-49.477043
3345.721436	-48.328152
3348.413086	-49.267361
3351.104736	-50.046242
3353.796387	-49.369072
3356.488037	-49.195518
3359.179688	-46.295109
3361.871338	-46.796379
3364.562988	-46.488239
3367.254639	-46.899433
3369.946289	-45.665173
3372.637939	-47.616371
3375.329590	-45.415005
3378.021240	-45.215099
3380.712891	-45.216454
3383.404541	-43.727287
3386.096191	-44.353416
3388.787842	-44.727493
3391.479492	-44.671028
3394.171143	-43.271160
3396.862793	-42.548119
3399.554443	-42.417000
3402.246094	-44.490673
3404.937744	-44.357899
3407.629395	-42.688412
3410.321045	-44.150928
3413.012695	-41.719887
3415.704346	-42.224350
3418.395996	-43.181137
3421.087646	-42.775078
3423.779297	-41.284828
3426.470947	-42.636002
3429.162598	-43.002510
3431.854248	-43.142391
3434.545898	-43.414848
3437.237549	-44.159897
3439.929199	-44.492081
3442.620850	-43.966427
3445.312500	-44.559052
3448.004150	-45.020691
3450.695801	-45.687508
3453.387451	-46.563637
3456.079102	-45.897652
3458.770752	-45.639141
3461.462402	-47.202362
3464.154053	-47.614372
3466.845703	-46.232166
3469.537354	-46.411343
3472.229004	-48.058990
3474.920654	-47.213291
3477.612305	-48.732433
3480.303955	-48.148956
3482.995605	-48.989830
3485.687256	-49.773575
3488.378906	-48.532032
3491.070557	-49.914104
3493.762207	-48.286812
3496.453857	-49.960373
3499.145508	-51.447887
3501.837158	-49.847649
3504.528809	-50.567375
3507.220459	-51.835346
3509.912109	-50.037746
3512.603760	-50.580185
3515.295410	-50.309406
3517.987061	-51.415356
3520.678711	-52.152100
3523.370361	-51.176746
3526.062012	-51.102779
3528.753662	-52.123337
3531.445312	-52.690689
3534.136963	-52.464851
3536.828613	-51.484184
3539.520264	-51.867371
3542.211914	-52.036369
3544.903564	-51.791607
3547.595215	-52.910027
3550.286865	-51.767517
3552.978516	-52.609806
3555.670166	-51.866467
3558.361816	-52.175720
3561.053467	-52.841217
3563.745117	-54.259277
3566.436768	-53.456810
3569.128418	-54.094868
3571.820068	-53.512650
3574.511719	-53.480747
3577.203369	-53.178413
3579.895020	-54.033436
3582.586670	-54.507565
3585.278320	-53.376945
3587.969971	-52.915649
3590.661621	-52.618031
3593.353271	-53.924767
3596.044922	-53.474701
3598.736572	-54.386887
3601.428223	-54.340950
3604.119873	-53.892532
3606.811523	-55.340225
3609.503174	-54.372784
3612.194824	-54.128384
3614.886475	-54.379215
3617.578125	-53.546608
3620.269775	-55.361961
3622.961426	-52.508080
3625.653076	-53.820839
3628.344727	-53.732910
3631.036377	-54.008938
3633.728027	-53.899788
3636.419678	-54.728798
3639.111328	-54.663410
3641.802979	-53.720264
3644.494629	-56.496166
3647.186279	-54.432484
3649.877930	-53.718807
3652.569580	-54.728519
3655.261230	-54.058105
3657.952881	-54.441856
3660.644531	-53.009556
3663.336182	-53.079906
3666.027832	-53.548901
3668.719482	-53.122581
3671.411133	-54.119350
3674.102783	-52.336967
3676.794434	-53.279736
3679.486084	-53.115368
3682.177734	-53.719357
3684.869385	-53.532207
3687.561035	-53.565136
3690.252686	-53.063911
3692.944336	-53.097725
3695.635986	-53.533905
3698.327637	-52.137775
3701.019287	-53.538868
3703.710938	-54.163033
3706.402588	-54.087452
3709.094238	-52.260502
3711.785889	-50.983479
3714.477539	-52.044815
3717.169189	-53.332081
3719.860840	-51.928234
3722.552490	-52.285725
3725.244141	-51.127972
3727.935791	-51.736607
3730.627441	-51.784405
3733.319092	-52.347267
3736.010742	-50.483734
3738.702393	-50.856747
3741.394043	-50.762814
3744.085693	-51.788509
3746.777344	-50.058689
3749.468994	-51.218174
3752.160645	-49.796715
3754.852295	-48.751144
3757.543945	-50.217514
3760.235596	-49.895905
3762.927246	-48.837105
3765.618896	-48.580570
3768.310547	-48.851021
3771.002197	-48.205135
3773.693848	-48.446564
3776.385498	-48.263237
3779.077148	-47.330399
3781.768799	-47.881943
3784.460449	-47.487259
3787.152100	-46.606812
3789.843750	-47.661545
3792.535400	-46.741497
3795.227051	-46.973141
3797.918701	-47.217422
3800.610352	-45.315994
3803.302002	-44.851330
3805.993652	-44.524475
3808.685303	-44.537289
3811.376953	-44.110065
3814.068604	-44.488018
3816.760254	-43.336941
3819.451904	-42.368137
3822.143555	-43.004421
3824.835205	-42.901173
3827.526855	-42.062477
3830.218506	-43.808052
3832.910156	-43.050323
3835.601807	-42.544426
3838.293457	-43.272106
3840.985107	-41.828514
3843.676758	-42.412624
3846.368408	-42.925892
3849.060059	-44.260323
3851.751709	-43.548248
3854.443359	-43.301109
3857.135010	-45.968964
3859.826660	-45.259064
3862.518311	-44.621731
3865.209961	-43.843811
3867.901611	-44.939999
3870.593262	-45.792313
3873.284912	-45.534748
3875.976562	-46.307999
3878.668213	-47.240688
3881.359863	-47.114910
3884.051514	-48.274857
3886.743164	-48.482338
3889.434814	-48.285507
3892.126465	-47.885826
3894.818115	-48.228386
3897.509766	-47.534035
3900.201416	-49.572411
3902.893066	-49.512451
3905.584717	-47.870319
3908.276367	-48.691296
3910.968018	-49.781937
3913.659668	-49.484634
3916.351318	-48.852047
3919.042969	-50.192188
3921.734619	-49.095440
3924.426270	-50.187054
3927.117920	-51.268990
3929.809570	-51.858902
3932.501221	-51.086967
3935.192871	-50.999130
3937.884521	-51.380688
3940.576172	-51.286640
3943.267822	-52.307495
3945.959473	-53.217640
3948.651123	-53.150463
3951.342773	-52.427654
3954.034424	-51.880329
3956.726074	-52.714535
3959.417725	-53.923054
3962.109375	-53.001682
3964.801025	-52.776733
3967.492676	-52.724918
3970.184326	-52.849277
3972.875977	-53.230137
3975.567627	-52.995659
3978.259277	-53.055714
3980.950928	-53.696342
3983.642578	-53.542191
3986.334229	-54.875584
3989.025879	-53.680080
3991.717529	-53.921532
3994.409180	-53.386723
3997.100830	-52.910545
3999.792480	-54.044014
4002.484131	-54.573933
4005.175781	-53.997540
4007.867432	-55.751724
4010.559082	-53.926590
4013.250732	-55.971073
4015.942383	-54.637600
4018.634033	-54.475468
4021.325684	-55.033108
4024.017334	-53.379494
4026.708984	-53.581772
4029.400635	-53.848110
4032.092285	-53.644009
4034.783936	-54.213768
4037.475586	-55.027786
4040.167236	-53.586700
4042.858887	-54.619781
4045.550537	-54.074169
4048.242188	-54.929260
4050.933838	-53.751358
4053.625488	-54.210049
4056.317139	-54.434540
4059.008789	-54.377480
4061.700439	-54.951015
4064.392090	-55.349422
4067.083740	-54.786552
4069.775391	-57.361160
4072.467041	-55.132729
4075.158691	-54.627220
4077.850342	-56.120884
4080.541992	-54.108608
4083.233643	-54.541096
4085.925293	-53.545708
4088.616943	-54.859516
4091.308594	-54.706329
4094.000244	-54.549736
4096.691895	-53.690735
4099.383545	-53.813110
4102.075195	-53.842129
4104.766846	-53.692825
4107.458496	-52.741856
4110.150146	-55.247738
4112.841797	-54.363884
4115.533447	-53.966904
4118.225098	-54.732483
4120.916748	-53.180695
4123.608398	-53.155457
4126.300049	-53.290886
4128.991699	-53.359104
4131.683350	-52.604271
4134.375000	-52.473183
4137.066650	-53.876560
4139.758301	-53.756287
4142.449951	-52.702976
4145.141602	-52.989098
4147.833252	-53.098240
4150.524902	-51.300980
4153.216553	-51.151089
4155.908203	-52.692303
4158.599854	-52.804810
4161.291504	-51.311905
4163.983154	-50.932484
4166.674805	-50.474789
4169.366455	-50.594582
4172.058105	-51.008785
4174.749756	-50.070908
4177.441406	-51.469234
4180.133057	-50.131588
4182.824707	-50.243290
4185.516357	-50.317913
4188.208008	-50.160091
4190.899658	-48.368950
4193.591309	-49.393185
4196.282959	-50.617390
4198.974609	-48.907516
4201.666260	-47.603527
4204.357910	-47.345333
4207.049561	-47.692905
4209.741211	-46.489464
4212.432861	-47.983604
4215.124512	-45.577927
4217.816162	-47.091049
4220.507812	-45.262848
4223.199463	-45.453938
4225.891113	-45.416145
4228.582764	-44.036575
4231.274414	-45.125671
4233.966064	-44.413727
4236.657715	-45.190983
4239.349365	-43.445694
4242.041016	-43.820690
4244.732666	-43.626518
4247.424316	-42.197716
4250.115967	-43.746262
4252.807617	-42.513676
4255.499268	-43.436543
4258.190918	-43.524265
4260.882568	-43.764256
4263.574219	-43.246094
4266.265869	-42.994579
4268.957520	-43.186333
4271.649170	-42.179665
4274.340820	-43.072685
4277.032471	-44.277718
4279.724121	-44.274113
4282.415771	-44.753075
4285.107422	-44.862190
4287.799072	-45.094913
4290.490723	-47.663761
4293.182373	-46.164322
4295.874023	-46.984863
4298.565674	-45.473530
4301.257324	-47.415207
4303.948975	-48.413708
4306.640625	-47.518368
4309.332275	-48.414360
4312.023926	-48.271236
4314.715576	-48.074905
4317.407227	-48.345078
4320.098877	-49.311699
4322.790527	-49.359180
4325.482178	-49.017685
4328.173828	-49.002029
4330.865479	-49.556877
4333.557129	-49.625854
4336.248779	-49.998745
4338.940430	-49.477757
4341.632080	-51.143124
4344.323730	-51.347771
4347.015381	-51.234219
4349.707031	-51.153965
4352.398682	-52.144745
4355.090332	-51.784267
4357.781982	-51.540234
4360.473633	-53.022247
4363.165283	-52.390137
4365.856934	-51.857201
4368.548584	-52.265831
4371.240234	-52.509121
4373.931885	-53.179668
4376.623535	-52.632854
4379.315186	-53.566769
4382.006836	-52.772034
4384.698486	-52.638584
4387.390137	-53.566128
4390.081787	-52.014854
4392.773438	-53.897392
4395.465088	-54.043514
4398.156738	-54.586334
4400.848389	-53.680599
4403.540039	-54.479393
4406.231689	-53.306641
4408.923340	-54.063976
4411.614990	-53.409397
4414.306641	-54.430218
4416.998291	-54.906071
4419.689941	-54.546871
4422.381592	-53.718079
4425.073242	-54.109367
4427.764893	-52.655952
4430.456543	-55.476620
4433.148193	-55.704632
4435.839844	-54.026020
4438.531494	-54.170349
4441.223145	-55.029095
4443.914795	-55.047981
4446.606445	-55.325890
4449.298096	-55.346207
4451.989746	-54.404793
4454.681396	-54.814167
4457.373047	-55.244972
4460.064697	-55.714577
4462.756348	-54.386826
4465.447998	-56.553349
4468.139648	-54.371689
4470.831299	-55.198261
4473.522949	-54.651390
4476.214600	-54.127243
4478.906250	-56.229534
4481.597900	-55.181877
4484.289551	-55.449787
4486.981201	-54.816269
4489.672852	-54.559952
4492.364502	-53.950958
4495.056152	-55.008270
4497.747803	-54.083725
4500.439453	-55.177845
4503.131104	-53.733231
4505.822754	-53.940674
4508.514404	-53.793125
4511.206055	-53.604626
4513.897705	-54.639709
4516.589355	-54.896099
4519.281006	-54.688755
4521.972656	-53.727345
4524.664307	-55.666138
4527.355957	-54.309555
4530.047607	-54.833576
4532.739258	-54.110798
4535.430908	-54.569016
4538.122559	-54.803112
4540.814209	-54.545471
4543.505859	-53.517658
4546.197510	-53.230423
4548.889160	-53.452717
4551.580811	-53.299370
4554.272461	-53.884197
4556.964111	-53.327488
4559.655762	-52.758831
4562.347412	-52.431694
4565.039062	-53.238914
4567.730713	-52.439949
4570.422363	-52.405567
4573.114014	-50.834526
4575.805664	-51.211838
4578.497314	-51.687160
4581.188965	-51.066593
4583.880615	-50.257324
4586.572266	-51.489445
4589.263916	-50.799625
4591.955566	-50.987606
4594.647217	-51.512928
4597.338867	-51.110294
4600.030518	-50.844303
4602.722168	-50.857616
4605.413818	-49.754662
4608.105469	-50.400272
4610.797119	-48.962238
4613.488770	-48.646935
4616.180420	-48.643524
4618.872070	-47.827827
4621.563721	-48.627281
4624.255371	-48.746159
4626.947021	-47.535793
4629.638672	-45.349014
4632.330322	-45.953876
4635.021973	-46.267353
4637.713623	-46.391254
4640.405273	-46.085976
4643.096924	-46.055309
4645.788574	-43.513248
4648.480225	-43.677197
4651.171875	-44.573425
4653.863525	-45.971111
4656.555176	-44.279305
4659.246826	-41.613926
4661.938477	-42.436275
4664.630127	-43.087570
4667.321777	-41.412258
4670.013428	-40.546913
4672.705078	-42.401062
4675.396729	-43.284252
4678.088379	-42.184689
4680.780029	-41.712170
4683.471680	-42.511089
4686.163330	-42.274723
4688.854980	-42.513004
4691.546631	-43.247719
4694.238281	-43.111809
4696.929932	-43.231201
4699.621582	-45.130226
4702.313232	-45.145184
4705.004883	-45.704151
4707.696533	-45.286057
4710.388184	-44.230309
4713.079834	-44.972130
4715.771484	-45.874996
4718.463135	-46.363228
4721.154785	-47.655136
4723.846436	-49.247849
4726.538086	-48.029900
4729.229736	-48.784893
4731.921387	-48.610664
4734.613037	-48.028439
4737.304688	-48.485401
4739.996338	-49.400497
4742.687988	-50.721085
4745.379639	-49.963062
4748.071289	-50.303013
4750.762939	-51.950874
4753.454590	-48.799793
4756.146240	-49.887943
4758.837891	-50.003063
4761.529541	-49.942551
4764.221191	-51.276859
4766.912842	-51.223759
4769.604492	-51.634209
4772.296143	-52.089939
4774.987793	-53.093273
4777.679443	-52.857960
4780.371094	-52.145367
4783.062744	-51.935181
4785.754395	-53.350620
4788.446045	-53.251186
4791.137695	-53.732361
4793.829346	-53.712486
4796.520996	-52.947262
4799.212646	-53.794441
4801.904297	-53.568909
4804.595947	-52.024998
4807.287598	-54.831059
4809.979248	-53.302044
4812.670898	-54.499882
4815.362549	-52.534443
4818.054199	-52.119461
4820.745850	-55.315109
4823.437500	-54.204391
4826.129150	-55.484043
4828.820801	-54.844364
4831.512451	-53.842690
4834.204102	-54.905514
4836.895752	-54.674465
4839.587402	-55.253082
4842.279053	-54.139492
4844.970703	-56.309708
4847.662354	-54.029671
4850.354004	-55.142239
4853.045654	-55.266914
4855.737305	-53.726513
4858.428955	-55.642937
4861.120605	-55.070229
4863.812256	-55.027168
4866.503906	-54.902828
4869.195557	-55.255291
4871.887207	-54.172161
4874.578857	-54.740005
4877.270508	-55.808075
4879.962158	-55.783054
4882.653809	-55.389313
4885.345459	-56.695168
4888.037109	-54.288044
4890.728760	-54.996326
4893.420410	-55.705833
4896.112061	-56.367447
4898.803711	-55.611557
4901.495361	-55.114136
4904.187012	-54.833847
4906.878662	-54.539608
4909.570312	-55.033329
4912.261963	-54.402851
4914.953613	-55.501392
4917.645264	-55.975510
4920.336914	-54.920208
4923.028564	-54.998962
4925.720215	-53.539757
4928.411865	-55.084064
4931.103516	-53.553528
4933.795166	-54.323277
4936.486816	-53.973358
4939.178467	-54.709118
4941.870117	-55.129364
4944.561768	-54.001392
4947.253418	-53.919979
4949.945068	-52.820099
4952.636719	-53.524750
4955.328369	-53.183441
4958.020020	-52.648933
4960.711670	-54.628292
4963.403320	-53.381557
4966.094971	-52.915012
4968.786621	-53.390247
4971.478271	-53.090027
4974.169922	-52.643925
4976.861572	-53.306351
4979.553223	-54.257442
4982.244873	-52.030117
4984.936523	-51.698009
4987.628174	-51.752205
4990.319824	-53.207085
4993.011475	-52.904209
4995.703125	-52.290970
4998.394775	-51.671730
5001.086426	-51.921997
5003.778076	-50.769413
5006.469727	-50.956200
5009.161377	-51.022770
5011.853027	-51.176388
5014.544678	-49.550362
5017.236328	-49.596783
5019.927979	-49.773411
5022.619629	-49.299084
5025.311279	-49.890041
5028.002930	-50.034180
5030.694580	-50.975086
5033.386230	-48.175011
5036.077881	-48.133530
5038.769531	-47.424084
5041.461182	-47.252640
5044.152832	-48.613625
5046.844482	-47.456093
5049.536133	-46.950096
5052.227783	-46.604073
5054.919434	-46.627953
5057.611084	-45.698666
5060.302734	-45.232124
5062.994385	-44.617180
5065.686035	-45.073544
5068.377686	-44.629601
5071.069336	-44.687153
5073.760986	-44.241611
5076.452637	-41.990990
5079.144287	-42.554707
5081.835938	-41.934467
5084.527588	-42.702110
5087.219238	-41.867809
5089.910889	-41.174927
5092.602539	-41.079948
5095.294189	-39.105492
5097.985840	-39.854469
5100.677490	-41.227768
5103.369141	-40.604198
5106.060791	-41.105736
5108.752441	-41.670769
5111.444092	-40.674522
5114.135742	-43.702972
5116.827393	-42.693615
5119.519043	-44.655743
5122.210693	-45.474079
5124.902344	-43.743618
5127.593994	-44.212250
5130.285645	-44.356937
5132.977295	-45.028229
5135.668945	-46.843693
5138.360596	-45.730816
5141.052246	-47.841194
5143.743896	-46.584667
5146.435547	-48.196758
5149.127197	-47.574074
5151.818848	-47.125263
5154.510498	-47.658924
5157.202148	-48.658035
5159.893799	-48.873177
5162.585449	-48.824150
5165.277100	-48.640984
5167.968750	-49.587227
5170.660400	-50.577324
5173.352051	-50.212608
5176.043701	-50.994492
5178.735352	-51.287987
5181.427002	-52.508213
5184.118652	-52.012066
5186.810303	-52.490059
5189.501953	-50.219528
5192.193604	-50.736462
5194.885254	-51.221153
5197.576904	-51.256218
5200.268555	-52.086346
5202.960205	-53.487350
5205.651855	-52.022556
5208.343506	-53.763000
5211.035156	-51.760235
5213.726807	-52.024628
5216.418457	-52.634411
5219.110107	-53.918854
5221.801758	-55.039135
5224.493408	-54.227848
5227.185059	-53.865013
5229.876709	-54.173573
5232.568359	-52.972912
5235.260010	-52.508617
5237.951660	-53.743195
5240.643311	-54.043869
5243.334961	-54.380497
5246.026611	-53.883568
5248.718262	-55.133411
5251.409912	-54.385246
5254.101562	-54.331570
5256.793213	-54.119442
5259.484863	-53.789600
5262.176514	-53.740616
5264.868164	-54.071861
5267.559814	-53.778034
5270.251465	-53.450100
5272.943115	-54.668789
5275.634766	-53.248859
5278.326416	-53.744087
5281.018066	-53.411163
5283.709717	-54.437870
5286.401367	-54.418274
5289.093018	-54.758533
5291.784668	-54.352890
5294.476318	-55.036110
5297.167969	-55.043171
5299.859619	-53.572651
5302.551270	-53.851425
5305.242920	-54.088810
5307.934570	-54.725494
5310.626221	-53.688015
5313.317871	-53.557140
5316.009521	-53.433823
5318.701172	-52.725983
5321.392822	-53.122272
5324.084473	-52.380154
5326.776123	-54.301811
5329.467773	-54.731285
5332.159424	-53.965340
5334.851074	-54.297680
5337.542725	-55.501858
5340.234375	-53.751659
5342.926025	-54.076817
5345.617676	-53.815918
5348.309326	-53.657684
5351.000977	-53.434792
5353.692627	-54.267010
5356.384277	-54.027000
5359.075928	-53.615677
5361.767578	-53.573185
5364.459229	-53.623203
5367.150879	-53.004700
5369.842529	-53.353439
5372.534180	-52.484814
5375.225830	-53.090038
5377.917480	-52.287460
5380.609131	-52.776588
5383.300781	-53.089321
5385.992432	-52.761227
5388.684082	-51.535210
5391.375732	-52.722088
5394.067383	-51.779911
5396.759033	-51.539101
5399.450684	-50.644688
5402.142334	-51.441242
5404.833984	-50.909122
5407.525635	-51.219242
5410.217285	-50.798862
5412.908936	-49.853039
5415.600586	-50.557537
5418.292236	-49.885700
5420.983887	-49.890697
5423.675537	-50.822567
5426.367188	-49.907692
5429.058838	-49.685978
5431.750488	-47.514851
5434.442139	-49.309940
5437.133789	-49.513306
5439.825439	-48.403496
5442.517090	-47.818081
5445.208740	-48.833397
5447.900391	-47.841057
5450.592041	-48.333447
5453.283691	-47.799347
5455.975342	-47.609566
5458.666992	-47.935375
5461.358643	-46.474747
5464.050293	-44.812664
5466.741943	-45.723930
5469.433594	-46.171658
5472.125244	-44.403156
5474.816895	-44.028271
5477.508545	-45.214622
5480.200195	-45.194115
5482.891846	-42.973854
5485.583496	-42.460007
5488.275146	-42.919495
5490.966797	-43.055565
5493.658447	-41.264652
5496.350098	-40.972054
5499.041748	-39.620052
5501.733398	-40.843266
5504.425049	-40.383018
5507.116699	-38.715733
5509.808350	-38.705235
5512.500000	-40.246548
5515.191650	-39.350342
5517.883301	-39.015041
5520.574951	-39.601410
5523.266602	-40.412121
5525.958252	-42.013878
5528.649902	-40.160065
5531.341553	-40.497643
5534.033203	-42.096718
5536.724854	-41.569626
5539.416504	-42.486359
5542.108154	-42.697845
5544.799805	-44.387337
5547.491455	-44.648911
5550.183105	-44.489532
5552.874756	-44.693260
5555.566406	-44.197815
5558.258057	-44.833244
5560.949707	-45.348381
5563.641357	-45.455376
5566.333008	-47.244789
5569.024658	-46.224712
5571.716309	-46.390713
5574.407959	-47.764355
5577.099609	-48.575745
5579.791260	-47.624973
5582.482910	-47.592049
5585.174561	-48.724033
5587.866211	-48.633266
5590.557861	-47.827129
5593.249512	-48.199265
5595.941162	-46.853840
5598.632812	-49.283745
5601.324463	-50.370556
5604.016113	-49.418343
5606.707764	-51.920845
5609.399414	-51.002640
5612.091064	-50.199570
5614.782715	-51.070358
5617.474365	-51.831547
5620.166016	-50.874237
5622.857666	-50.972069
5625.549316	-50.685894
5628.240967	-50.855820
5630.932617	-51.010170
5633.624268	-51.058090
5636.315918	-52.158718
5639.007568	-53.206573
5641.699219	-52.789417
5644.390869	-51.970020
5647.082520	-51.094654
5649.774170	-51.599136
5652.465820	-52.587757
5655.157471	-52.033108
5657.849121	-51.406826
5660.540771	-52.476254
5663.232422	-51.506977
5665.924072	-52.260475
5668.615723	-52.115723
5671.307373	-52.523869
5673.999023	-53.527493
5676.690674	-52.424404
5679.382324	-51.655205
5682.073975	-51.084682
5684.765625	-53.991089
5687.457275	-52.552986
5690.148926	-53.544479
5692.840576	-53.278904
5695.532227	-53.671272
5698.223877	-53.644096
5700.915527	-53.118538
5703.607178	-54.049911
5706.298828	-51.974766
5708.990479	-53.393085
5711.682129	-54.859737
5714.373779	-53.767868
5717.065430	-52.245007
5719.757080	-53.861195
5722.448730	-53.504208
5725.140381	-53.732883
5727.832031	-53.532330
5730.523682	-51.875832
5733.215332	-52.626324
5735.906982	-52.788879
5738.598633	-53.171265
5741.290283	-51.545128
5743.981934	-52.565502
5746.673584	-52.386314
5749.365234	-52.586716
5752.056885	-51.899502
5754.748535	-51.663612
5757.440186	-51.988800
5760.131836	-51.771820
5762.823486	-51.894062
5765.515137	-53.793053
5768.206787	-53.062565
5770.898438	-51.636036
5773.590088	-51.886215
5776.281738	-51.320045
5778.973389	-51.573429
5781.665039	-51.903564
5784.356689	-52.144390
5787.048340	-51.888271
5789.739990	-51.476952
5792.431641	-51.849762
5795.123291	-51.709442
5797.814941	-50.922913
5800.506592	-52.569801
5803.198242	-52.047100
5805.889893	-49.780827
5808.581543	-52.175697
5811.273193	-49.174370
5813.964844	-48.529049
5816.656494	-50.084789
5819.348145	-49.208569
5822.039795	-49.653160
5824.731445	-49.674648
5827.423096	-50.015232
5830.114746	-50.351562
5832.806396	-49.458324
5835.498047	-49.143616
5838.189697	-50.157085
5840.881348	-48.925346
5843.572998	-48.816128
5846.264648	-48.032677
5848.956299	-47.756153
5851.647949	-48.422642
5854.339600	-48.900742
5857.031250	-47.397602
5859.722900	-47.231640
5862.414551	-45.543236
5865.106201	-45.551483
5867.797852	-46.703548
5870.489502	-46.452675
5873.181152	-45.062256
5875.872803	-44.775387
5878.564453	-44.118206
5881.256104	-45.114433
5883.947754	-43.323265
5886.639404	-43.979126
5889.331055	-42.722019
5892.022705	-43.554710
5894.714355	-43.434017
5897.406006	-44.169964
5900.097656	-43.552151
5902.789307	-41.098835
5905.480957	-40.698959
5908.172607	-41.369972
5910.864258	-40.152855
5913.555908	-39.774151
5916.247559	-40.358150
5918.939209	-39.194233
5921.630859	-38.207302
5924.322510	-38.679882
5927.014160	-38.715714
5929.705811	-38.064659
5932.397461	-39.093716
5935.089111	-38.708546
5937.780762	-38.341991
5940.472412	-39.021652
5943.164062	-40.271019
5945.855713	-40.727036
5948.547363	-39.792404
5951.239014	-41.616341
5953.930664	-41.518570
5956.622314	-41.089039
5959.313965	-43.303043
5962.005615	-43.654259
5964.697266	-44.058239
5967.388916	-42.647148
5970.080566	-43.244099
5972.772217	-43.757710
5975.463867	-44.553188
5978.155518	-44.915951
5980.847168	-44.956028
5983.538818	-43.852764
5986.230469	-44.199692
5988.922119	-44.808300
5991.613770	-45.520172
5994.305420	-46.127499
5996.997070	-46.072880
5999.688721	-46.815731
6002.380371	-47.099812
6005.072021	-48.109398
6007.763672	-47.340080
6010.455322	-47.549522
6013.146973	-47.946201
6015.838623	-47.796032
6018.530273	-47.924488
6021.221924	-48.503376
6023.913574	-49.487396
6026.605225	-48.674713
6029.296875	-48.640495
6031.988525	-50.558018
6034.680176	-50.270836
6037.371826	-51.004410
6040.063477	-49.911591
6042.755127	-51.041927
6045.446777	-50.214428
6048.138428	-49.796192
6050.830078	-50.829117
6053.521729	-50.082062
6056.213379	-50.403019
6058.905029	-50.346004
6061.596680	-52.687099
6064.288330	-51.264080
6066.979980	-51.453300
6069.671631	-50.900673
6072.363281	-51.253349
6075.054932	-50.971138
6077.746582	-50.761726
6080.438232	-50.897038
6083.129883	-50.084393
6085.821533	-51.763474
6088.513184	-52.197769
6091.204834	-51.876175
6093.896484	-53.647709
6096.588135	-50.855251
6099.279785	-52.746376
6101.971436	-52.604198
6104.663086	-51.421436
6107.354736	-53.064560
6110.046387	-53.730438
6112.738037	-54.149559
6115.429688	-53.075340
6118.121338	-52.543381
6120.812988	-52.475517
6123.504639	-52.078308
6126.196289	-52.372807
6128.887939	-51.802128
6131.579590	-52.732002
6134.271240	-53.408188
6136.962891	-51.989670
6139.654541	-52.321167
6142.346191	-53.654953
6145.037842	-52.667400
6147.729492	-52.409245
6150.421143	-52.532501
6153.112793	-52.766220
6155.804443	-52.297047
6158.496094	-53.452484
6161.187744	-53.354412
6163.879395	-53.536995
6166.571045	-53.161224
6169.262695	-53.673321
6171.954346	-52.767910
6174.645996	-53.006599
6177.337646	-52.680515
6180.029297	-51.306358
6182.720947	-53.003922
6185.412598	-53.035027
6188.104248	-52.784973
6190.795898	-51.890713
6193.487549	-51.821056
6196.179199	-50.994301
6198.870850	-50.752796
6201.562500	-51.654358
6204.254150	-51.455719
6206.945801	-51.238644
6209.637451	-51.143288
6212.329102	-51.891781
6215.020752	-51.235893
6217.712402	-51.884438
6220.404053	-50.995621
6223.095703	-50.095856
6225.787354	-51.823902
6228.479004	-49.929611
6231.170654	-50.572582
6233.862305	-49.877438
6236.553955	-50.835129
6239.245605	-50.939133
6241.937256	-50.712326
6244.628906	-51.440277
6247.320557	-50.206707
6250.012207	-51.249393
6252.703857	-49.862080
6255.395508	-48.765118
6258.087158	-49.954052
6260.778809	-49.719208
6263.470459	-49.731152
6266.162109	-48.661346
6268.853760	-47.868202
6271.545410	-49.071964
6274.237061	-46.999321
6276.928711	-46.921829
6279.620361	-48.499256
6282.312012	-47.594952
6285.003662	-45.148335
6287.695312	-47.156910
6290.386963	-46.503674
6293.078613	-45.370808
6295.770264	-45.322166
6298.461914	-45.604927
6301.153564	-44.272041
6303.845215	-44.451416
6306.536865	-43.962246
6309.228516	-44.679695
6311.920166	-43.229031
6314.611816	-43.189487
6317.303467	-44.328087
6319.995117	-43.254639
6322.686768	-42.320721
6325.378418	-42.865078
6328.070068	-42.290260
6330.761719	-41.388920
6333.453369	-40.979542
6336.145020	-40.744884
6338.836670	-41.123650
6341.528320	-41.678028
6344.219971	-39.500511
6346.911621	-41.673382
6349.603271	-42.051918
6352.294922	-41.044582
6354.986572	-40.419315
6357.678223	-41.748775
6360.369873	-40.222206
6363.061523	-41.180267
6365.753174	-42.431778
6368.444824	-41.878235
6371.136475	-43.945778
6373.828125	-41.686432
6376.519775	-43.352909
6379.211426	-43.347805
6381.903076	-43.226326
6384.594727	-45.688034
6387.286377	-44.853043
6389.978027	-45.506317
6392.669678	-45.990475
6395.361328	-45.453068
6398.052979	-45.613182
6400.744629	-46.449322
6403.436279	-47.146732
6406.127930	-46.962002
6408.819580	-47.415260
6411.511230	-47.324528
6414.202881	-47.677219
6416.894531	-48.716507
6419.586182	-48.789753
6422.277832	-49.194481
6424.969482	-48.132717
6427.661133	-50.040623
6430.352783	-50.046001
6433.044434	-49.251301
6435.736084	-49.124397
6438.427734	-48.957092
6441.119385	-50.660992
6443.811035	-50.424057
6446.502686	-51.266693
6449.194336	-50.177933
6451.885986	-50.863766
6454.577637	-51.818279
6457.269287	-51.741089
6459.960938	-52.656448
6462.652588	-50.809090
6465.344238	-50.122021
6468.035889	-52.380844
6470.727539	-52.375916
6473.419189	-51.283340
6476.110840	-51.257774
6478.802490	-53.278912
6481.494141	-52.334572
6484.185791	-52.017532
6486.877441	-53.188667
6489.569092	-51.332653
6492.260742	-53.575230
6494.952393	-51.769630
6497.644043	-53.256809
6500.335693	-53.093334
6503.027344	-53.961559
6505.718994	-52.545052
6508.410645	-53.893852
6511.102295	-53.635162
6513.793945	-53.110245
6516.485596	-54.373348
6519.177246	-53.885014
6521.868896	-53.101368
6524.560547	-53.241547
6527.252197	-54.560268
6529.943848	-53.690235
6532.635498	-53.044678
6535.327148	-55.242344
6538.018799	-53.906113
6540.710449	-53.728928
6543.402100	-53.721230
6546.093750	-52.422104
6548.785400	-53.312267
6551.477051	-55.142178
6554.168701	-52.891018
6556.860352	-54.897594
6559.552002	-54.295235
6562.243652	-54.976757
6564.935303	-54.819813
6567.626953	-54.838318
6570.318604	-53.572861
6573.010254	-54.164764
6575.701904	-53.959248
6578.393555	-54.511143
6581.085205	-54.056347
6583.776855	-55.407043
6586.468506	-53.289192
6589.160156	-52.921055
6591.851807	-53.178444
6594.543457	-53.825375
6597.235107	-53.290333
6599.926758	-53.524895
6602.618408	-53.895920
6605.310059	-53.277401
6608.001709	-54.056999
6610.693359	-53.624081
6613.385010	-52.975224
6616.076660	-52.688957
6618.768311	-54.882309
6621.459961	-52.780869
6624.151611	-53.011444
6626.843262	-53.475506
6629.534912	-53.119076
6632.226562	-53.157688
6634.918213	-53.919823
6637.609863	-52.077385
6640.301514	-53.352283
6642.993164	-53.551987
6645.684814	-52.694908
6648.376465	-52.583885
6651.068115	-52.385166
6653.759766	-52.992306
6656.451416	-51.189888
6659.143066	-51.426941
6661.834717	-52.333977
6664.526367	-53.983585
6667.218018	-52.337116
6669.909668	-51.582336
6672.601318	-50.300846
6675.292969	-49.843605
6677.984619	-52.079208
6680.676270	-51.360065
6683.367920	-50.005226
6686.059570	-50.682816
6688.751221	-49.428524
6691.442871	-50.901367
6694.134521	-49.883373
6696.826172	-49.588173
6699.517822	-49.638618
6702.209473	-49.233212
6704.901123	-49.108200
6707.592773	-49.803951
6710.284424	-47.378864
6712.976074	-47.381054
6715.667725	-47.141613
6718.359375	-47.307652
6721.051025	-46.650578
6723.742676	-46.824753
6726.434326	-47.727962
6729.125977	-46.516380
6731.817627	-47.286442
6734.509277	-47.807510
6737.200928	-45.792809
6739.892578	-45.359219
6742.584229	-46.815548
6745.275879	-45.875435
6747.967529	-44.541969
6750.659180	-44.327206
6753.350830	-44.713295
6756.042480	-44.566410
6758.734131	-43.087624
6761.425781	-42.127846
6764.117432	-43.180157
6766.809082	-43.554779
6769.500732	-43.434753
6772.192383	-42.605717
6774.884033	-43.122952
6777.575684	-44.691177
6780.267334	-44.881115
6782.958984	-43.927303
6785.650635	-44.014744
6788.342285	-44.125938
6791.033936	-46.584179
6793.725586	-46.468315
6796.417236	-48.068691
6799.108887	-45.659725
6801.800537	-46.105335
6804.492188	-46.941216
6807.183838	-46.559875
6809.875488	-46.706741
6812.567139	-48.117516
6815.258789	-47.263378
6817.950439	-47.742874
6820.642090	-49.504948
6823.333740	-49.801670
6826.025391	-51.032768
6828.717041	-48.672428
6831.408691	-50.984024
6834.100342	-51.822674
6836.791992	-49.806931
6839.483643	-48.186108
6842.175293	-51.212704
6844.866943	-50.724751
6847.558594	-50.508472
6850.250244	-51.142765
6852.941895	-51.842091
6855.633545	-50.500603
6858.325195	-52.923733
6861.016846	-51.494019
6863.708496	-51.886780
6866.400146	-51.650398
6869.091797	-52.485455
6871.783447	-51.500607
6874.475098	-52.591610
6877.166748	-52.658928
6879.858398	-52.341530
6882.550049	-53.083374
6885.241699	-52.738361
6887.933350	-52.874149
6890.625000	-51.941906
6893.316650	-53.572945
6896.008301	-54.005135
6898.699951	-52.844528
6901.391602	-52.662624
6904.083252	-54.382084
6906.774902	-54.187546
6909.466553	-54.607136
6912.158203	-53.726120
6914.849854	-55.403969
6917.541504	-54.377533
6920.233154	-54.311096
6922.924805	-53.513588
6925.616455	-53.764332
6928.308105	-53.834175
6930.999756	-55.648331
6933.691406	-53.629093
6936.383057	-55.375252
6939.074707	-54.534737
6941.766357	-54.581566
6944.458008	-55.094318
6947.149658	-54.023911
6949.841309	-55.013245
6952.532959	-55.131107
6955.224609	-55.337631
6957.916260	-54.407600
6960.607910	-56.182304
6963.299561	-55.552032
6965.991211	-55.658051
6968.682861	-55.598015
6971.374512	-54.535484
6974.066162	-57.323574
6976.757812	-56.652359
6979.449463	-56.837059
6982.141113	-54.272926
6984.832764	-54.848118
6987.524414	-55.113205
6990.216064	-56.010593
6992.907715	-54.892414
6995.599365	-55.068409
6998.291016	-55.409824
7000.982666	-55.013477
7003.674316	-55.574089
7006.365967	-55.312580
7009.057617	-55.502480
7011.749268	-54.251110
7014.440918	-54.266380
7017.132568	-54.476048
7019.824219	-54.719952
7022.515869	-56.625107
7025.207520	-56.440456
7027.899170	-54.907433
7030.590820	-54.816719
7033.282471	-54.561153
7035.974121	-54.855091
7038.665771	-54.681122
7041.357422	-53.843323
7044.049072	-55.361824
7046.740723	-54.405220
7049.432373	-54.631065
7052.124023	-55.840370
7054.815674	-55.379303
7057.507324	-54.325714
7060.198975	-54.927284
7062.890625	-54.319454
7065.582275	-53.784203
7068.273926	-52.969906
7070.965576	-54.181030
7073.657227	-53.847618
7076.348877	-53.709602
7079.040527	-54.442497
7081.732178	-54.841652
7084.423828	-53.330872
7087.115479	-52.721180
7089.807129	-52.868118
7092.498779	-53.588493
7095.190430	-51.744930
7097.882080	-51.411003
7100.573730	-52.446175
7103.265381	-51.801369
7105.957031	-52.098061
7108.648682	-51.745121
7111.340332	-50.382683
7114.031982	-53.424877
7116.723633	-50.806263
7119.415283	-51.796837
7122.106934	-52.235924
7124.798584	-49.229683
7127.490234	-50.941078
7130.181885	-49.611656
7132.873535	-49.959095
7135.565186	-50.817902
7138.256836	-49.564384
7140.948486	-49.778786
7143.640137	-49.545040
7146.331787	-49.849209
7149.023438	-48.869572
7151.715088	-49.007019
7154.406738	-48.427555
7157.098389	-48.086445
7159.790039	-48.149128
7162.481689	-47.873623
7165.173340	-47.062027
7167.864990	-46.678204
7170.556641	-47.965698
7173.248291	-46.905567
7175.939941	-47.131634
7178.631592	-47.151783
7181.323242	-45.968845
7184.014893	-45.820374
7186.706543	-46.839054
7189.398193	-45.595066
7192.089844	-46.190563
7194.781494	-46.471275
7197.473145	-44.878635
7200.164795	-47.703751
7202.856445	-47.838600
7205.548096	-46.458199
7208.239746	-47.123409
7210.931396	-46.971691
7213.623047	-47.063744
7216.314697	-46.037910
7219.006348	-47.574245
7221.697998	-47.417713
7224.389648	-48.771431
7227.081299	-47.397270
7229.772949	-47.328964
7232.464600	-47.338127
7235.156250	-47.642883
7237.847900	-49.465008
7240.539551	-49.552265
7243.231201	-48.874012
7245.922852	-50.043911
7248.614502	-49.686775
7251.306152	-49.835476
7253.997803	-50.317276
7256.689453	-50.157742
7259.381104	-51.009029
7262.072754	-49.731922
7264.764404	-52.063446
7267.456055	-51.907516
7270.147705	-51.710594
7272.839355	-51.129848
7275.531006	-51.174809
7278.222656	-52.680950
7280.914307	-52.449543
7283.605957	-51.285576
7286.297607	-51.664703
7288.989258	-53.111107
7291.680908	-53.274872
7294.372559	-52.866016
7297.064209	-53.425694
7299.755859	-53.667061
7302.447510	-53.313770
7305.139160	-54.798752
7307.830811	-54.885571
7310.522461	-53.203693
7313.214111	-54.398582
7315.905762	-52.898659
7318.597412	-53.727684
7321.289062	-54.022903
7323.980713	-54.830494
7326.672363	-54.969852
7329.364014	-54.492287
7332.055664	-54.926250
7334.747314	-54.151981
7337.438965	-54.404999
7340.130615	-56.104061
7342.822266	-55.311703
7345.513916	-54.792942
7348.205566	-55.925404
7350.897217	-54.846104
7353.588867	-56.986900
7356.280518	-55.831104
7358.972168	-56.724995
7361.663818	-55.638638
7364.355469	-55.055389
7367.047119	-55.548794
7369.738770	-55.488266
7372.430420	-56.089764
7375.122070	-55.819523
7377.813721	-55.732513
7380.505371	-54.794117
7383.197021	-56.760605
7385.888672	-55.979809
7388.580322	-56.348965
7391.271973	-56.531723
7393.963623	-57.037766
7396.655273	-57.238327
7399.346924	-56.141113
7402.038574	-56.879093
7404.730225	-56.740620
7407.421875	-56.494633
7410.113525	-55.096470
7412.805176	-55.762257
7415.496826	-57.929157
7418.188477	-57.374352
7420.880127	-55.417595
7423.571777	-55.582409
7426.263428	-57.271683
7428.955078	-56.272091
7431.646729	-57.719685
7434.338379	-55.816879
7437.030029	-56.512524
7439.721680	-56.916542
7442.413330	-55.716301
7445.104980	-55.829842
7447.796631	-56.608074
7450.488281	-55.380566
7453.179932	-55.131245
7455.871582	-56.442230
7458.563232	-56.186176
7461.254883	-55.949207
7463.946533	-54.945175
7466.638184	-55.548462
7469.329834	-55.631126
7472.021484	-55.178829
7474.713135	-55.329998
7477.404785	-55.177876
7480.096436	-54.509075
7482.788086	-55.820084
7485.479736	-56.498035
7488.171387	-55.237350
7490.863037	-54.424892
7493.554688	-54.314976
7496.246338	-53.630962
7498.937988	-55.824604
7501.629639	-54.304749
7504.321289	-53.798748
7507.012939	-53.668716
7509.704590	-53.827946
7512.396240	-54.578758
7515.087891	-54.130001
7517.779541	-53.855583
7520.471191	-55.200417
7523.162842	-53.446030
7525.854492	-52.826801
7528.546143	-53.576561
7531.237793	-53.091137
7533.929443	-52.493786
7536.621094	-52.630924
7539.312744	-52.684139
7542.004395	-52.267147
7544.696045	-52.458702
7547.387695	-53.569981
7550.079346	-51.845394
7552.770996	-51.942398
7555.462646	-51.238823
7558.154297	-50.379013
7560.845947	-50.599197
7563.537598	-50.755089
7566.229248	-51.460049
7568.920898	-49.698677
7571.612549	-48.855919
7574.304199	-49.305244
7576.995850	-49.248489
7579.687500	-50.450756
7582.379150	-49.886589
7585.070801	-49.685688
7587.762451	-49.539497
7590.454102	-49.604103
7593.145752	-48.311924
7595.837402	-48.143692
7598.529053	-48.378761
7601.220703	-47.602074
7603.912354	-46.505989
7606.604004	-47.593193
7609.295654	-46.894455
7611.987305	-46.526428
7614.678955	-47.100365
7617.370605	-47.336975
7620.062256	-47.039707
7622.753906	-47.313377
7625.445557	-48.066605
7628.137207	-47.721642
7630.828857	-46.761845
7633.520508	-46.776596
7636.212158	-47.875851
7638.903809	-47.648235
7641.595459	-47.902981
7644.287109	-47.460938
7646.978760	-47.418362
7649.670410	-48.996441
7652.362061	-48.769760
7655.053711	-49.464458
7657.745361	-48.437534
7660.437012	-48.860146
7663.128662	-49.505268
7665.820312	-48.983402
7668.511963	-49.431782
7671.203613	-48.518349
7673.895264	-49.246689
7676.586914	-49.223057
7679.278564	-48.993687
7681.970215	-49.522526
7684.661865	-49.437634
7687.353516	-51.688625
7690.045166	-51.051224
7692.736816	-49.900291
7695.428467	-51.261932
7698.120117	-52.595863
7700.811768	-52.262161
7703.503418	-51.701805
7706.195068	-50.875694
7708.886719	-52.841503
7711.578369	-52.370796
7714.270020	-53.166328
7716.961670	-53.525681
7719.653320	-54.005684
7722.344971	-54.460812
7725.036621	-52.201778
7727.728271	-54.103607
7730.419922	-54.374901
7733.111572	-52.256275
7735.803223	-54.874100
7738.494873	-54.849735
7741.186523	-55.463017
7743.878174	-53.706432
7746.569824	-53.689911
7749.261475	-54.188164
7751.953125	-54.269299
7754.644775	-54.925995
7757.336426	-53.177261
7760.028076	-53.805202
7762.719727	-55.318279
7765.411377	-55.094139
7768.103027	-55.802582
7770.794678	-54.731869
7773.486328	-55.335453
7776.177979	-55.879936
7778.869629	-55.689728
7781.561279	-54.794956
7784.252930	-56.586964
7786.944580	-55.067226
7789.636230	-56.787243
7792.327881	-56.742271
7795.019531	-55.294968
7797.711182	-54.931023
7800.402832	-56.669338
7803.094482	-56.812073
7805.786133	-56.839542
7808.477783	-56.347256
7811.169434	-56.532879
7813.861084	-56.118073
7816.552734	-56.017277
7819.244385	-55.394207
7821.936035	-57.420109
7824.627686	-56.399208
7827.319336	-57.098003
7830.010986	-57.186489
7832.702637	-55.816776
7835.394287	-57.215996
7838.085938	-55.663296
7840.777588	-56.281376
7843.469238	-56.719917
7846.160889	-55.868137
7848.852539	-56.036903
7851.544189	-56.838837
7854.235840	-56.532845
7856.927490	-55.584927
7859.619141	-56.048691
7862.310791	-55.991646
7865.002441	-56.605492
7867.694092	-56.412491
7870.385742	-55.354336
7873.077393	-56.172695
7875.769043	-57.789082
7878.460693	-55.316479
7881.152344	-56.488480
7883.843994	-55.810020
7886.535645	-57.212532
7889.227295	-56.879391
7891.918945	-56.129833
7894.610596	-55.442039
7897.302246	-56.214836
7899.993896	-55.071888
7902.685547	-54.769539
7905.377197	-56.666496
7908.068848	-55.718220
7910.760498	-54.874889
7913.452148	-54.673996
7916.143799	-54.827709
7918.835449	-53.902206
7921.527100	-54.255714
7924.218750	-55.501953
7926.910400	-54.296883
7929.602051	-54.594135
7932.293701	-54.074760
7934.985352	-54.005020
7937.677002	-53.686466
7940.368652	-53.984890
7943.060303	-53.721210
7945.751953	-53.999760
7948.443604	-53.979652
7951.135254	-53.895077
7953.826904	-52.424141
7956.518555	-52.602921
7959.210205	-52.471565
7961.901855	-52.565613
7964.593506	-52.927277
7967.285156	-53.445824
7969.976807	-53.127331
7972.668457	-51.587692
7975.360107	-51.196617
7978.051758	-51.427692
7980.743408	-50.101215
7983.435059	-51.152363
7986.126709	-50.464046
7988.818359	-49.575211
7991.510010	-49.741390
7994.201660	-50.458569
7996.893311	-49.101551
7999.584961	-49.194176
8002.276611	-49.585278
8004.968262	-49.150715
8007.659912	-47.601048
8010.351562	-48.396381
8013.043213	-48.978168
8015.734863	-49.403831
8018.426514	-48.316555
8021.118164	-48.307934
8023.809814	-47.726601
8026.501465	-47.562321
8029.193115	-47.841419
8031.884766	-47.807880
8034.576416	-47.772453
8037.268066	-47.766979
8039.959717	-45.935230
8042.651367	-46.771938
8045.343018	-47.722790
8048.034668	-46.110786
8050.726318	-46.162148
8053.417969	-46.489292
8056.109619	-45.717670
8058.801270	-47.145756
8061.492920	-46.626663
8064.184570	-47.179028
8066.876221	-47.335274
8069.567871	-48.404247
8072.259521	-46.468212
8074.951172	-47.735096
8077.642822	-47.090401
8080.334473	-47.354031
8083.026123	-48.792446
8085.717773	-47.934570
8088.409424	-47.349873
8091.101074	-48.003216
8093.792725	-49.748417
8096.484375	-48.996056
8099.176025	-48.648365
8101.867676	-49.128551
8104.559326	-50.588982
8107.250977	-49.696545
8109.942627	-50.519905
8112.634277	-51.041809
8115.325928	-49.638496
8118.017578	-50.832268
8120.709229	-49.395535
8123.400879	-51.568287
8126.092529	-52.901283
8128.784180	-52.126007
8131.475830	-51.445992
8134.167480	-51.440224
8136.859131	-52.547565
8139.550781	-52.814491
8142.242432	-53.225979
8144.934082	-52.374851
8147.625732	-52.990166
8150.317383	-52.733528
8153.009033	-54.165585
8155.700684	-53.337791
8158.392334	-53.762756
8161.083984	-54.702541
8163.775635	-54.068691
8166.467285	-55.391670
8169.158936	-55.054855
8171.850586	-53.997635
8174.542236	-54.531193
8177.233887	-54.824657
8179.925537	-55.738518
8182.617188	-54.644859
8185.308838	-54.420074
8188.000488	-54.197105
8190.692139	-55.745773
8193.383789	-55.523903
8196.075439	-54.931389
8198.767090	-55.211605
8201.458740	-56.126217
8204.150391	-54.007511
8206.842041	-55.806553
8209.533691	-55.748184
8212.225342	-56.449577
8214.916992	-55.147598
8217.608643	-56.188599
8220.300293	-55.232632
8222.991943	-56.043880
8225.683594	-55.699917
8228.375244	-56.054916
8231.066895	-55.604134
8233.758545	-55.494343
8236.450195	-56.641239
8239.141846	-55.156013
8241.833496	-56.392803
8244.525146	-56.424229
8247.216797	-55.799488
8249.908447	-55.587593
8252.600098	-56.578953
8255.291748	-57.232243
8257.983398	-55.864681
8260.675049	-54.988770
8263.366699	-55.568562
8266.058350	-56.325676
8268.750000	-55.813976
8271.441650	-56.656017
8274.133301	-54.949707
8276.824951	-55.725761
8279.516602	-58.177704
8282.208252	-54.962357
8284.899902	-56.857758
8287.591553	-56.160290
8290.283203	-55.853523
8292.974854	-55.377407
8295.666504	-56.302067
8298.358154	-55.130730
8301.049805	-55.071171
8303.741455	-55.092251
8306.433105	-54.946095
8309.124756	-56.302700
8311.816406	-56.836842
8314.508057	-55.327538
8317.199707	-55.449451
8319.891357	-55.906216
8322.583008	-56.431160
8325.274658	-54.967709
8327.966309	-55.756836
8330.657959	-55.784771
8333.349609	-55.087837
8336.041260	-54.252998
8338.732910	-55.634747
8341.424561	-54.541862
8344.116211	-53.679420
8346.807861	-53.887493
8349.499512	-54.055424
8352.191162	-53.499550
8354.882812	-52.834076
8357.574463	-54.050182
8360.266113	-54.581554
8362.957764	-54.084141
8365.649414	-53.829735
8368.341064	-55.035057
8371.032715	-55.741421
8373.724365	-54.268456
8376.416016	-53.250080
8379.107666	-52.974030
8381.799316	-53.991505
8384.490967	-52.363678
8387.182617	-51.881264
8389.874268	-52.448189
8392.565918	-52.064148
8395.257568	-52.691055
8397.949219	-52.257938
8400.640869	-51.627701
8403.332520	-51.459450
8406.024170	-51.465809
8408.715820	-51.815556
8411.407471	-50.598610
8414.099121	-50.560738
8416.790771	-50.563484
8419.482422	-50.710796
8422.174072	-50.165146
8424.865723	-49.681435
8427.557373	-49.272587
8430.249023	-47.684563
8432.940674	-49.408386
8435.632324	-47.043350
8438.323975	-49.015823
8441.015625	-47.093426
8443.707275	-47.045448
8446.398926	-47.185715
8449.090576	-46.842472
8451.782227	-46.754444
8454.473877	-45.664951
8457.165527	-45.582848
8459.857178	-47.787151
8462.548828	-46.182453
8465.240479	-47.214096
8467.932129	-45.203983
8470.623779	-45.859295
8473.315430	-44.800694
8476.007080	-44.954323
8478.698730	-46.802582
8481.390381	-45.561920
8484.082031	-45.549206
8486.773682	-45.370010
8489.465332	-47.549126
8492.156982	-45.737194
8494.848633	-46.267857
8497.540283	-46.287121
8500.231934	-45.945732
8502.923584	-46.751644
8505.615234	-46.910133
8508.306885	-46.588856
8510.998535	-46.730595
8513.690186	-47.228424
8516.381836	-47.556286
8519.073486	-47.921604
8521.765137	-47.429611
8524.456787	-47.762764
8527.148438	-49.027054
8529.840088	-49.752621
8532.531738	-48.865570
8535.223389	-50.022831
8537.915039	-49.670654
8540.606689	-49.810246
8543.298340	-50.485863
8545.989990	-49.968933
8548.681641	-50.428455
8551.373291	-52.007435
8554.064941	-52.526386
8556.756592	-52.396652
8559.448242	-51.622070
8562.139893	-52.264973
8564.831543	-53.073143
8567.523193	-53.991302
8570.214844	-54.282597
8572.906494	-53.560219
8575.598145	-53.163845
8578.289795	-53.026081
8580.981445	-53.108173
8583.673096	-54.714443
8586.364746	-53.861740
8589.056396	-54.207504
8591.748047	-55.049129
8594.439697	-54.357979
8597.131348	-54.613590
8599.822998	-55.269684
8602.514648	-54.293018
8605.206299	-54.899990
8607.897949	-54.559719
8610.589600	-54.449860
8613.281250	-55.169334
8615.972900	-55.607807
8618.664551	-55.699387
8621.356201	-56.598873
8624.047852	-54.745888
8626.739502	-53.760757
8629.431152	-54.947590
8632.122803	-55.217747
8634.814453	-54.762074
8637.506104	-55.237030
8640.197754	-56.184956
8642.889404	-55.478920
8645.581055	-54.888412
8648.272705	-56.458809
8650.964355	-57.432716
8653.656006	-55.842064
8656.347656	-55.139923
8659.039307	-55.746807
8661.730957	-56.199261
8664.422607	-55.964748
8667.114258	-56.867966
8669.805908	-56.456985
8672.497559	-55.458260
8675.189209	-56.906841
8677.880859	-56.338516
8680.572510	-57.003826
8683.264160	-57.087788
8685.955811	-57.146839
8688.647461	-55.872173
8691.339111	-55.926144
8694.030762	-56.605122
8696.722412	-56.765961
8699.414062	-56.302227
8702.105713	-55.943600
8704.797363	-55.519779
8707.489014	-56.540699
8710.180664	-57.091724
8712.872314	-57.894642
8715.563965	-56.176170
8718.255615	-54.847992
8720.947266	-56.331356
8723.638916	-56.970104
8726.330566	-56.498981
8729.022217	-56.769550
8731.713867	-55.191292
8734.405518	-55.195202
8737.097168	-55.366192
8739.788818	-56.491455
8742.480469	-55.590485
8745.172119	-54.983494
8747.863770	-55.791927
8750.555420	-54.928249
8753.247070	-54.697308
8755.938721	-54.499222
8758.630371	-54.896381
8761.322021	-54.856441
8764.013672	-54.370541
8766.705322	-53.714901
8769.396973	-53.772442
8772.088623	-52.276699
8774.780273	-53.824654
8777.471924	-53.491909
8780.163574	-53.529240
8782.855225	-55.520782
8785.546875	-53.885307
8788.238525	-53.965729
8790.930176	-53.762901
8793.621826	-52.201336
8796.313477	-51.850403
8799.005127	-52.822063
8801.696777	-53.325481
8804.388428	-53.485462
8807.080078	-51.346222
8809.771729	-51.978695
8812.463379	-51.962826
8815.155029	-51.056084
8817.846680	-51.449516
8820.538330	-50.286125
8823.229980	-50.815792
8825.921631	-51.300938
8828.613281	-51.949257
8831.304932	-50.986111
8833.996582	-49.851994
8836.688232	-51.082470
8839.379883	-49.171711
8842.071533	-48.557148
8844.763184	-49.405113
8847.454834	-48.784298
8850.146484	-48.976273
8852.838135	-49.172771
8855.529785	-48.886738
8858.221436	-47.737202
8860.913086	-46.975391
8863.604736	-46.191952
8866.296387	-47.169498
8868.988037	-47.390915
8871.679688	-46.324516
8874.371338	-45.788853
8877.062988	-45.039333
8879.754639	-45.655247
8882.446289	-45.292999
8885.137939	-43.817406
8887.829590	-44.265133
8890.521240	-45.285728
8893.212891	-44.564388
8895.904541	-44.774353
8898.596191	-43.548473
8901.287842	-43.740788
8903.979492	-44.445412
8906.671143	-43.317856
8909.362793	-44.421497
8912.054443	-44.828449
8914.746094	-45.442387
8917.437744	-44.815395
8920.129395	-45.163578
8922.821045	-44.615425
8925.512695	-45.535446
8928.204346	-45.319626
8930.895996	-48.126198
8933.587646	-46.745800
8936.279297	-48.823269
8938.970947	-48.056904
8941.662598	-48.428978
8944.354248	-48.260494
8947.045898	-48.218060
8949.737549	-50.098812
8952.429199	-48.930775
8955.120850	-49.368015
8957.812500	-49.843803
8960.504150	-49.815689
8963.195801	-50.671062
8965.887451	-49.857895
8968.579102	-49.807308
8971.270752	-50.657516
8973.962402	-50.796379
8976.654053	-52.360371
8979.345703	-52.150021
8982.037354	-51.001953
8984.729004	-51.510643
8987.420654	-50.957142
8990.112305	-52.325718
8992.803955	-53.324261
8995.495605	-53.274799
8998.187256	-53.285427
9000.878906	-51.774414
9003.570557	-53.317642
9006.262207	-53.545273
9008.953857	-53.371952
9011.645508	-52.813831
9014.337158	-53.352089
9017.028809	-54.531811
9019.720459	-53.616707
9022.412109	-54.155685
9025.103760	-54.672649
9027.795410	-53.905743
9030.487061	-54.545513
9033.178711	-54.472897
9035.870361	-53.868835
9038.562012	-54.300858
9041.253662	-54.666775
9043.945312	-55.945759
9046.636963	-55.849453
9049.328613	-56.456673
9052.020264	-54.685863
9054.711914	-54.342335
9057.403564	-53.527077
9060.095215	-54.386421
9062.786865	-55.072094
9065.478516	-53.269547
9068.170166	-53.528625
9070.861816	-55.588795
9073.553467	-56.004826
9076.245117	-53.856560
9078.936768	-54.329597
9081.628418	-55.724632
9084.320068	-55.080036
9087.011719	-54.699863
9089.703369	-56.108948
9092.395020	-54.569878
9095.086670	-55.756035
9097.778320	-56.589836
9100.469971	-55.578621
9103.161621	-54.693672
9105.853271	-55.562553
9108.544922	-57.265972
9111.236572	-56.382961
9113.928223	-55.058456
9116.619873	-54.708279
9119.311523	-55.882465
9122.003174	-54.719933
9124.694824	-54.884518
9127.386475	-55.688805
9130.078125	-55.565529
9132.769775	-54.577026
9135.461426	-55.164974
9138.153076	-57.190220
9140.844727	-57.035507
9143.536377	-55.869114
9146.228027	-55.397041
9148.919678	-55.362732
9151.611328	-56.260006
9154.302979	-56.147755
9156.994629	-55.467926
9159.686279	-54.353836
9162.377930	-56.049564
9165.069580	-54.697330
9167.761230	-54.221733
9170.452881	-55.223160
9173.144531	-56.474312
9175.836182	-54.109268
9178.527832	-55.111458
9181.219482	-54.285759
9183.911133	-55.084099
9186.602783	-54.613434
9189.294434	-54.264336
9191.986084	-54.048847
9194.677734	-54.526875
9197.369385	-53.965668
9200.061035	-53.571239
9202.752686	-53.448093
9205.444336	-53.301693
9208.135986	-53.968403
9210.827637	-52.994286
9213.519287	-53.588539
9216.210938	-54.020073
9218.902588	-52.819111
9221.594238	-53.513546
9224.285889	-52.398434
9226.977539	-51.985405
9229.669189	-51.815159
9232.360840	-52.348770
9235.052490	-52.236282
9237.744141	-51.171329
9240.435791	-51.181831
9243.127441	-51.010323
9245.819092	-51.238300
9248.510742	-50.746273
9251.202393	-51.251205
9253.894043	-49.293724
9256.585693	-51.480770
9259.277344	-50.159462
9261.968994	-49.591095
9264.660645	-48.935982
9267.352295	-50.952118
9270.043945	-49.059296
9272.735596	-46.805782
9275.427246	-48.435101
9278.118896	-48.251541
9280.810547	-45.774418
9283.502197	-46.966026
9286.193848	-45.936390
9288.885498	-45.265285
9291.577148	-44.674164
9294.268799	-44.550739
9296.960449	-43.961441
9299.652100	-44.030731
9302.343750	-43.661037
9305.035400	-44.541786
9307.727051	-44.030834
9310.418701	-43.266884
9313.110352	-41.894611
9315.802002	-42.499077
9318.493652	-42.035320
9321.185303	-41.800499
9323.876953	-42.967449
9326.568604	-41.633598
9329.260254	-42.453358
9331.951904	-44.277210
9334.643555	-43.015720
9337.335205	-45.393787
9340.026855	-43.371738
9342.718506	-45.827251
9345.410156	-44.382416
9348.101807	-45.987022
9350.793457	-45.432644
9353.485107	-46.248272
9356.176758	-46.207184
9358.868408	-46.799564
9361.560059	-45.164890
9364.251709	-45.750183
9366.943359	-47.715698
9369.635010	-46.511066
9372.326660	-47.826763
9375.018311	-48.026070
9377.709961	-49.044422
9380.401611	-49.751472
9383.093262	-48.946587
9385.784912	-49.151604
9388.476562	-48.450397
9391.168213	-50.263981
9393.859863	-50.932438
9396.551514	-50.861698
9399.243164	-51.383930
9401.934814	-51.225780
9404.626465	-51.453003
9407.318115	-51.029316
9410.009766	-50.717205
9412.701416	-52.100277
9415.393066	-53.621811
9418.084717	-51.641655
9420.776367	-54.369236
9423.468018	-52.240814
9426.159668	-52.570953
9428.851318	-53.596554
9431.542969	-53.182629
9434.234619	-52.568245
9436.926270	-54.582973
9439.617920	-53.149696
9442.309570	-53.661034
9445.001221	-52.950348
9447.692871	-53.084801
9450.384521	-55.948448
9453.076172	-53.042801
9455.767822	-53.570396
9458.459473	-55.004665
9461.151123	-55.327053
9463.842773	-54.421875
9466.534424	-53.863094
9469.226074	-54.258076
9471.917725	-54.410667
9474.609375	-55.567917
9477.301025	-54.785591
9479.992676	-55.633667
9482.684326	-55.304581
9485.375977	-55.283241
9488.067627	-55.384941
9490.759277	-54.379700
9493.450928	-54.507790
9496.142578	-55.579197
9498.834229	-54.586021
9501.525879	-54.703289
9504.217529	-55.554775
9506.909180	-56.180481
9509.600830	-56.067467
9512.292480	-55.086586
9514.984131	-56.389606
9517.675781	-55.413162
9520.367432	-54.711205
9523.059082	-54.161209
9525.750732	-55.413181
9528.442383	-54.326973
9531.134033	-56.078991
9533.825684	-54.894714
9536.517334	-54.900829
9539.208984	-55.779633
9541.900635	-55.952217
9544.592285	-54.677856
9547.283936	-54.502052
9549.975586	-54.924480
9552.667236	-56.142651
9555.358887	-55.377560
9558.050537	-56.771233
9560.742188	-54.788391
9563.433838	-55.244919
9566.125488	-54.414326
9568.817139	-54.150120
9571.508789	-55.155689
9574.200439	-54.934124
9576.892090	-54.745358
9579.583740	-53.092541
9582.275391	-54.767616
9584.967041	-54.372997
9587.658691	-54.862263
9590.350342	-54.374378
9593.041992	-53.702187
9595.733643	-54.779861
9598.425293	-54.440460
9601.116943	-54.818996
9603.808594	-55.183949
9606.500244	-53.680462
9609.191895	-53.547958
9611.883545	-54.584476
9614.575195	-54.070202
9617.266846	-53.373749
9619.958496	-53.946117
9622.650146	-53.420967
9625.341797	-51.862698
9628.033447	-53.514126
9630.725098	-53.581039
9633.416748	-53.187000
9636.108398	-51.509354
9638.800049	-51.737041
9641.491699	-52.562160
9644.183350	-52.555435
9646.875000	-51.144226
9649.566650	-51.406406
9652.258301	-49.966915
9654.949951	-51.948380
9657.641602	-50.843323
9660.333252	-48.765083
9663.024902	-51.564800
9665.716553	-50.025837
9668.408203	-49.752140
9671.099854	-50.247730
9673.791504	-50.399303
9676.483154	-48.316307
9679.174805	-48.759613
9681.866455	-48.547115
9684.558105	-49.294415
9687.249756	-48.775028
9689.941406	-47.259232
9692.633057	-46.231194
9695.324707	-47.439373
9698.016357	-47.785206
9700.708008	-46.499477
9703.399658	-46.188255
9706.091309	-46.113674
9708.782959	-44.479298
9711.474609	-45.419231
9714.166260	-45.102974
9716.857910	-44.085304
9719.549561	-43.215061
9722.241211	-44.163757
9724.932861	-43.785774
9727.624512	-43.151199
9730.316162	-41.736530
9733.007812	-41.744095
9735.699463	-42.213322
9738.391113	-42.098820
9741.082764	-42.107788
9743.774414	-42.404667
9746.466064	-42.423080
9749.157715	-41.833664
9751.849365	-41.559925
9754.541016	-41.241718
9757.232666	-42.702267
9759.924316	-42.854538
9762.615967	-44.478497
9765.307617	-45.207836
9767.999268	-44.026356
9770.690918	-43.629826
9773.382568	-45.344887
9776.074219	-46.195156
9778.765869	-45.444843
9781.457520	-45.817135
9784.149170	-46.237534
9786.840820	-45.620415
9789.532471	-48.354111
9792.224121	-47.415264
9794.915771	-47.091076
9797.607422	-48.962330
9800.299072	-49.680191
9802.990723	-48.102371
9805.682373	-48.759987
9808.374023	-50.020153
9811.065674	-51.063320
9813.757324	-49.710243
9816.448975	-50.085625
9819.140625	-50.231052
9821.832275	-50.028996
9824.523926	-51.603493
9827.215576	-51.091805
9829.907227	-51.697914
9832.598877	-51.824680
9835.290527	-52.089287
9837.982178	-50.631027
9840.673828	-52.049774
9843.365479	-51.574390
9846.057129	-52.475822
9848.748779	-52.384010
9851.440430	-52.168125
9854.132080	-53.061283
9856.823730	-51.033405
9859.515381	-54.751225
9862.207031	-53.169540
9864.898682	-52.665546
9867.590332	-54.015015
9870.281982	-52.544704
9872.973633	-53.469292
9875.665283	-54.239902
9878.356934	-54.925392
9881.048584	-53.657047
9883.740234	-54.493034
9886.431885	-53.979946
9889.123535	-53.346203
9891.815186	-53.313999
9894.506836	-54.827274
9897.198486	-55.296101
9899.890137	-53.691734
9902.581787	-54.665730
9905.273438	-54.485474
9907.965088	-54.928440
9910.656738	-54.005188
9913.348389	-54.763206
9916.040039	-54.710457
9918.731689	-55.388878
9921.423340	-56.407757
9924.114990	-54.282276
9926.806641	-56.221687
9929.498291	-55.118450
9932.189941	-54.989231
9934.881592	-55.714912
9937.573242	-55.037388
9940.264893	-54.785435
9942.956543	-56.077164
9945.648193	-55.066757
9948.339844	-56.524296
9951.031494	-55.170967
9953.723145	-54.450329
9956.414795	-55.225182
9959.106445	-54.494621
9961.798096	-54.482105
9964.489746	-55.522362
9967.181396	-56.454342
9969.873047	-55.353584
9972.564697	-54.862339
9975.256348	-54.405811
9977.947998	-55.673710
9980.639648	-55.324707
9983.331299	-54.557388
9986.022949	-55.176861
9988.714600	-55.900726
9991.406250	-55.037239
9994.097900	-55.231441
9996.789551	-54.533714
9999.481201	-54.900597
10002.172852	-54.628422
10004.864502	-54.450783
10007.556152	-53.982327
10010.247803	-53.838413
10012.939453	-53.402840
10015.631104	-54.059074
10018.322754	-53.821671
10021.014404	-52.604794
10023.706055	-52.612499
10026.397705	-53.555286
10029.089355	-53.700249
10031.781006	-55.164768
10034.472656	-54.274815
10037.164307	-54.235039
10039.855957	-54.137062
10042.547607	-54.231674
10045.239258	-54.449501
10047.930908	-53.659306
10050.622559	-53.853745
10053.314209	-53.478062
10056.005859	-52.967720
10058.697510	-52.709694
10061.389160	-53.027447
10064.080811	-53.225410
10066.772461	-52.754814
10069.464111	-53.215878
10072.155762	-52.539604
10074.847412	-52.036201
10077.539062	-52.905258
10080.230713	-51.273846
10082.922363	-51.776104
10085.614014	-52.395260
10088.305664	-51.479774
10090.997314	-50.471607
10093.688965	-51.384037
10096.380615	-50.162121
10099.072266	-48.975491
10101.763916	-49.452595
10104.455566	-50.919758
10107.147217	-49.504829
10109.838867	-48.282833
10112.530518	-48.017513
10115.222168	-46.913410
10117.913818	-48.100819
10120.605469	-47.514435
10123.297119	-46.918839
10125.988770	-45.412846
10128.680420	-45.543793
10131.372070	-46.243217
10134.063721	-44.961246
10136.755371	-45.590755
10139.447021	-44.537659
10142.138672	-44.389725
10144.830322	-44.918667
10147.521973	-44.607109
10150.213623	-43.814381
10152.905273	-42.304371
10155.596924	-43.852425
10158.288574	-42.368801
10160.980225	-42.629684
10163.671875	-43.707905
10166.363525	-41.926296
10169.055176	-42.127411
10171.746826	-42.702000
10174.438477	-44.048279
10177.130127	-43.180725
10179.821777	-45.292274
10182.513428	-43.971207
10185.205078	-44.957935
10187.896729	-44.906399
10190.588379	-45.959595
10193.280029	-46.781357
10195.971680	-47.721489
10198.663330	-46.381001
10201.354980	-47.807899
10204.046631	-48.363060
10206.738281	-49.044296
10209.429932	-48.673084
10212.121582	-48.673237
10214.813232	-48.949425
10217.504883	-50.143486
10220.196533	-50.340607
10222.888184	-50.447281
10225.579834	-50.961014
10228.271484	-52.013741
10230.963135	-52.479694
10233.654785	-53.520618
10236.346436	-51.714424
10239.038086	-51.948586
10241.729736	-53.671169
10244.421387	-53.876392
10247.113037	-53.911091
10249.804688	-53.822468
10252.496338	-53.024155
10255.187988	-52.428020
10257.879639	-54.410004
10260.571289	-54.051861
10263.262939	-53.658527
10265.954590	-55.032925
10268.646240	-54.530617
10271.337891	-54.572384
10274.029541	-56.213432
10276.721191	-54.401680
10279.412842	-56.173546
10282.104492	-55.935032
10284.796143	-56.025558
10287.487793	-56.795612
10290.179443	-56.336765
10292.871094	-55.599770
10295.562744	-56.991295
10298.254395	-56.998188
10300.946045	-57.738220
10303.637695	-56.624035
10306.329346	-57.881638
10309.020996	-57.444138
10311.712646	-57.178230
10314.404297	-56.763393
10317.095947	-57.467255
10319.787598	-57.896069
10322.479248	-56.715115
10325.170898	-58.665993
10327.862549	-59.534203
10330.554199	-57.616879
10333.245850	-58.555874
10335.937500	-57.879051
10338.629150	-58.273605
10341.320801	-59.464851
10344.012451	-57.987579
10346.704102	-58.955097
10349.395752	-59.225018
10352.087402	-59.108978
10354.779053	-59.121513
10357.470703	-58.943359
10360.162354	-59.396950
10362.854004	-57.430054
10365.545654	-58.921059
10368.237305	-58.339310
10370.928955	-60.327385
10373.620605	-59.354599
10376.312256	-59.517040
10379.003906	-58.823833
10381.695557	-59.502140
10384.387207	-59.042751
10387.078857	-60.063786
10389.770508	-60.603020
10392.462158	-60.323883
10395.153809	-59.472588
10397.845459	-58.657127
10400.537109	-59.347507
10403.228760	-60.318649
10405.920410	-59.127953
10408.612061	-60.800873
10411.303711	-59.570648
10413.995361	-59.461315
10416.687012	-59.092876
10419.378662	-60.316044
10422.070312	-59.024883
10424.761963	-60.186279
10427.453613	-60.644283
10430.145264	-60.387608
10432.836914	-59.387257
10435.528564	-58.189106
10438.220215	-59.446312
10440.911865	-58.915485
10443.603516	-59.663406
10446.295166	-58.896774
10448.986816	-60.095974
10451.678467	-58.941528
10454.370117	-58.412746
10457.061768	-59.010620
10459.753418	-58.792641
10462.445068	-58.646568
10465.136719	-59.485249
10467.828369	-59.723652
10470.520020	-57.592426
10473.211670	-58.766766
10475.903320	-59.067207
10478.594971	-57.659927
10481.286621	-58.139980
10483.978271	-56.959206
10486.669922	-58.692722
10489.361572	-57.374310
10492.053223	-57.200165
10494.744873	-57.347809
10497.436523	-58.287594
10500.128174	-59.321163
10502.819824	-57.571419
10505.511475	-56.879833
10508.203125	-56.986942
10510.894775	-56.204891
10513.586426	-57.206257
10516.278076	-54.942295
10518.969727	-56.158966
10521.661377	-56.000572
10524.353027	-55.993488
10527.044678	-55.123718
10529.736328	-56.521873
10532.427979	-55.640285
10535.119629	-54.375759
10537.811279	-53.997932
10540.502930	-54.398579
10543.194580	-54.518993
10545.886230	-54.861217
10548.577881	-53.486794
10551.269531	-53.308601
10553.961182	-52.694050
10556.652832	-54.161674
10559.344482	-51.911617
10562.036133	-51.855637
10564.727783	-50.013447
10567.419434	-50.696629
10570.111084	-50.894642
10572.802734	-50.061897
10575.494385	-50.334850
10578.186035	-50.058117
10580.877686	-51.077759
10583.569336	-51.361797
10586.260986	-50.017094
10588.952637	-49.483006
10591.644287	-51.684837
10594.335938	-50.767719
10597.027588	-52.554985
10599.719238	-52.835598
10602.410889	-52.302380
10605.102539	-52.818836
10607.794189	-53.755524
10610.485840	-54.384079
10613.177490	-55.192009
10615.869141	-54.947128
10618.560791	-56.630024
10621.252441	-57.737591
10623.944092	-56.896324
10626.635742	-58.352390
10629.327393	-57.439308
10632.019043	-59.654598
10634.710693	-59.395756
10637.402344	-60.020428
10640.093994	-60.289139
10642.785645	-60.977665
10645.477295	-60.827953
10648.168945	-61.708122
10650.860596	-62.037941
10653.552246	-62.176178
10656.243896	-61.443542
10658.935547	-62.194073
10661.627197	-62.389328
10664.318848	-62.973305
10667.010498	-63.022297
10669.702148	-63.595463
10672.393799	-63.297115
10675.085449	-64.589729
10677.777100	-64.946770
10680.468750	-64.312569
10683.160400	-65.455818
10685.852051	-64.582993
10688.543701	-65.011086
10691.235352	-66.026863
10693.927002	-65.496445
10696.618652	-65.801468
10699.310303	-66.521912
10702.001953	-65.166252
10704.693604	-66.351982
10707.385254	-66.675964
10710.076904	-68.049477
10712.768555	-67.126106
10715.460205	-67.627640
10718.151855	-68.670792
10720.843506	-67.874527
10723.535156	-68.736427
10726.226807	-67.436790
10728.918457	-68.273293
10731.610107	-68.929459
10734.301758	-69.272781
10736.993408	-67.996155
10739.685059	-70.239067
10742.376709	-68.807281
10745.068359	-68.938431
10747.760010	-70.078964
10750.451660	-69.383591
10753.143311	-69.471634
10755.834961	-70.078400
10758.526611	-70.142242
10761.218262	-70.383820
10763.909912	-70.357727
10766.601562	-70.652710
10769.293213	-71.498726
10771.984863	-70.659912
10774.676514	-71.050194
10777.368164	-72.759369
10780.059814	-71.403358
10782.751465	-70.980927
10785.443115	-70.872063
10788.134766	-71.369698
10790.826416	-71.627312
10793.518066	-73.290939
10796.209717	-72.080765
10798.901367	-72.523613
10801.593018	-71.838081
10804.284668	-72.713364
10806.976318	-71.869110
10809.667969	-72.245819
10812.359619	-72.400673
10815.051270	-73.242798
10817.742920	-72.871155
10820.434570	-73.464211
10823.126221	-73.720108
10825.817871	-73.620018
10828.509521	-73.070183
10831.201172	-72.949852
10833.892822	-73.156433
10836.584473	-73.639008
10839.276123	-73.742462
10841.967773	-72.613876
10844.659424	-73.525909
10847.351074	-73.266724
10850.042725	-74.402603
10852.734375	-73.385521
10855.426025	-74.041687
10858.117676	-74.556572
10860.809326	-73.365700
10863.500977	-73.505264
10866.192627	-74.180359
10868.884277	-74.971077
10871.575928	-74.544792
10874.267578	-73.803482
10876.959229	-75.847321
10879.650879	-74.200974
10882.342529	-73.485535
10885.034180	-73.625496
10887.725830	-73.886215
10890.417480	-74.237839
10893.109131	-75.343246
10895.800781	-73.977188
10898.492432	-73.996544
10901.184082	-73.737083
10903.875732	-75.001503
10906.567383	-75.240356
10909.259033	-73.993813
10911.950684	-74.482246
10914.642334	-74.243134
10917.333984	-74.071564
10920.025635	-74.261917
10922.717285	-73.745186
10925.408936	-73.283195
10928.100586	-74.245308
10930.792236	-74.362534
10933.483887	-74.734917
10936.175537	-74.272324
10938.867188	-73.665527
10941.558838	-75.194191
10944.250488	-73.504181
10946.942139	-73.405563
10949.633789	-74.972542
10952.325439	-73.183128
10955.017090	-72.591263
10957.708740	-74.284279
10960.400391	-74.074982
10963.092041	-72.167046
10965.783691	-73.221359
10968.475342	-71.751450
10971.166992	-72.332520
10973.858643	-72.898140
10976.550293	-72.147850
10979.241943	-71.497879
10981.933594	-71.021835
10984.625244	-70.503578
10987.316895	-71.407852
10990.008545	-70.043365
10992.700195	-69.910858
10995.391846	-71.508797
10998.083496	-70.289215
11000.775146	-70.052002
11003.466797	-70.041412
11006.158447	-69.987068
11008.850098	-70.914108
11011.541748	-72.681351
11014.233398	-72.292732
11016.925049	-71.468857
11019.616699	-71.985672
11022.308350	-72.477005
