Frequency (Hz)	Level (dB)
2.691650	-86.217079
5.383301	-85.282097
8.074951	-84.447296
10.766602	-81.614861
13.458252	-78.527336
16.149902	-75.613457
18.841553	-75.405220
21.533203	-74.297523
24.224854	-73.349449
26.916504	-73.085350
29.608154	-72.117706
32.299805	-71.721741
34.991455	-71.777786
37.683105	-73.506714
40.374756	-72.082657
43.066406	-70.799820
45.758057	-71.409843
48.449707	-69.839645
51.141357	-70.285095
53.833008	-71.283455
56.524658	-70.879631
59.216309	-69.859253
61.907959	-70.652992
64.599609	-71.910561
67.291260	-72.346619
69.982910	-71.406929
72.674561	-72.349258
75.366211	-71.634850
78.057861	-72.517059
80.749512	-72.530388
83.441162	-73.554413
86.132812	-72.121017
88.824463	-73.015717
91.516113	-74.356796
94.207764	-73.466705
96.899414	-73.412621
99.591064	-74.646034
102.282715	-74.466675
104.974365	-76.112061
107.666016	-76.141762
110.357666	-76.311020
113.049316	-76.457207
115.740967	-77.742500
118.432617	-77.437584
121.124268	-77.585655
123.815918	-77.069099
126.507568	-78.284836
129.199219	-78.356941
131.890869	-80.796844
134.582520	-80.721176
137.274170	-79.011963
139.965820	-79.663452
142.657471	-80.099358
145.349121	-81.800323
148.040771	-80.999138
150.732422	-82.355499
153.424072	-81.254684
156.115723	-81.744087
158.807373	-82.027321
161.499023	-81.901215
164.190674	-82.958641
166.882324	-82.569077
169.573975	-82.652092
172.265625	-83.750946
174.957275	-83.310295
177.648926	-83.231911
180.340576	-83.463760
183.032227	-82.586624
185.723877	-83.589745
188.415527	-82.599510
191.107178	-83.354179
193.798828	-83.363457
196.490479	-83.495987
199.182129	-83.914803
201.873779	-83.265816
204.565430	-82.753677
207.257080	-83.342216
209.948730	-83.354523
212.640381	-83.963326
215.332031	-83.033562
218.023682	-82.629532
220.715332	-83.270180
223.406982	-84.427505
226.098633	-84.372879
228.790283	-82.667702
231.481934	-82.796173
234.173584	-82.502327
236.865234	-83.036972
239.556885	-82.887108
242.248535	-82.926308
244.940186	-82.231270
247.631836	-82.863594
250.323486	-82.411301
253.015137	-81.844017
255.706787	-82.529480
258.398438	-83.825233
261.090088	-82.248474
263.781738	-82.703232
266.473389	-84.246712
269.165039	-84.027092
271.856689	-83.034691
274.548340	-83.844704
277.239990	-82.677193
279.931641	-83.265205
282.623291	-82.011093
285.314941	-82.753838
288.006592	-82.744217
290.698242	-82.910454
293.389893	-82.637505
296.081543	-82.162064
298.773193	-82.345795
301.464844	-82.323212
304.156494	-82.501373
306.848145	-83.426086
309.539795	-81.844475
312.231445	-80.793869
314.923096	-81.565735
317.614746	-80.769409
320.306396	-81.201271
322.998047	-81.866402
325.689697	-81.456482
328.381348	-81.487160
331.072998	-81.816528
333.764648	-81.146378
336.456299	-80.759399
339.147949	-80.169304
341.839600	-81.611809
344.531250	-80.946503
347.222900	-79.304039
349.914551	-79.899666
352.606201	-79.835091
355.297852	-80.152451
357.989502	-80.134956
360.681152	-80.639755
363.372803	-80.840378
366.064453	-82.070450
368.756104	-78.684143
371.447754	-79.275299
374.139404	-78.240189
376.831055	-79.007500
379.522705	-79.110138
382.214355	-79.590874
384.906006	-77.857483
387.597656	-78.336395
390.289307	-77.791939
392.980957	-78.157898
395.672607	-77.572693
398.364258	-77.942009
401.055908	-78.549950
403.747559	-77.551529
406.439209	-77.714920
409.130859	-78.280678
411.822510	-77.462936
414.514160	-78.050087
417.205811	-77.326088
419.897461	-77.647308
422.589111	-77.193275
425.280762	-76.046227
427.972412	-76.738777
430.664062	-75.941383
433.355713	-76.112785
436.047363	-76.778267
438.739014	-75.820831
441.430664	-75.952377
444.122314	-76.205536
446.813965	-75.449852
449.505615	-74.848740
452.197266	-74.167778
454.888916	-76.535820
457.580566	-76.166313
460.272217	-75.063515
462.963867	-75.654945
465.655518	-74.701202
468.347168	-75.959808
471.038818	-75.189331
473.730469	-73.642281
476.422119	-75.001389
479.113770	-74.336952
481.805420	-73.770744
484.497070	-73.727570
487.188721	-74.392670
489.880371	-73.503937
492.572021	-71.574738
495.263672	-72.822243
497.955322	-73.071632
500.646973	-71.936707
503.338623	-73.878448
506.030273	-72.150604
508.721924	-71.683334
511.413574	-73.034264
514.105225	-70.952667
516.796875	-72.106133
519.488525	-70.048065
522.180176	-70.737335
524.871826	-70.998215
527.563477	-70.643539
530.255127	-71.383881
532.946777	-71.013695
535.638428	-69.470924
538.330078	-71.086647
541.021729	-69.527702
543.713379	-69.539925
546.405029	-70.488914
549.096680	-68.771454
551.788330	-71.626144
554.479980	-69.513039
557.171631	-69.676079
559.863281	-69.487946
562.554932	-69.583290
565.246582	-69.824623
567.938232	-67.741455
570.629883	-68.240250
573.321533	-67.929092
576.013184	-67.939774
578.704834	-66.644531
581.396484	-66.110092
584.088135	-68.614868
586.779785	-68.008339
589.471436	-66.879265
592.163086	-67.971321
594.854736	-65.913727
597.546387	-66.580193
600.238037	-67.145439
602.929688	-66.832619
605.621338	-66.537361
608.312988	-65.720184
611.004639	-64.477051
613.696289	-66.253143
616.387939	-64.623871
619.079590	-64.898659
621.771240	-64.681084
624.462891	-65.365257
627.154541	-64.465828
629.846191	-63.887592
632.537842	-64.931046
635.229492	-64.935654
637.921143	-63.811005
640.612793	-64.016022
643.304443	-63.837200
645.996094	-64.299614
648.687744	-63.775227
651.379395	-62.653046
654.071045	-64.007202
656.762695	-62.196140
659.454346	-63.054081
662.145996	-63.084690
664.837646	-62.147308
667.529297	-62.834267
670.220947	-62.597301
672.912598	-62.258835
675.604248	-61.664753
678.295898	-61.821114
680.987549	-60.571590
683.679199	-61.643070
686.370850	-60.748394
689.062500	-59.419312
691.754150	-60.919548
694.445801	-59.649292
697.137451	-60.521111
699.829102	-60.178989
702.520752	-59.990143
705.212402	-59.356243
707.904053	-58.023293
710.595703	-59.221451
713.287354	-58.119854
715.979004	-57.827351
718.670654	-58.671688
721.362305	-57.565990
724.053955	-58.052643
726.745605	-57.315144
729.437256	-58.135578
732.128906	-59.247093
734.820557	-56.781517
737.512207	-56.002975
740.203857	-57.445061
742.895508	-55.946915
745.587158	-55.578014
748.278809	-56.643394
750.970459	-56.108047
753.662109	-55.188801
756.353760	-55.219669
759.045410	-55.513748
761.737061	-56.820499
764.428711	-56.334904
767.120361	-54.816605
769.812012	-54.532829
772.503662	-55.249104
775.195312	-54.065971
777.886963	-54.477711
780.578613	-54.227535
783.270264	-53.826275
785.961914	-54.008724
788.653564	-53.350990
791.345215	-54.402180
794.036865	-53.778275
796.728516	-52.603039
799.420166	-51.988758
802.111816	-53.435402
804.803467	-54.322037
807.495117	-54.118198
810.186768	-51.963905
812.878418	-51.100182
815.570068	-51.766991
818.261719	-51.065922
820.953369	-50.198437
823.645020	-50.657421
826.336670	-51.597820
829.028320	-50.735680
831.719971	-51.132290
834.411621	-50.480785
837.103271	-51.112122
839.794922	-49.622570
842.486572	-49.979824
845.178223	-50.744923
847.869873	-50.591602
850.561523	-50.810505
853.253174	-49.838734
855.944824	-48.899517
858.636475	-48.521748
861.328125	-48.788300
864.019775	-49.176540
866.711426	-49.659096
869.403076	-48.599224
872.094727	-48.799664
874.786377	-47.759029
877.478027	-50.334675
880.169678	-48.335384
882.861328	-48.098408
885.552979	-49.824127
888.244629	-48.178036
890.936279	-48.899132
893.627930	-47.142349
896.319580	-46.536194
899.011230	-47.805733
901.702881	-48.796585
904.394531	-49.720634
907.086182	-47.532310
909.777832	-45.926933
912.469482	-46.807930
915.161133	-46.875721
917.852783	-46.107399
920.544434	-47.262466
923.236084	-48.052391
925.927734	-46.764782
928.619385	-47.810566
931.311035	-45.556862
934.002686	-45.449154
936.694336	-47.087479
939.385986	-46.298519
942.077637	-46.190849
944.769287	-45.364738
947.460938	-45.837627
950.152588	-47.002842
952.844238	-46.122578
955.535889	-47.110325
958.227539	-47.772938
960.919189	-45.998062
963.610840	-45.586117
966.302490	-46.086525
968.994141	-46.287239
971.685791	-45.717804
974.377441	-44.658653
977.069092	-44.556740
979.760742	-47.895409
982.452393	-46.725075
985.144043	-46.813381
987.835693	-47.742455
990.527344	-48.548512
993.218994	-47.051044
995.910645	-47.845356
998.602295	-46.982349
1001.293945	-48.793243
1003.985596	-48.276226
1006.677246	-48.400574
1009.368896	-47.637043
1012.060547	-47.799686
1014.752197	-48.175655
1017.443848	-47.789688
1020.135498	-48.118191
1022.827148	-48.904579
1025.518799	-48.640884
1028.210449	-47.773270
1030.902100	-47.631714
1033.593750	-48.170185
1036.285400	-47.979458
1038.977051	-48.684540
1041.668701	-47.187611
1044.360352	-48.662617
1047.052002	-48.328114
1049.743652	-48.135414
1052.435303	-48.155140
1055.126953	-49.270779
1057.818604	-49.267296
1060.510254	-48.433304
1063.201904	-48.790833
1065.893555	-49.188107
1068.585205	-49.920723
1071.276855	-49.960453
1073.968506	-50.458084
1076.660156	-49.119720
1079.351807	-49.737553
1082.043457	-49.558907
1084.735107	-50.686096
1087.426758	-51.252827
1090.118408	-51.407471
1092.810059	-50.933784
1095.501709	-51.423172
1098.193359	-51.296604
1100.885010	-51.790329
1103.576660	-51.960182
1106.268311	-50.793045
1108.959961	-51.448044
1111.651611	-50.872047
1114.343262	-52.998684
1117.034912	-52.098038
1119.726562	-51.762890
1122.418213	-53.615948
1125.109863	-52.383495
1127.801514	-54.288349
1130.493164	-54.246334
1133.184814	-52.909798
1135.876465	-53.360420
1138.568115	-51.787003
1141.259766	-52.042858
1143.951416	-54.150700
1146.643066	-53.390491
1149.334717	-54.406269
1152.026367	-55.045193
1154.718018	-53.286625
1157.409668	-54.202782
1160.101318	-53.523403
1162.792969	-53.952396
1165.484619	-52.911510
1168.176270	-54.628971
1170.867920	-54.612408
1173.559570	-53.886314
1176.251221	-53.903896
1178.942871	-52.900150
1181.634521	-55.142395
1184.326172	-54.971603
1187.017822	-54.492203
1189.709473	-55.249104
1192.401123	-54.074913
1195.092773	-54.710434
1197.784424	-55.794010
1200.476074	-55.861889
1203.167725	-56.301437
1205.859375	-55.444004
1208.551025	-54.908772
1211.242676	-54.136738
1213.934326	-54.154915
1216.625977	-55.091671
1219.317627	-54.785999
1222.009277	-55.451538
1224.700928	-56.250267
1227.392578	-56.020840
1230.084229	-56.295845
1232.775879	-57.098389
1235.467529	-55.784481
1238.159180	-56.440990
1240.850830	-56.724815
1243.542480	-55.708626
1246.234131	-55.193642
1248.925781	-56.228188
1251.617432	-55.762604
1254.309082	-55.928299
1257.000732	-56.620842
1259.692383	-56.563152
1262.384033	-56.207272
1265.075684	-55.882740
1267.767334	-57.014252
1270.458984	-56.541405
1273.150635	-56.295998
1275.842285	-56.376690
1278.533936	-56.609619
1281.225586	-55.362072
1283.917236	-55.782104
1286.608887	-55.945065
1289.300537	-55.334457
1291.992188	-57.332886
1294.683838	-57.777905
1297.375488	-56.816330
1300.067139	-56.727707
1302.758789	-56.548302
1305.450439	-56.163963
1308.142090	-58.174660
1310.833740	-56.806519
1313.525391	-58.004047
1316.217041	-58.559883
1318.908691	-56.754509
1321.600342	-57.404247
1324.291992	-57.869938
1326.983643	-56.452442
1329.675293	-56.623676
1332.366943	-59.155807
1335.058594	-57.187195
1337.750244	-58.672916
1340.441895	-56.670944
1343.133545	-57.884262
1345.825195	-57.886669
1348.516846	-57.954536
1351.208496	-57.237461
1353.900146	-58.320881
1356.591797	-58.196529
1359.283447	-57.469448
1361.975098	-57.562363
1364.666748	-57.467857
1367.358398	-58.039841
1370.050049	-55.987442
1372.741699	-56.084087
1375.433350	-57.910709
1378.125000	-58.760147
1380.816650	-58.505814
1383.508301	-58.141148
1386.199951	-58.214203
1388.891602	-57.441841
1391.583252	-58.245857
1394.274902	-57.515469
1396.966553	-57.627472
1399.658203	-58.798237
1402.349854	-57.895103
1405.041504	-56.936699
1407.733154	-58.101418
1410.424805	-59.847488
1413.116455	-57.948910
1415.808105	-58.650906
1418.499756	-57.562424
1421.191406	-58.337059
1423.883057	-57.520557
1426.574707	-57.371540
1429.266357	-56.329762
1431.958008	-57.823036
1434.649658	-58.033173
1437.341309	-57.271679
1440.032959	-57.785084
1442.724609	-57.056740
1445.416260	-57.968723
1448.107910	-58.119560
1450.799561	-59.042305
1453.491211	-57.800701
1456.182861	-57.389225
1458.874512	-57.281830
1461.566162	-57.870258
1464.257812	-57.582455
1466.949463	-58.597286
1469.641113	-57.427814
1472.332764	-58.114895
1475.024414	-58.952900
1477.716064	-58.093712
1480.407715	-57.662022
1483.099365	-59.457550
1485.791016	-58.888062
1488.482666	-58.833370
1491.174316	-59.331512
1493.865967	-60.618416
1496.557617	-59.339771
1499.249268	-58.526699
1501.940918	-57.928196
1504.632568	-58.236423
1507.324219	-58.787712
1510.015869	-58.248524
1512.707520	-58.892803
1515.399170	-58.076302
1518.090820	-58.651421
1520.782471	-58.768528
1523.474121	-58.349152
1526.165771	-57.105972
1528.857422	-57.667488
1531.549072	-58.424896
1534.240723	-59.354012
1536.932373	-58.667152
1539.624023	-60.106239
1542.315674	-58.629406
1545.007324	-58.926884
1547.698975	-58.740421
1550.390625	-59.452457
1553.082275	-58.620422
1555.773926	-59.684578
1558.465576	-59.392483
1561.157227	-59.167156
1563.848877	-57.858139
1566.540527	-58.994190
1569.232178	-58.599403
1571.923828	-59.420143
1574.615479	-57.385674
1577.307129	-58.735329
1579.998779	-58.998909
1582.690430	-59.063873
1585.382080	-58.991737
1588.073730	-57.511078
1590.765381	-58.011616
1593.457031	-58.697224
1596.148682	-58.558216
1598.840332	-60.565468
1601.531982	-58.888130
1604.223633	-58.889225
1606.915283	-59.214649
1609.606934	-58.092842
1612.298584	-58.571568
1614.990234	-57.025024
1617.681885	-57.932968
1620.373535	-57.886932
1623.065186	-58.046547
1625.756836	-59.194775
1628.448486	-59.280861
1631.140137	-58.381672
1633.831787	-58.262630
1636.523438	-59.216953
1639.215088	-58.124947
1641.906738	-58.765354
1644.598389	-58.682350
1647.290039	-59.509888
1649.981689	-58.880959
1652.673340	-58.890110
1655.364990	-59.422340
1658.056641	-57.754375
1660.748291	-58.254101
1663.439941	-58.238914
1666.131592	-58.993710
1668.823242	-59.069775
1671.514893	-59.528294
1674.206543	-58.871574
1676.898193	-58.879375
1679.589844	-58.341297
1682.281494	-58.226254
1684.973145	-59.714405
1687.664795	-58.070499
1690.356445	-58.507324
1693.048096	-59.238838
1695.739746	-58.989361
1698.431396	-57.580482
1701.123047	-58.082020
1703.814697	-59.330334
1706.506348	-57.730164
1709.197998	-59.306789
1711.889648	-57.225853
1714.581299	-58.020081
1717.272949	-57.720943
1719.964600	-57.572918
1722.656250	-58.559044
1725.347900	-57.445599
1728.039551	-56.717976
1730.731201	-58.014832
1733.422852	-57.582901
1736.114502	-58.498734
1738.806152	-59.432480
1741.497803	-57.599342
1744.189453	-58.077034
1746.881104	-57.997627
1749.572754	-58.762482
1752.264404	-58.473736
1754.956055	-57.920170
1757.647705	-58.898045
1760.339355	-59.426807
1763.031006	-59.767250
1765.722656	-59.924664
1768.414307	-59.745121
1771.105957	-57.958012
1773.797607	-58.922138
1776.489258	-57.854919
1779.180908	-58.665348
1781.872559	-58.749725
1784.564209	-60.103840
1787.255859	-58.729164
1789.947510	-59.572071
1792.639160	-59.887390
1795.330811	-59.488823
1798.022461	-58.027203
1800.714111	-59.524418
1803.405762	-59.023682
1806.097412	-59.414101
1808.789062	-59.812809
1811.480713	-60.529343
1814.172363	-58.590736
1816.864014	-59.200554
1819.555664	-59.546585
1822.247314	-58.566032
1824.938965	-58.790230
1827.630615	-60.486843
1830.322266	-59.795124
1833.013916	-58.927773
1835.705566	-61.451389
1838.397217	-59.547428
1841.088867	-59.575172
1843.780518	-60.813519
1846.472168	-60.390465
1849.163818	-60.795712
1851.855469	-60.443058
1854.547119	-60.427132
1857.238770	-60.858723
1859.930420	-62.067818
1862.622070	-60.742645
1865.313721	-59.534370
1868.005371	-59.980930
1870.697021	-59.744469
1873.388672	-59.528404
1876.080322	-60.086491
1878.771973	-59.582027
1881.463623	-60.548870
1884.155273	-62.129379
1886.846924	-61.490433
1889.538574	-60.176090
1892.230225	-61.229588
1894.921875	-62.909557
1897.613525	-61.150421
1900.305176	-60.491829
1902.996826	-61.179665
1905.688477	-60.498695
1908.380127	-61.798389
1911.071777	-60.709057
1913.763428	-60.451527
1916.455078	-61.110600
1919.146729	-60.729294
1921.838379	-61.808411
1924.530029	-60.866989
1927.221680	-60.236805
1929.913330	-60.300762
1932.604980	-61.518749
1935.296631	-60.073086
1937.988281	-61.253685
1940.679932	-61.278370
1943.371582	-62.064335
1946.063232	-62.894344
1948.754883	-61.209103
1951.446533	-61.487122
1954.138184	-62.514923
1956.829834	-62.170601
1959.521484	-60.467854
1962.213135	-60.856510
1964.904785	-62.438171
1967.596436	-62.173847
1970.288086	-62.824581
1972.979736	-62.412113
1975.671387	-62.615372
1978.363037	-62.374947
1981.054688	-61.377186
1983.746338	-62.309792
1986.437988	-63.031139
1989.129639	-62.061653
1991.821289	-61.376606
1994.512939	-61.491146
1997.204590	-63.764362
1999.896240	-63.705910
2002.587891	-63.242489
2005.279541	-63.609547
2007.971191	-62.020607
2010.662842	-62.849228
2013.354492	-63.377384
2016.046143	-61.542831
2018.737793	-63.150402
2021.429443	-64.151215
2024.121094	-64.057724
2026.812744	-63.310413
2029.504395	-64.267883
2032.196045	-63.474735
2034.887695	-63.503979
2037.579346	-62.667156
2040.270996	-63.165665
2042.962646	-64.335968
2045.654297	-62.389923
2048.345947	-63.419979
2051.037598	-62.472374
2053.729248	-63.316807
2056.420898	-63.729980
2059.112549	-63.234486
2061.804199	-62.979191
2064.495850	-64.135094
2067.187500	-63.926418
2069.879150	-64.563660
2072.570801	-64.341125
2075.262451	-63.669575
2077.954102	-63.520920
2080.645752	-65.377815
2083.337402	-64.196518
2086.029053	-65.014816
2088.720703	-63.089466
2091.412354	-64.509377
2094.104004	-63.675262
2096.795654	-65.070091
2099.487305	-65.316795
2102.178955	-64.209267
2104.870605	-64.842186
2107.562256	-64.733139
2110.253906	-64.944679
2112.945557	-65.862427
2115.637207	-64.626167
2118.328857	-65.279137
2121.020508	-65.301468
2123.712158	-64.223434
2126.403809	-64.497864
2129.095459	-65.688583
2131.787109	-65.098175
2134.478760	-63.956886
2137.170410	-64.826912
2139.862061	-65.375946
2142.553711	-63.942928
2145.245361	-63.595245
2147.937012	-64.509201
2150.628662	-65.798851
2153.320312	-64.781868
2156.011963	-63.578217
2158.703613	-64.726372
2161.395264	-65.408875
2164.086914	-65.030876
2166.778564	-65.470726
2169.470215	-65.623146
2172.161865	-65.459740
2174.853516	-65.072906
2177.545166	-65.751419
2180.236816	-65.198730
2182.928467	-65.820602
2185.620117	-64.449730
2188.311768	-65.338867
2191.003418	-65.757622
2193.695068	-65.625183
2196.386719	-67.773697
2199.078369	-64.475563
2201.770020	-65.030602
2204.461670	-65.016174
2207.153320	-65.234833
2209.844971	-64.427589
2212.536621	-64.776718
2215.228271	-66.596878
2217.919922	-65.764793
2220.611572	-65.268219
2223.303223	-66.007462
2225.994873	-67.520561
2228.686523	-66.452263
2231.378174	-66.321938
2234.069824	-66.857849
2236.761475	-66.258369
2239.453125	-65.015564
2242.144775	-66.271362
2244.836426	-67.465950
2247.528076	-65.942406
2250.219727	-65.333466
2252.911377	-65.656578
2255.603027	-66.716194
2258.294678	-66.381210
2260.986328	-66.161880
2263.677979	-66.472397
2266.369629	-65.725159
2269.061279	-66.359131
2271.752930	-67.635628
2274.444580	-66.065742
2277.136230	-66.389755
2279.827881	-65.342316
2282.519531	-66.057098
2285.211182	-65.648384
2287.902832	-65.808571
2290.594482	-66.663353
2293.286133	-65.531372
2295.977783	-66.871162
2298.669434	-67.495277
2301.361084	-67.506538
2304.052734	-65.984451
2306.744385	-66.099838
2309.436035	-67.433357
2312.127686	-66.192215
2314.819336	-65.896576
2317.510986	-66.270432
2320.202637	-67.333138
2322.894287	-67.210335
2325.585938	-66.532745
2328.277588	-66.118576
2330.969238	-66.846298
2333.660889	-66.533752
2336.352539	-65.090645
2339.044189	-65.236847
2341.735840	-65.045898
2344.427490	-67.681313
2347.119141	-65.231552
2349.810791	-66.062607
2352.502441	-67.173561
2355.194092	-67.789635
2357.885742	-67.208389
2360.577393	-66.714905
2363.269043	-68.495209
2365.960693	-65.789101
2368.652344	-67.042587
2371.343994	-67.137863
2374.035645	-66.529800
2376.727295	-66.075424
2379.418945	-66.635544
2382.110596	-67.785477
2384.802246	-66.859009
2387.493896	-66.186264
2390.185547	-67.560532
2392.877197	-66.550346
2395.568848	-65.736710
2398.260498	-65.585045
2400.952148	-66.340508
2403.643799	-65.308159
2406.335449	-65.702782
2409.027100	-65.826607
2411.718750	-67.400063
2414.410400	-66.011078
2417.102051	-65.846565
2419.793701	-66.891701
2422.485352	-65.972488
2425.177002	-65.503166
2427.868652	-67.717308
2430.560303	-67.184921
2433.251953	-65.503098
2435.943604	-65.141075
2438.635254	-67.725914
2441.326904	-65.422081
2444.018555	-66.824249
2446.710205	-67.078476
2449.401855	-66.753792
2452.093506	-67.238388
2454.785156	-66.555618
2457.476807	-68.251534
2460.168457	-67.426102
2462.860107	-66.576477
2465.551758	-66.181641
2468.243408	-65.929306
2470.935059	-67.129532
2473.626709	-67.691986
2476.318359	-66.506317
2479.010010	-66.353546
2481.701660	-66.538887
2484.393311	-65.800598
2487.084961	-65.980591
2489.776611	-65.220589
2492.468262	-66.879868
2495.159912	-66.001480
2497.851562	-68.533707
2500.543213	-66.285591
2503.234863	-67.879189
2505.926514	-66.440414
2508.618164	-66.289062
2511.309814	-66.392014
2514.001465	-64.685410
2516.693115	-65.139442
2519.384766	-65.373398
2522.076416	-66.894951
2524.768066	-66.763069
2527.459717	-65.816589
2530.151367	-67.836388
2532.843018	-66.435814
2535.534668	-65.724846
2538.226318	-66.963455
2540.917969	-67.762939
2543.609619	-67.364990
2546.301270	-67.042213
2548.992920	-66.498474
2551.684570	-66.113976
2554.376221	-66.200729
2557.067871	-67.261276
2559.759521	-65.254829
2562.451172	-65.623848
2565.142822	-65.207558
2567.834473	-66.147835
2570.526123	-66.346764
2573.217773	-66.168846
2575.909424	-64.094406
2578.601074	-65.639259
2581.292725	-66.211754
2583.984375	-64.107353
2586.676025	-65.035057
2589.367676	-65.214523
2592.059326	-65.510529
2594.750977	-65.854904
2597.442627	-66.181320
2600.134277	-66.561432
2602.825928	-64.861618
2605.517578	-65.620735
2608.209229	-64.705536
2610.900879	-65.481026
2613.592529	-65.040565
2616.284180	-64.531227
2618.975830	-65.383110
2621.667480	-66.453354
2624.359131	-64.557541
2627.050781	-63.583675
2629.742432	-65.130898
2632.434082	-66.369827
2635.125732	-64.966682
2637.817383	-63.279598
2640.509033	-63.730618
2643.200684	-65.647469
2645.892334	-65.019585
2648.583984	-64.646820
2651.275635	-64.583862
2653.967285	-66.223381
2656.658936	-62.469082
2659.350586	-65.306587
2662.042236	-65.154350
2664.733887	-64.863075
2667.425537	-63.785744
2670.117188	-63.727608
2672.808838	-64.062927
2675.500488	-65.313461
2678.192139	-64.506386
2680.883789	-64.188171
2683.575439	-63.364010
2686.267090	-63.627605
2688.958740	-63.597237
2691.650391	-64.957634
2694.342041	-64.211929
2697.033691	-64.752510
2699.725342	-63.520428
2702.416992	-65.575409
2705.108643	-63.582291
2707.800293	-64.908386
2710.491943	-64.690468
2713.183594	-64.435593
2715.875244	-64.782585
2718.566895	-63.380272
2721.258545	-63.254772
2723.950195	-64.261871
2726.641846	-63.718472
2729.333496	-64.120926
2732.025146	-62.773155
2734.716797	-64.192932
2737.408447	-63.296318
2740.100098	-63.281502
2742.791748	-61.820240
2745.483398	-63.676998
2748.175049	-63.876610
2750.866699	-64.020035
2753.558350	-63.798531
2756.250000	-64.214043
2758.941650	-64.399475
2761.633301	-63.443546
2764.324951	-64.176018
2767.016602	-63.120407
2769.708252	-63.843678
2772.399902	-63.787895
2775.091553	-63.599865
2777.783203	-62.311970
2780.474854	-62.440529
2783.166504	-62.579700
2785.858154	-64.046852
2788.549805	-62.752331
2791.241455	-63.718590
2793.933105	-62.419651
2796.624756	-63.370422
2799.316406	-62.388771
2802.008057	-61.516808
2804.699707	-63.464706
2807.391357	-63.193039
2810.083008	-62.567543
2812.774658	-61.951859
2815.466309	-62.339584
2818.157959	-63.381882
2820.849609	-63.534065
2823.541260	-63.224205
2826.232910	-62.120102
2828.924561	-63.017738
2831.616211	-62.161533
2834.307861	-62.231510
2836.999512	-62.310513
2839.691162	-64.000023
2842.382812	-62.755989
2845.074463	-62.443127
2847.766113	-63.139511
2850.457764	-63.502602
2853.149414	-63.390675
2855.841064	-62.302807
2858.532715	-63.168617
2861.224365	-63.109135
2863.916016	-62.682426
2866.607666	-63.313305
2869.299316	-60.980946
2871.990967	-62.384247
2874.682617	-62.550457
2877.374268	-64.010757
2880.065918	-62.500229
2882.757568	-63.255428
2885.449219	-65.173698
2888.140869	-64.023338
2890.832520	-62.644596
2893.524170	-62.827324
2896.215820	-62.812862
2898.907471	-62.429596
2901.599121	-62.491371
2904.290771	-61.523167
2906.982422	-62.133102
2909.674072	-62.930912
2912.365723	-62.758499
2915.057373	-63.371853
2917.749023	-61.937897
2920.440674	-62.230125
2923.132324	-63.653564
2925.823975	-63.759113
2928.515625	-61.864948
2931.207275	-62.512268
2933.898926	-62.456352
2936.590576	-63.330036
2939.282227	-63.586372
2941.973877	-64.010132
2944.665527	-63.829605
2947.357178	-62.513000
2950.048828	-63.301941
2952.740479	-62.228886
2955.432129	-61.863678
2958.123779	-62.047951
2960.815430	-62.376999
2963.507080	-63.583939
2966.198730	-63.236149
2968.890381	-62.741592
2971.582031	-63.243328
2974.273682	-63.491222
2976.965332	-61.808323
2979.656982	-62.552975
2982.348633	-62.548847
2985.040283	-62.537937
2987.731934	-61.781742
2990.423584	-61.692268
2993.115234	-62.958973
2995.806885	-62.666214
2998.498535	-61.771870
3001.190186	-61.635555
3003.881836	-62.831051
3006.573486	-62.456772
3009.265137	-62.054008
3011.956787	-63.472527
3014.648438	-62.381161
3017.340088	-62.138283
3020.031738	-61.704185
3022.723389	-62.001846
3025.415039	-60.791130
3028.106689	-62.665890
3030.798340	-63.551109
3033.489990	-63.543812
3036.181641	-63.849159
3038.873291	-63.717369
3041.564941	-62.939327
3044.256592	-63.835640
3046.948242	-63.640732
3049.639893	-61.480324
3052.331543	-62.037682
3055.023193	-62.561539
3057.714844	-62.208694
3060.406494	-62.516701
3063.098145	-63.567928
3065.789795	-61.896420
3068.481445	-63.656120
3071.173096	-64.207687
3073.864746	-61.741516
3076.556396	-62.844093
3079.248047	-63.523106
3081.939697	-63.297836
3084.631348	-62.975822
3087.322998	-62.264690
3090.014648	-61.102329
3092.706299	-62.977348
3095.397949	-64.325668
3098.089600	-62.973076
3100.781250	-62.670853
3103.472900	-63.459362
3106.164551	-62.633862
3108.856201	-63.121147
3111.547852	-61.779980
3114.239502	-63.688499
3116.931152	-62.229836
3119.622803	-63.010269
3122.314453	-63.018898
3125.006104	-63.578678
3127.697754	-63.326752
3130.389404	-62.962715
3133.081055	-63.780869
3135.772705	-64.931885
3138.464355	-63.838711
3141.156006	-63.855019
3143.847656	-64.827400
3146.539307	-63.457546
3149.230957	-63.831821
3151.922607	-65.532730
3154.614258	-63.998322
3157.305908	-62.766724
3159.997559	-64.927917
3162.689209	-63.685452
3165.380859	-64.742905
3168.072510	-63.747681
3170.764160	-65.076675
3173.455811	-64.734604
3176.147461	-64.029572
3178.839111	-66.370422
3181.530762	-63.481865
3184.222412	-64.256630
3186.914062	-64.337029
3189.605713	-65.104706
3192.297363	-64.804871
3194.989014	-63.807404
3197.680664	-64.635483
3200.372314	-65.263390
3203.063965	-65.107208
3205.755615	-64.666527
3208.447266	-63.944786
3211.138916	-64.803383
3213.830566	-64.758064
3216.522217	-63.903660
3219.213867	-63.510201
3221.905518	-64.782425
3224.597168	-64.669464
3227.288818	-63.251678
3229.980469	-64.063461
3232.672119	-66.540115
3235.363770	-65.995407
3238.055420	-65.697227
3240.747070	-65.586510
3243.438721	-65.963676
3246.130371	-65.798920
3248.822021	-64.263580
3251.513672	-64.690231
3254.205322	-63.834507
3256.896973	-64.857559
3259.588623	-64.247116
3262.280273	-65.387527
3264.971924	-65.231720
3267.663574	-64.358971
3270.355225	-64.016380
3273.046875	-64.039360
3275.738525	-64.561279
3278.430176	-65.686089
3281.121826	-65.041885
3283.813477	-63.585556
3286.505127	-66.187340
3289.196777	-65.203346
3291.888428	-64.726318
3294.580078	-63.297882
3297.271729	-64.233116
3299.963379	-64.154251
3302.655029	-63.707298
3305.346680	-63.970226
3308.038330	-64.909958
3310.729980	-65.728676
3313.421631	-65.583519
3316.113281	-65.182129
3318.804932	-65.206497
3321.496582	-63.827133
3324.188232	-65.986748
3326.879883	-65.747108
3329.571533	-63.643917
3332.263184	-65.844795
3334.954834	-64.108147
3337.646484	-65.769333
3340.338135	-64.345688
3343.029785	-64.805351
3345.721436	-64.729736
3348.413086	-65.510460
3351.104736	-65.891960
3353.796387	-66.281403
3356.488037	-66.235970
3359.179688	-64.082458
3361.871338	-65.152565
3364.562988	-63.641090
3367.254639	-65.235474
3369.946289	-64.356186
3372.637939	-66.330231
3375.329590	-64.510437
3378.021240	-64.612381
3380.712891	-65.172073
3383.404541	-63.881065
3386.096191	-64.537201
3388.787842	-65.493614
3391.479492	-66.020096
3394.171143	-64.627243
3396.862793	-63.892246
3399.554443	-64.275223
3402.246094	-66.438614
3404.937744	-66.991348
3407.629395	-64.942482
3410.321045	-66.487778
3413.012695	-64.534233
3415.704346	-65.017769
3418.395996	-65.371262
3421.087646	-65.501556
3423.779297	-63.804184
3426.470947	-64.986275
3429.162598	-64.914268
3431.854248	-64.958023
3434.545898	-64.320671
3437.237549	-65.189667
3439.929199	-65.018456
3442.620850	-64.336632
3445.312500	-65.126244
3448.004150	-64.507011
3450.695801	-64.787735
3453.387451	-65.669891
3456.079102	-64.981186
3458.770752	-64.344704
3461.462402	-64.978249
3464.154053	-65.046326
3466.845703	-63.653999
3469.537354	-63.378201
3472.229004	-64.655426
3474.920654	-63.987389
3477.612305	-64.625351
3480.303955	-64.580696
3482.995605	-64.670555
3485.687256	-64.474098
3488.378906	-63.899158
3491.070557	-64.844177
3493.762207	-63.799980
3496.453857	-64.622604
3499.145508	-65.617706
3501.837158	-64.768768
3504.528809	-64.527031
3507.220459	-65.214157
3509.912109	-64.018021
3512.603760	-63.646423
3515.295410	-63.367222
3517.987061	-64.079025
3520.678711	-65.237434
3523.370361	-64.061409
3526.062012	-64.082458
3528.753662	-64.365791
3531.445312	-65.224304
3534.136963	-65.145546
3536.828613	-63.399776
3539.520264	-64.026245
3542.211914	-63.721684
3544.903564	-63.692921
3547.595215	-64.606834
3550.286865	-63.726078
3552.978516	-63.953854
3555.670166	-63.418781
3558.361816	-63.239231
3561.053467	-63.582409
3563.745117	-64.481010
3566.436768	-63.970348
3569.128418	-65.380569
3571.820068	-64.179054
3574.511719	-64.494064
3577.203369	-63.895878
3579.895020	-63.862114
3582.586670	-65.234070
3585.278320	-63.592735
3587.969971	-62.831837
3590.661621	-62.721447
3593.353271	-63.756111
3596.044922	-64.126076
3598.736572	-64.124489
3601.428223	-64.580833
3604.119873	-63.904884
3606.811523	-65.356689
3609.503174	-64.263298
3612.194824	-63.565777
3614.886475	-64.203331
3617.578125	-63.119492
3620.269775	-64.763504
3622.961426	-63.317123
3625.653076	-64.154839
3628.344727	-63.683384
3631.036377	-63.617416
3633.728027	-63.595333
3636.419678	-63.907578
3639.111328	-63.898354
3641.802979	-63.835445
3644.494629	-67.312195
3647.186279	-63.833031
3649.877930	-63.131947
3652.569580	-64.389206
3655.261230	-64.155777
3657.952881	-63.349533
3660.644531	-62.503113
3663.336182	-63.003021
3666.027832	-62.977146
3668.719482	-63.226257
3671.411133	-63.508667
3674.102783	-62.026855
3676.794434	-63.194252
3679.486084	-62.754234
3682.177734	-63.125183
3684.869385	-63.350716
3687.561035	-63.353104
3690.252686	-62.722656
3692.944336	-63.327374
3695.635986	-64.331543
3698.327637	-62.211700
3701.019287	-63.462547
3703.710938	-64.310364
3706.402588	-64.273193
3709.094238	-62.441895
3711.785889	-61.923615
3714.477539	-63.193096
3717.169189	-63.235405
3719.860840	-62.102905
3722.552490	-63.277496
3725.244141	-62.052052
3727.935791	-62.599045
3730.627441	-63.226822
3733.319092	-63.526947
3736.010742	-61.653904
3738.702393	-62.383110
3741.394043	-62.565582
3744.085693	-63.471569
3746.777344	-61.376144
3749.468994	-62.557472
3752.160645	-61.952621
3754.852295	-60.959351
3757.543945	-62.303043
3760.235596	-62.287628
3762.927246	-62.265408
3765.618896	-61.499950
3768.310547	-62.238327
3771.002197	-61.585201
3773.693848	-61.959171
3776.385498	-62.572628
3779.077148	-60.827663
3781.768799	-62.196491
3784.460449	-61.833469
3787.152100	-60.862000
3789.843750	-62.684715
3792.535400	-61.825104
3795.227051	-61.825378
3797.918701	-62.645287
3800.610352	-61.211479
3803.302002	-61.264729
3805.993652	-60.421898
3808.685303	-61.326599
3811.376953	-61.141136
3814.068604	-61.335739
3816.760254	-61.096825
3819.451904	-59.972923
3822.143555	-59.913040
3824.835205	-60.430782
3827.526855	-60.303322
3830.218506	-61.950150
3832.910156	-60.619595
3835.601807	-60.068996
3838.293457	-60.874268
3840.985107	-59.303303
3843.676758	-59.810463
3846.368408	-60.569469
3849.060059	-61.497326
3851.751709	-60.154476
3854.443359	-59.526848
3857.135010	-62.660938
3859.826660	-60.916088
3862.518311	-59.666424
3865.209961	-59.002975
3867.901611	-59.217575
3870.593262	-59.986637
3873.284912	-59.353096
3875.976562	-59.484123
3878.668213	-60.299908
3881.359863	-59.782974
3884.051514	-60.327106
3886.743164	-60.281910
3889.434814	-59.793491
3892.126465	-59.745800
3894.818115	-59.421741
3897.509766	-58.228992
3900.201416	-59.832855
3902.893066	-60.087646
3905.584717	-57.965900
3908.276367	-58.431141
3910.968018	-59.047066
3913.659668	-58.819111
3916.351318	-57.743370
3919.042969	-58.476620
3921.734619	-57.270508
3924.426270	-58.833977
3927.117920	-59.134232
3929.809570	-59.431053
3932.501221	-58.795715
3935.192871	-58.463100
3937.884521	-58.855640
3940.576172	-58.485065
3943.267822	-59.213596
3945.959473	-59.050568
3948.651123	-59.868629
3951.342773	-59.084961
3954.034424	-57.364029
3956.726074	-58.563187
3959.417725	-59.849064
3962.109375	-58.716988
3964.801025	-58.184216
3967.492676	-58.486786
3970.184326	-58.098503
3972.875977	-58.211094
3975.567627	-58.077469
3978.259277	-58.150551
3980.950928	-58.704567
3983.642578	-57.886139
3986.334229	-59.356102
3989.025879	-58.567074
3991.717529	-58.912979
3994.409180	-58.017445
3997.100830	-57.304810
3999.792480	-58.537647
4002.484131	-58.690979
4005.175781	-58.407585
4007.867432	-59.543461
4010.559082	-58.190147
4013.250732	-59.924194
4015.942383	-58.631962
4018.634033	-58.625069
4021.325684	-59.560081
4024.017334	-57.865505
4026.708984	-58.053917
4029.400635	-58.052895
4032.092285	-58.562271
4034.783936	-58.441887
4037.475586	-59.008827
4040.167236	-58.009541
4042.858887	-58.835407
4045.550537	-58.111320
4048.242188	-59.348373
4050.933838	-58.457142
4053.625488	-58.548759
4056.317139	-58.645027
4059.008789	-58.728127
4061.700439	-59.703354
4064.392090	-59.939785
4067.083740	-60.125057
4069.775391	-61.773998
4072.467041	-60.136189
4075.158691	-59.103886
4077.850342	-61.196114
4080.541992	-59.393394
4083.233643	-59.261410
4085.925293	-58.278614
4088.616943	-59.632584
4091.308594	-59.813026
4094.000244	-59.904594
4096.691895	-59.315395
4099.383545	-59.249557
4102.075195	-59.701660
4104.766846	-59.845863
4107.458496	-58.797062
4110.150146	-61.035690
4112.841797	-60.313992
4115.533447	-60.059982
4118.225098	-61.164127
4120.916748	-59.298828
4123.608398	-60.255253
4126.300049	-60.490414
4128.991699	-61.278782
4131.683350	-60.086929
4134.375000	-60.265873
4137.066650	-61.881756
4139.758301	-61.091553
4142.449951	-60.668354
4145.141602	-60.812294
4147.833252	-61.551109
4150.524902	-60.111408
4153.216553	-59.360718
4155.908203	-61.668587
4158.599854	-61.878124
4161.291504	-60.737095
4163.983154	-60.246864
4166.674805	-60.831284
4169.366455	-61.416142
4172.058105	-61.487576
4174.749756	-60.697086
4177.441406	-62.352100
4180.133057	-61.418949
4182.824707	-61.592743
4185.516357	-62.407513
4188.208008	-62.076458
4190.899658	-60.578041
4193.591309	-61.805065
4196.282959	-63.239532
4198.974609	-61.906246
4201.666260	-61.432888
4204.357910	-61.147022
4207.049561	-62.466606
4209.741211	-61.293831
4212.432861	-63.126644
4215.124512	-60.826115
4217.816162	-62.120049
4220.507812	-61.703262
4223.199463	-62.431454
4225.891113	-62.441711
4228.582764	-60.901043
4231.274414	-62.996433
4233.966064	-62.970707
4236.657715	-63.534374
4239.349365	-62.109169
4242.041016	-63.165554
4244.732666	-63.118397
4247.424316	-62.035507
4250.115967	-63.378937
4252.807617	-63.007668
4255.499268	-64.018799
4258.190918	-63.275391
4260.882568	-64.147163
4263.574219	-64.083466
4266.265869	-63.063099
4268.957520	-63.044273
4271.649170	-62.392902
4274.340820	-63.069263
4277.032471	-62.953514
4279.724121	-63.375088
4282.415771	-64.025208
4285.107422	-63.537704
4287.799072	-63.209846
4290.490723	-64.944473
4293.182373	-63.535904
4295.874023	-64.145340
4298.565674	-63.590157
4301.257324	-64.393021
4303.948975	-64.429848
4306.640625	-63.993244
4309.332275	-64.566521
4312.023926	-63.569195
4314.715576	-63.510036
4317.407227	-64.272827
4320.098877	-64.618729
4322.790527	-64.161995
4325.482178	-63.125229
4328.173828	-63.472897
4330.865479	-63.851334
4333.557129	-63.600475
4336.248779	-64.303886
4338.940430	-63.340729
4341.632080	-64.506844
4344.323730	-64.750793
4347.015381	-64.185173
4349.707031	-64.395233
4352.398682	-64.849609
4355.090332	-64.870567
4357.781982	-64.011726
4360.473633	-64.754227
4363.165283	-64.563293
4365.856934	-64.586098
4368.548584	-64.548393
4371.240234	-64.812912
4373.931885	-65.220413
4376.623535	-64.525658
4379.315186	-65.911057
4382.006836	-63.645035
4384.698486	-63.662376
4387.390137	-64.784859
4390.081787	-63.000683
4392.773438	-65.259865
4395.465088	-64.617737
4398.156738	-65.502800
4400.848389	-64.799797
4403.540039	-65.451385
4406.231689	-64.036392
4408.923340	-64.655197
4411.614990	-63.961708
4414.306641	-65.460167
4416.998291	-66.218903
4419.689941	-64.917641
4422.381592	-64.237144
4425.073242	-64.479973
4427.764893	-63.610035
4430.456543	-66.301994
4433.148193	-65.665413
4435.839844	-64.493362
4438.531494	-65.084915
4441.223145	-66.059624
4443.914795	-64.911331
4446.606445	-65.305489
4449.298096	-66.106758
4451.989746	-64.267365
4454.681396	-64.674728
4457.373047	-65.703926
4460.064697	-66.124756
4462.756348	-64.973053
4465.447998	-66.914253
4468.139648	-65.244896
4470.831299	-65.488304
4473.522949	-65.898735
4476.214600	-64.357239
4478.906250	-66.067688
4481.597900	-65.427986
4484.289551	-65.909668
4486.981201	-65.720345
4489.672852	-65.035538
4492.364502	-64.820786
4495.056152	-65.528214
4497.747803	-64.797218
4500.439453	-66.346207
4503.131104	-65.069450
4505.822754	-65.270050
4508.514404	-64.621292
4511.206055	-65.192459
4513.897705	-65.533020
4516.589355	-66.030075
4519.281006	-65.976540
4521.972656	-65.161530
4524.664307	-66.511147
4527.355957	-66.070335
4530.047607	-66.578621
4532.739258	-66.029518
4535.430908	-66.756165
4538.122559	-66.183418
4540.814209	-66.342224
4543.505859	-65.997169
4546.197510	-65.160881
4548.889160	-66.093567
4551.580811	-65.794495
4554.272461	-65.902153
4556.964111	-65.699371
4559.655762	-65.592903
4562.347412	-65.429085
4565.039062	-66.313194
4567.730713	-65.969429
4570.422363	-66.076561
4573.114014	-64.432739
4575.805664	-64.794106
4578.497314	-65.408592
4581.188965	-65.363297
4583.880615	-64.910095
4586.572266	-65.627647
4589.263916	-64.835320
4591.955566	-65.915298
4594.647217	-67.054100
4597.338867	-66.598389
4600.030518	-66.371185
4602.722168	-66.035301
4605.413818	-66.003304
4608.105469	-66.816238
4610.797119	-65.174599
4613.488770	-65.196472
4616.180420	-65.686523
4618.872070	-65.703362
4621.563721	-65.803902
4624.255371	-66.689293
4626.947021	-65.418045
4629.638672	-63.804283
4632.330322	-65.066681
4635.021973	-65.606949
4637.713623	-65.903328
4640.405273	-65.816307
4643.096924	-66.187469
4645.788574	-64.472267
4648.480225	-65.194260
4651.171875	-66.007149
4653.863525	-67.746025
4656.555176	-66.522072
4659.246826	-64.337906
4661.938477	-65.050644
4664.630127	-67.092117
4667.321777	-65.367577
4670.013428	-64.246628
4672.705078	-66.324478
4675.396729	-67.194244
4678.088379	-66.098862
4680.780029	-65.559921
4683.471680	-66.138412
4686.163330	-65.272980
4688.854980	-65.319031
4691.546631	-67.012344
4694.238281	-65.424484
4696.929932	-65.194046
4699.621582	-65.964325
4702.313232	-65.839088
4705.004883	-66.814026
4707.696533	-65.219666
4710.388184	-64.687126
4713.079834	-64.717026
4715.771484	-65.186241
4718.463135	-64.974289
4721.154785	-65.777306
4723.846436	-67.795296
4726.538086	-65.531265
4729.229736	-65.587570
4731.921387	-65.293999
4734.613037	-64.539978
4737.304688	-64.515663
4739.996338	-65.976257
4742.687988	-66.519745
4745.379639	-65.096260
4748.071289	-65.116180
4750.762939	-66.727371
4753.454590	-63.512863
4756.146240	-63.821777
4758.837891	-64.127045
4761.529541	-64.242798
4764.221191	-65.121315
4766.912842	-64.630806
4769.604492	-64.619911
4772.296143	-65.035416
4774.987793	-65.533966
4777.679443	-64.749413
4780.371094	-64.292183
4783.062744	-64.478096
4785.754395	-65.586304
4788.446045	-64.670731
4791.137695	-65.725464
4793.829346	-65.554832
4796.520996	-64.222221
4799.212646	-64.965385
4801.904297	-63.802319
4804.595947	-63.293663
4807.287598	-66.093353
4809.979248	-63.781597
4812.670898	-65.777054
4815.362549	-62.869755
4818.054199	-62.565331
4820.745850	-64.366196
4823.437500	-63.968742
4826.129150	-65.610161
4828.820801	-64.668304
4831.512451	-64.077675
4834.204102	-64.267525
4836.895752	-64.658272
4839.587402	-64.696724
4842.279053	-64.019653
4844.970703	-65.113884
4847.662354	-62.991692
4850.354004	-63.630241
4853.045654	-64.076248
4855.737305	-63.028351
4858.428955	-63.620586
4861.120605	-63.616356
4863.812256	-64.069473
4866.503906	-63.248074
4869.195557	-63.651134
4871.887207	-62.549137
4874.578857	-63.132996
4877.270508	-63.303532
4879.962158	-64.050056
4882.653809	-63.764439
4885.345459	-64.881744
4888.037109	-62.430984
4890.728760	-63.211468
4893.420410	-63.172417
4896.112061	-64.305313
4898.803711	-63.872025
4901.495361	-63.484112
4904.187012	-62.461422
4906.878662	-62.677738
4909.570312	-63.027473
4912.261963	-62.093361
4914.953613	-63.059647
4917.645264	-63.155373
4920.336914	-62.483440
4923.028564	-62.368053
4925.720215	-60.966042
4928.411865	-63.235775
4931.103516	-61.594143
4933.795166	-61.993584
4936.486816	-61.600853
4939.178467	-62.908192
4941.870117	-62.408470
4944.561768	-61.634186
4947.253418	-61.592899
4949.945068	-61.130539
4952.636719	-60.936676
4955.328369	-60.968414
4958.020020	-60.759575
4960.711670	-61.958027
4963.403320	-60.898724
4966.094971	-60.785931
4968.786621	-61.762070
4971.478271	-61.434505
4974.169922	-61.589172
4976.861572	-61.024998
4979.553223	-62.547707
4982.244873	-60.657597
4984.936523	-59.581226
4987.628174	-60.502918
4990.319824	-61.695107
4993.011475	-61.104553
4995.703125	-61.004272
4998.394775	-60.833595
5001.086426	-60.702026
5003.778076	-59.684074
5006.469727	-60.063820
5009.161377	-60.255676
5011.853027	-60.787090
5014.544678	-59.138580
5017.236328	-59.575920
5019.927979	-59.499798
5022.619629	-59.397423
5025.311279	-60.425762
5028.002930	-60.663177
5030.694580	-61.605797
5033.386230	-58.986958
5036.077881	-59.193485
5038.769531	-58.976990
5041.461182	-59.402206
5044.152832	-60.875954
5046.844482	-59.656494
5049.536133	-60.092663
5052.227783	-59.688705
5054.919434	-59.909939
5057.611084	-59.431339
5060.302734	-59.512268
5062.994385	-58.917835
5065.686035	-59.913116
5068.377686	-59.916119
5071.069336	-60.132774
5073.760986	-59.674343
5076.452637	-58.246910
5079.144287	-58.857075
5081.835938	-58.324638
5084.527588	-60.250778
5087.219238	-59.176403
5089.910889	-58.626785
5092.602539	-58.115456
5095.294189	-56.487587
5097.985840	-57.692360
5100.677490	-58.169323
5103.369141	-57.910313
5106.060791	-57.829632
5108.752441	-57.554142
5111.444092	-56.124359
5114.135742	-58.328754
5116.827393	-57.182701
5119.519043	-58.916927
5122.210693	-58.682175
5124.902344	-57.285431
5127.593994	-57.304192
5130.285645	-56.873833
5132.977295	-57.798653
5135.668945	-57.863842
5138.360596	-57.017193
5141.052246	-58.387638
5143.743896	-57.455681
5146.435547	-58.411873
5149.127197	-57.122501
5151.818848	-57.192863
5154.510498	-57.526035
5157.202148	-58.179966
5159.893799	-59.137360
5162.585449	-57.402958
5165.277100	-56.694920
5167.968750	-57.320015
5170.660400	-58.963326
5173.352051	-57.705723
5176.043701	-58.434788
5178.735352	-59.263985
5181.427002	-59.649590
5184.118652	-59.357777
5186.810303	-59.134533
5189.501953	-56.713036
5192.193604	-57.728710
5194.885254	-58.264271
5197.576904	-57.272648
5200.268555	-58.876106
5202.960205	-60.171223
5205.651855	-58.274166
5208.343506	-59.826939
5211.035156	-57.322254
5213.726807	-58.092896
5216.418457	-58.159657
5219.110107	-60.130219
5221.801758	-60.312531
5224.493408	-60.749439
5227.185059	-60.057949
5229.876709	-59.323517
5232.568359	-58.356472
5235.260010	-58.479485
5237.951660	-60.037930
5240.643311	-59.573330
5243.334961	-59.641075
5246.026611	-59.996849
5248.718262	-60.903709
5251.409912	-59.987141
5254.101562	-59.807201
5256.793213	-59.331028
5259.484863	-59.682766
5262.176514	-59.400181
5264.868164	-60.236858
5267.559814	-59.316124
5270.251465	-59.253105
5272.943115	-60.394699
5275.634766	-59.451584
5278.326416	-60.284023
5281.018066	-59.574959
5283.709717	-60.454155
5286.401367	-61.101254
5289.093018	-60.506092
5291.784668	-60.862293
5294.476318	-61.754948
5297.167969	-61.236954
5299.859619	-61.347588
5302.551270	-60.391098
5305.242920	-61.315460
5307.934570	-62.535809
5310.626221	-61.192772
5313.317871	-60.345188
5316.009521	-60.191658
5318.701172	-60.009079
5321.392822	-60.856998
5324.084473	-59.980267
5326.776123	-61.980648
5329.467773	-63.427132
5332.159424	-61.599335
5334.851074	-62.159477
5337.542725	-63.579224
5340.234375	-61.868095
5342.926025	-62.841625
5345.617676	-62.688042
5348.309326	-62.567879
5351.000977	-61.989769
5353.692627	-62.403698
5356.384277	-63.580429
5359.075928	-62.711914
5361.767578	-62.898899
5364.459229	-63.307259
5367.150879	-62.480370
5369.842529	-63.080662
5372.534180	-62.900684
5375.225830	-63.556625
5377.917480	-63.160378
5380.609131	-63.178204
5383.300781	-63.347633
5385.992432	-63.314293
5388.684082	-62.666634
5391.375732	-64.775742
5394.067383	-63.491047
5396.759033	-63.425762
5399.450684	-62.548508
5402.142334	-63.640446
5404.833984	-63.559917
5407.525635	-63.362698
5410.217285	-63.748676
5412.908936	-63.029171
5415.600586	-64.096390
5418.292236	-63.513519
5420.983887	-63.719112
5423.675537	-65.069786
5426.367188	-63.970291
5429.058838	-63.684910
5431.750488	-62.364006
5434.442139	-64.706375
5437.133789	-64.505753
5439.825439	-65.124275
5442.517090	-63.752663
5445.208740	-65.064240
5447.900391	-64.678871
5450.592041	-65.625908
5453.283691	-64.756844
5455.975342	-65.030098
5458.666992	-66.119499
5461.358643	-65.279953
5464.050293	-63.891720
5466.741943	-64.955490
5469.433594	-65.527992
5472.125244	-65.125832
5474.816895	-64.629929
5477.508545	-66.583519
5480.200195	-67.085152
5482.891846	-65.023186
5485.583496	-64.814987
5488.275146	-66.287796
5490.966797	-67.320892
5493.658447	-65.342804
5496.350098	-65.750633
5499.041748	-64.711830
5501.733398	-66.133591
5504.425049	-65.855804
5507.116699	-64.291779
5509.808350	-64.649292
5512.500000	-66.755188
5515.191650	-64.989395
5517.883301	-64.526604
5520.574951	-65.209114
5523.266602	-65.859772
5525.958252	-67.286400
5528.649902	-64.650940
5531.341553	-64.600105
5534.033203	-66.123337
5536.724854	-64.849846
5539.416504	-65.886452
5542.108154	-66.100693
5544.799805	-67.252090
5547.491455	-66.998466
5550.183105	-66.652008
5552.874756	-66.063164
5555.566406	-65.849472
5558.258057	-65.820168
5560.949707	-65.240562
5563.641357	-66.023193
5566.333008	-67.182434
5569.024658	-65.666878
5571.716309	-65.958893
5574.407959	-66.998680
5577.099609	-67.380653
5579.791260	-66.189156
5582.482910	-65.687057
5585.174561	-66.534180
5587.866211	-66.218658
5590.557861	-65.707108
5593.249512	-66.285446
5595.941162	-64.613518
5598.632812	-66.025520
5601.324463	-67.624161
5604.016113	-66.484055
5606.707764	-68.062675
5609.399414	-67.113747
5612.091064	-66.621857
5614.782715	-67.781456
5617.474365	-67.362686
5620.166016	-66.426743
5622.857666	-67.296356
5625.549316	-66.643501
5628.240967	-66.619583
5630.932617	-66.901703
5633.624268	-67.148521
5636.315918	-67.694237
5639.007568	-68.618179
5641.699219	-68.462532
5644.390869	-67.592255
5647.082520	-66.697662
5649.774170	-66.433685
5652.465820	-67.534424
5655.157471	-67.345543
5657.849121	-66.732605
5660.540771	-66.481186
5663.232422	-66.408257
5665.924072	-67.272728
5668.615723	-66.365654
5671.307373	-67.253387
5673.999023	-67.473824
5676.690674	-66.753220
5679.382324	-66.175827
5682.073975	-66.009010
5684.765625	-68.877090
5687.457275	-66.510307
5690.148926	-67.342247
5692.840576	-68.385468
5695.532227	-68.274254
5698.223877	-68.155182
5700.915527	-67.453056
5703.607178	-68.219048
5706.298828	-67.185196
5708.990479	-67.569351
5711.682129	-69.189468
5714.373779	-68.015228
5717.065430	-66.819229
5719.757080	-67.887512
5722.448730	-67.959648
5725.140381	-67.941879
5727.832031	-67.732765
5730.523682	-66.259109
5733.215332	-67.045334
5735.906982	-67.627716
5738.598633	-67.699196
5741.290283	-66.441086
5743.981934	-67.501152
5746.673584	-66.654152
5749.365234	-67.499062
5752.056885	-67.082146
5754.748535	-66.297546
5757.440186	-67.070282
5760.131836	-66.640968
5762.823486	-67.384041
5765.515137	-68.711037
5768.206787	-67.769539
5770.898438	-67.014236
5773.590088	-66.992432
5776.281738	-66.989410
5778.973389	-67.257935
5781.665039	-67.002464
5784.356689	-67.487968
5787.048340	-67.874680
5789.739990	-66.927071
5792.431641	-67.085983
5795.123291	-67.848244
5797.814941	-67.441742
5800.506592	-68.820854
5803.198242	-68.295464
5805.889893	-67.019081
5808.581543	-68.483650
5811.273193	-65.549629
5813.964844	-65.168709
5816.656494	-66.881897
5819.348145	-66.176277
5822.039795	-67.204704
5824.731445	-66.851646
5827.423096	-67.212547
5830.114746	-67.822258
5832.806396	-68.045631
5835.498047	-66.890823
5838.189697	-67.320290
5840.881348	-67.819397
5843.572998	-68.027405
5846.264648	-66.688515
5848.956299	-66.534088
5851.647949	-67.982880
5854.339600	-68.765785
5857.031250	-66.972649
5859.722900	-66.995697
5862.414551	-66.004684
5865.106201	-66.212959
5867.797852	-66.834015
5870.489502	-67.920403
5873.181152	-66.448532
5875.872803	-66.215912
5878.564453	-65.641495
5881.256104	-67.288223
5883.947754	-65.330101
5886.639404	-66.874077
5889.331055	-66.529953
5892.022705	-67.017952
5894.714355	-67.122116
5897.406006	-68.212288
5900.097656	-68.679222
5902.789307	-66.264229
5905.480957	-66.548363
5908.172607	-67.111435
5910.864258	-66.258003
5913.555908	-66.084038
5916.247559	-67.234314
5918.939209	-66.272285
5921.630859	-65.694305
5924.322510	-66.097847
5927.014160	-65.762619
5929.705811	-65.297615
5932.397461	-66.469780
5935.089111	-66.266609
5937.780762	-65.611404
5940.472412	-66.205414
5943.164062	-66.067299
5945.855713	-66.382889
5948.547363	-65.980324
5951.239014	-66.273018
5953.930664	-66.563713
5956.622314	-65.676064
5959.313965	-67.570923
5962.005615	-67.044418
5964.697266	-66.487686
5967.388916	-65.951477
5970.080566	-65.551498
5972.772217	-66.145500
5975.463867	-65.975922
5978.155518	-65.791649
5980.847168	-65.686554
5983.538818	-64.560265
5986.230469	-64.104034
5988.922119	-64.557007
5991.613770	-65.396255
5994.305420	-65.262993
5996.997070	-65.163002
5999.688721	-64.882019
6002.380371	-64.973694
6005.072021	-65.809929
6007.763672	-65.031311
6010.455322	-64.975792
6013.146973	-65.245956
6015.838623	-64.376572
6018.530273	-65.081398
6021.221924	-65.488922
6023.913574	-64.889137
6026.605225	-65.192314
6029.296875	-64.938751
6031.988525	-65.609421
6034.680176	-65.560715
6037.371826	-66.243423
6040.063477	-64.393875
6042.755127	-65.697952
6045.446777	-64.868927
6048.138428	-63.696625
6050.830078	-64.696815
6053.521729	-64.472725
6056.213379	-64.268700
6058.905029	-64.275917
6061.596680	-66.580154
6064.288330	-64.637497
6066.979980	-64.553650
6069.671631	-64.195366
6072.363281	-64.430939
6075.054932	-63.855694
6077.746582	-63.463196
6080.438232	-63.815334
6083.129883	-63.136436
6085.821533	-63.823376
6088.513184	-63.939022
6091.204834	-63.756084
6093.896484	-65.004204
6096.588135	-62.284782
6099.279785	-63.764202
6101.971436	-63.303478
6104.663086	-62.798016
6107.354736	-64.554848
6110.046387	-64.598267
6112.738037	-65.075188
6115.429688	-63.474846
6118.121338	-63.109287
6120.812988	-63.181034
6123.504639	-62.719555
6126.196289	-63.114563
6128.887939	-62.269459
6131.579590	-63.084579
6134.271240	-63.289108
6136.962891	-63.059067
6139.654541	-62.276768
6142.346191	-63.377689
6145.037842	-62.764927
6147.729492	-62.147667
6150.421143	-62.258900
6153.112793	-62.173988
6155.804443	-62.173000
6158.496094	-63.306122
6161.187744	-63.259800
6163.879395	-62.835423
6166.571045	-62.503410
6169.262695	-63.452900
6171.954346	-62.059090
6174.645996	-62.584915
6177.337646	-61.890972
6180.029297	-60.507942
6182.720947	-62.405880
6185.412598	-61.182495
6188.104248	-62.039276
6190.795898	-61.148663
6193.487549	-60.932419
6196.179199	-59.739193
6198.870850	-60.175846
6201.562500	-61.835861
6204.254150	-60.641144
6206.945801	-60.386875
6209.637451	-59.936172
6212.329102	-60.917446
6215.020752	-59.961102
6217.712402	-60.799503
6220.404053	-60.532665
6223.095703	-59.358177
6225.787354	-60.055500
6228.479004	-58.958447
6231.170654	-59.531818
6233.862305	-59.717529
6236.553955	-59.781822
6239.245605	-59.899326
6241.937256	-60.034912
6244.628906	-61.067783
6247.320557	-60.082985
6250.012207	-60.972301
6252.703857	-59.642235
6255.395508	-59.104973
6258.087158	-59.440281
6260.778809	-60.166439
6263.470459	-59.998482
6266.162109	-59.318478
6268.853760	-58.087753
6271.545410	-59.745377
6274.237061	-57.899769
6276.928711	-57.881775
6279.620361	-59.523781
6282.312012	-58.490662
6285.003662	-56.497356
6287.695312	-58.764603
6290.386963	-58.484806
6293.078613	-57.963867
6295.770264	-58.048027
6298.461914	-58.112080
6301.153564	-57.321022
6303.845215	-57.265133
6306.536865	-57.479496
6309.228516	-58.096725
6311.920166	-57.051613
6314.611816	-57.852448
6317.303467	-58.534042
6319.995117	-58.180401
6322.686768	-57.171391
6325.378418	-58.107578
6328.070068	-57.705956
6330.761719	-57.642708
6333.453369	-57.799786
6336.145020	-57.402374
6338.836670	-57.912003
6341.528320	-58.434193
6344.219971	-57.047291
6346.911621	-59.103874
6349.603271	-58.460693
6352.294922	-58.129124
6354.986572	-57.509914
6357.678223	-58.290936
6360.369873	-57.442577
6363.061523	-57.790565
6365.753174	-57.869797
6368.444824	-57.603767
6371.136475	-58.620148
6373.828125	-57.139359
6376.519775	-58.376678
6379.211426	-58.802948
6381.903076	-58.114357
6384.594727	-59.197746
6387.286377	-58.199848
6389.978027	-58.836826
6392.669678	-58.905590
6395.361328	-58.910919
6398.052979	-59.015663
6400.744629	-59.057785
6403.436279	-59.054970
6406.127930	-59.288307
6408.819580	-58.971607
6411.511230	-59.356857
6414.202881	-58.760994
6416.894531	-59.718239
6419.586182	-60.124275
6422.277832	-60.133083
6424.969482	-59.461773
6427.661133	-60.484566
6430.352783	-59.992592
6433.044434	-59.817474
6435.736084	-59.639896
6438.427734	-59.637863
6441.119385	-61.326160
6443.811035	-61.181969
6446.502686	-60.652218
6449.194336	-59.684341
6451.885986	-61.303623
6454.577637	-61.706703
6457.269287	-61.738361
6459.960938	-61.715870
6462.652588	-60.565502
6465.344238	-60.000996
6468.035889	-61.661179
6470.727539	-61.488838
6473.419189	-60.941544
6476.110840	-60.889362
6478.802490	-62.688583
6481.494141	-61.914551
6484.185791	-61.796520
6486.877441	-61.819271
6489.569092	-61.370766
6492.260742	-62.431332
6494.952393	-61.057922
6497.644043	-62.704258
6500.335693	-61.700451
6503.027344	-63.354137
6505.718994	-61.782310
6508.410645	-63.423294
6511.102295	-62.932072
6513.793945	-62.661102
6516.485596	-63.505886
6519.177246	-63.423237
6521.868896	-63.335289
6524.560547	-62.443638
6527.252197	-63.296738
6529.943848	-62.856163
6532.635498	-63.170700
6535.327148	-64.599792
6538.018799	-64.016388
6540.710449	-63.284393
6543.402100	-62.896641
6546.093750	-62.777180
6548.785400	-63.362450
6551.477051	-64.887314
6554.168701	-62.326485
6556.860352	-65.186325
6559.552002	-64.261765
6562.243652	-64.935165
6564.935303	-64.623970
6567.626953	-65.017830
6570.318604	-64.265778
6573.010254	-64.370621
6575.701904	-64.506081
6578.393555	-64.582733
6581.085205	-64.384850
6583.776855	-65.738197
6586.468506	-63.882950
6589.160156	-63.586018
6591.851807	-64.467896
6594.543457	-64.990173
6597.235107	-64.168488
6599.926758	-64.846069
6602.618408	-65.472527
6605.310059	-64.473030
6608.001709	-65.695053
6610.693359	-64.685585
6613.385010	-65.128342
6616.076660	-64.779541
6618.768311	-66.655037
6621.459961	-65.205215
6624.151611	-64.839973
6626.843262	-65.707016
6629.534912	-65.696640
6632.226562	-66.057838
6634.918213	-66.693924
6637.609863	-64.566589
6640.301514	-66.305351
6642.993164	-66.691063
6645.684814	-66.140457
6648.376465	-67.031364
6651.068115	-65.879936
6653.759766	-66.221054
6656.451416	-65.796333
6659.143066	-65.823608
6661.834717	-66.866348
6664.526367	-68.447830
6667.218018	-67.179459
6669.909668	-66.493980
6672.601318	-65.367416
6675.292969	-65.323433
6677.984619	-67.397980
6680.676270	-67.560318
6683.367920	-66.018112
6686.059570	-66.772896
6688.751221	-65.587379
6691.442871	-67.382111
6694.134521	-67.279320
6696.826172	-66.818886
6699.517822	-66.384399
6702.209473	-66.873581
6704.901123	-66.959404
6707.592773	-68.129829
6710.284424	-66.468010
6712.976074	-66.631966
6715.667725	-65.781021
6718.359375	-66.468834
6721.051025	-66.608482
6723.742676	-66.966690
6726.434326	-67.444298
6729.125977	-67.100708
6731.817627	-68.389656
6734.509277	-69.235069
6737.200928	-68.248756
6739.892578	-66.866165
6742.584229	-68.412964
6745.275879	-68.717224
6747.967529	-67.261810
6750.659180	-66.965469
6753.350830	-67.452057
6756.042480	-67.877167
6758.734131	-66.765961
6761.425781	-66.035545
6764.117432	-66.491684
6766.809082	-67.419502
6769.500732	-67.742645
6772.192383	-65.928871
6774.884033	-66.847778
6777.575684	-68.477570
6780.267334	-68.005455
6782.958984	-67.266632
6785.650635	-66.975502
6788.342285	-67.176392
6791.033936	-69.367661
6793.725586	-69.369888
6796.417236	-70.389320
6799.108887	-67.545616
6801.800537	-68.133629
6804.492188	-67.895660
6807.183838	-67.435074
6809.875488	-67.389244
6812.567139	-68.875542
6815.258789	-67.625603
6817.950439	-68.151550
6820.642090	-68.770790
6823.333740	-68.717171
6826.025391	-70.341400
6828.717041	-67.823196
6831.408691	-69.880783
6834.100342	-69.959930
6836.791992	-68.606514
6839.483643	-66.429184
6842.175293	-69.303047
6844.866943	-68.767784
6847.558594	-68.074989
6850.250244	-68.589310
6852.941895	-69.911072
6855.633545	-67.777847
6858.325195	-69.227921
6861.016846	-68.006638
6863.708496	-68.357048
6866.400146	-68.359489
6869.091797	-68.890816
6871.783447	-67.586060
6874.475098	-68.643745
6877.166748	-68.355003
6879.858398	-68.091171
6882.550049	-68.761063
6885.241699	-67.899048
6887.933350	-69.026001
6890.625000	-67.583733
6893.316650	-69.248581
6896.008301	-69.118355
6898.699951	-67.192139
6901.391602	-67.424362
6904.083252	-69.008270
6906.774902	-68.845856
6909.466553	-68.906296
6912.158203	-68.503304
6914.849854	-69.445229
6917.541504	-68.433891
6920.233154	-68.923805
6922.924805	-66.980118
6925.616455	-68.054680
6928.308105	-67.829620
6930.999756	-69.365768
6933.691406	-67.253387
6936.383057	-68.652794
6939.074707	-68.272972
6941.766357	-68.368095
6944.458008	-68.587784
6947.149658	-67.785141
6949.841309	-67.723030
6952.532959	-67.953194
6955.224609	-68.415657
6957.916260	-68.035324
6960.607910	-68.904572
6963.299561	-68.701546
6965.991211	-68.615562
6968.682861	-68.707382
6971.374512	-67.920952
6974.066162	-70.060333
6976.757812	-70.126595
6979.449463	-69.454964
6982.141113	-67.871017
6984.832764	-68.804260
6987.524414	-68.277420
6990.216064	-68.565117
6992.907715	-67.615997
6995.599365	-68.419594
6998.291016	-68.111610
7000.982666	-67.797424
7003.674316	-68.046013
7006.365967	-68.270859
7009.057617	-68.622704
7011.749268	-67.434647
7014.440918	-67.009270
7017.132568	-67.747169
7019.824219	-68.386406
7022.515869	-69.487312
7025.207520	-69.838341
7027.899170	-68.306511
7030.590820	-67.626831
7033.282471	-67.704330
7035.974121	-67.982613
7038.665771	-68.156197
7041.357422	-67.697327
7044.049072	-69.283501
7046.740723	-68.202042
7049.432373	-67.850021
7052.124023	-69.202042
7054.815674	-69.241325
7057.507324	-68.376556
7060.198975	-68.737724
7062.890625	-68.785553
7065.582275	-67.173393
7068.273926	-67.159317
7070.965576	-68.337921
7073.657227	-68.410500
7076.348877	-68.485878
7079.040527	-68.787880
7081.732178	-69.539955
7084.423828	-67.691422
7087.115479	-67.659615
7089.807129	-68.100815
7092.498779	-68.839836
7095.190430	-67.188477
7097.882080	-66.941833
7100.573730	-68.415955
7103.265381	-67.425980
7105.957031	-67.539513
7108.648682	-67.750870
7111.340332	-66.523949
7114.031982	-69.215492
7116.723633	-66.881905
7119.415283	-68.280594
7122.106934	-68.510353
7124.798584	-66.159584
7127.490234	-67.694435
7130.181885	-66.942001
7132.873535	-67.025864
7135.565186	-68.044006
7138.256836	-67.231316
7140.948486	-67.382637
7143.640137	-67.755539
7146.331787	-68.124557
7149.023438	-67.239685
7151.715088	-68.353783
7154.406738	-67.272041
7157.098389	-66.955910
7159.790039	-68.060455
7162.481689	-67.645409
7165.173340	-66.675117
7167.864990	-66.738068
7170.556641	-67.779488
7173.248291	-67.152908
7175.939941	-66.792442
7178.631592	-67.891487
7181.323242	-67.048828
7184.014893	-66.134323
7186.706543	-67.696281
7189.398193	-66.648445
7192.089844	-67.012703
7194.781494	-66.828918
7197.473145	-65.439575
7200.164795	-68.128250
7202.856445	-68.259445
7205.548096	-66.832436
7208.239746	-67.730438
7210.931396	-66.524254
7213.623047	-66.473930
7216.314697	-65.601685
7219.006348	-66.802551
7221.697998	-66.255562
7224.389648	-67.724602
7227.081299	-67.006920
7229.772949	-65.067909
7232.464600	-64.448486
7235.156250	-65.710236
7237.847900	-66.488113
7240.539551	-66.723183
7243.231201	-65.826714
7245.922852	-66.732742
7248.614502	-65.660606
7251.306152	-65.582054
7253.997803	-65.693886
7256.689453	-65.976212
7259.381104	-66.252960
7262.072754	-65.244507
7264.764404	-66.572876
7267.456055	-66.155960
7270.147705	-65.647568
7272.839355	-64.536453
7275.531006	-64.847847
7278.222656	-65.266273
7280.914307	-65.834625
7283.605957	-64.460495
7286.297607	-64.602379
7288.989258	-64.961784
7291.680908	-65.533669
7294.372559	-64.852440
7297.064209	-64.612000
7299.755859	-65.163078
7302.447510	-64.291092
7305.139160	-65.529388
7307.830811	-66.214890
7310.522461	-64.041061
7313.214111	-64.262581
7315.905762	-63.262520
7318.597412	-63.916607
7321.289062	-64.348175
7323.980713	-64.197639
7326.672363	-64.255241
7329.364014	-64.466187
7332.055664	-63.581322
7334.747314	-63.182137
7337.438965	-63.671974
7340.130615	-64.690582
7342.822266	-64.510925
7345.513916	-63.446198
7348.205566	-64.467613
7350.897217	-63.048645
7353.588867	-64.494438
7356.280518	-64.235260
7358.972168	-64.422798
7361.663818	-63.505009
7364.355469	-62.590988
7367.047119	-62.713848
7369.738770	-63.129856
7372.430420	-62.529194
7375.122070	-62.793903
7377.813721	-62.368202
7380.505371	-61.610050
7383.197021	-63.099041
7385.888672	-61.706718
7388.580322	-62.979015
7391.271973	-62.616962
7393.963623	-63.456364
7396.655273	-63.159397
7399.346924	-61.261536
7402.038574	-62.811237
7404.730225	-62.788734
7407.421875	-61.661530
7410.113525	-61.367699
7412.805176	-60.571854
7415.496826	-62.685226
7418.188477	-63.193680
7420.880127	-61.156769
7423.571777	-61.048405
7426.263428	-61.506527
7428.955078	-61.546089
7431.646729	-61.633999
7434.338379	-60.739059
7437.030029	-61.232521
7439.721680	-61.357315
7442.413330	-60.193645
7445.104980	-59.970150
7447.796631	-60.915661
7450.488281	-59.992401
7453.179932	-59.757942
7455.871582	-60.755104
7458.563232	-60.707676
7461.254883	-60.170956
7463.946533	-59.213924
7466.638184	-60.032169
7469.329834	-59.651321
7472.021484	-59.453716
7474.713135	-59.990486
7477.404785	-59.659668
7480.096436	-58.946892
7482.788086	-60.423988
7485.479736	-60.462631
7488.171387	-59.877354
7490.863037	-58.524803
7493.554688	-57.817127
7496.246338	-58.556721
7498.937988	-59.922028
7501.629639	-58.540047
7504.321289	-58.443703
7507.012939	-58.538464
7509.704590	-57.944817
7512.396240	-59.092525
7515.087891	-58.479511
7517.779541	-58.835182
7520.471191	-59.448448
7523.162842	-58.408989
7525.854492	-58.176544
7528.546143	-59.083389
7531.237793	-58.355213
7533.929443	-58.356972
7536.621094	-58.743675
7539.312744	-58.565475
7542.004395	-57.706470
7544.696045	-58.794361
7547.387695	-60.170296
7550.079346	-58.296455
7552.770996	-58.469826
7555.462646	-58.312527
7558.154297	-57.549679
7560.845947	-58.025955
7563.537598	-58.799591
7566.229248	-59.382458
7568.920898	-57.879742
7571.612549	-57.520065
7574.304199	-58.450890
7576.995850	-58.326851
7579.687500	-59.713837
7582.379150	-59.509514
7585.070801	-58.995354
7587.762451	-59.969666
7590.454102	-60.299511
7593.145752	-58.959629
7595.837402	-59.423782
7598.529053	-59.394310
7601.220703	-59.793247
7603.912354	-58.227764
7606.604004	-60.007397
7609.295654	-59.628254
7611.987305	-58.629616
7614.678955	-59.638340
7617.370605	-60.741100
7620.062256	-60.194019
7622.753906	-60.558006
7625.445557	-61.503967
7628.137207	-61.592583
7630.828857	-59.914249
7633.520508	-60.479122
7636.212158	-61.092770
7638.903809	-61.159122
7641.595459	-60.895077
7644.287109	-60.711906
7646.978760	-60.504440
7649.670410	-61.948975
7652.362061	-61.367207
7655.053711	-62.552059
7657.745361	-62.116322
7660.437012	-61.115875
7663.128662	-62.000973
7665.820312	-61.075974
7668.511963	-61.825184
7671.203613	-61.054943
7673.895264	-60.818676
7676.586914	-60.571121
7679.278564	-61.547951
7681.970215	-60.998753
7684.661865	-61.822372
7687.353516	-62.782425
7690.045166	-62.196323
7692.736816	-61.818943
7695.428467	-62.545731
7698.120117	-63.744926
7700.811768	-63.076847
7703.503418	-63.327137
7706.195068	-61.873680
7708.886719	-62.662338
7711.578369	-63.034512
7714.270020	-64.177521
7716.961670	-64.463310
7719.653320	-63.778065
7722.344971	-65.335396
7725.036621	-62.742756
7727.728271	-64.266708
7730.419922	-64.354790
7733.111572	-62.248840
7735.803223	-64.983315
7738.494873	-64.456978
7741.186523	-65.539803
7743.878174	-63.691708
7746.569824	-63.475437
7749.261475	-64.445435
7751.953125	-63.860653
7754.644775	-64.056343
7757.336426	-63.016747
7760.028076	-63.480728
7762.719727	-65.454620
7765.411377	-64.923439
7768.103027	-64.438881
7770.794678	-64.928360
7773.486328	-65.729973
7776.177979	-65.788071
7778.869629	-65.686646
7781.561279	-65.158554
7784.252930	-65.556046
7786.944580	-64.903908
7789.636230	-66.973732
7792.327881	-66.741905
7795.019531	-65.620598
7797.711182	-64.805237
7800.402832	-66.215752
7803.094482	-67.299019
7805.786133	-66.319054
7808.477783	-66.356201
7811.169434	-65.995918
7813.861084	-65.872078
7816.552734	-66.440353
7819.244385	-65.223801
7821.936035	-67.514145
7824.627686	-65.870346
7827.319336	-67.648453
7830.010986	-67.317551
7832.702637	-66.176788
7835.394287	-67.396118
7838.085938	-66.245789
7840.777588	-66.946991
7843.469238	-66.771812
7846.160889	-66.135147
7848.852539	-66.055939
7851.544189	-67.533836
7854.235840	-66.824989
7856.927490	-66.385620
7859.619141	-67.058998
7862.310791	-67.056831
7865.002441	-67.119156
7867.694092	-67.633194
7870.385742	-66.678909
7873.077393	-66.864334
7875.769043	-67.986992
7878.460693	-66.354774
7881.152344	-67.728722
7883.843994	-67.011841
7886.535645	-68.814987
7889.227295	-68.530685
7891.918945	-69.126381
7894.610596	-67.594765
7897.302246	-66.993538
7899.993896	-67.944901
7902.685547	-67.102493
7905.377197	-68.911064
7908.068848	-67.900475
7910.760498	-67.966873
7913.452148	-67.916771
7916.143799	-67.355202
7918.835449	-66.772102
7921.527100	-67.201950
7924.218750	-68.457840
7926.910400	-68.470314
7929.602051	-67.799767
7932.293701	-68.260300
7934.985352	-67.606140
7937.677002	-67.385925
7940.368652	-68.397278
7943.060303	-68.957253
7945.751953	-68.315178
7948.443604	-68.687813
7951.135254	-69.108665
7953.826904	-67.515945
7956.518555	-68.425011
7959.210205	-67.875900
7961.901855	-67.959335
7964.593506	-68.639084
7967.285156	-69.854286
7969.976807	-69.791573
7972.668457	-67.924919
7975.360107	-67.875351
7978.051758	-68.524506
7980.743408	-67.544769
7983.435059	-68.221031
7986.126709	-68.456909
7988.818359	-68.691444
7991.510010	-68.228828
7994.201660	-69.049553
7996.893311	-68.240318
7999.584961	-68.856956
8002.276611	-68.620728
8004.968262	-68.567467
8007.659912	-66.978348
8010.351562	-68.154243
8013.043213	-69.598534
8015.734863	-70.030434
8018.426514	-69.101128
8021.118164	-69.312996
8023.809814	-68.694801
8026.501465	-69.254097
8029.193115	-69.519737
8031.884766	-69.909233
8034.576416	-69.791634
8037.268066	-69.714699
8039.959717	-68.392899
8042.651367	-70.309013
8045.343018	-70.352257
8048.034668	-68.828247
8050.726318	-68.620323
8053.417969	-69.019302
8056.109619	-68.952843
8058.801270	-70.629837
8061.492920	-70.109833
8064.184570	-70.242592
8066.876221	-69.287903
8069.567871	-70.278702
8072.259521	-68.691605
8074.951172	-69.690575
8077.642822	-69.037041
8080.334473	-69.535225
8083.026123	-70.077705
8085.717773	-69.412109
8088.409424	-68.169151
8091.101074	-68.450935
8093.792725	-69.706947
8096.484375	-68.829880
8099.176025	-68.901344
8101.867676	-68.860771
8104.559326	-70.544815
8107.250977	-68.829109
8109.942627	-69.925568
8112.634277	-70.050552
8115.325928	-68.230591
8118.017578	-69.694008
8120.709229	-68.005836
8123.400879	-69.056114
8126.092529	-70.783043
8128.784180	-70.311226
8131.475830	-69.331444
8134.167480	-68.709740
8136.859131	-69.650429
8139.550781	-70.032303
8142.242432	-70.095062
8144.934082	-69.103455
8147.625732	-69.859962
8150.317383	-68.937119
8153.009033	-70.348938
8155.700684	-68.894516
8158.392334	-69.801537
8161.083984	-69.631516
8163.775635	-70.281410
8166.467285	-70.401398
8169.158936	-70.079323
8171.850586	-69.205994
8174.542236	-68.823639
8177.233887	-69.579880
8179.925537	-70.166901
8182.617188	-68.654549
8185.308838	-69.645020
8188.000488	-69.221275
8190.692139	-69.793854
8193.383789	-69.518616
8196.075439	-69.507919
8198.767090	-69.891617
8201.458740	-70.148949
8204.150391	-67.900101
8206.842041	-68.756210
8209.533691	-69.632996
8212.225342	-69.588440
8214.916992	-68.533501
8217.608643	-69.849861
8220.300293	-68.892426
8222.991943	-69.405464
8225.683594	-69.077446
8228.375244	-69.894135
8231.066895	-68.245308
8233.758545	-69.584671
8236.450195	-70.044113
8239.141846	-68.693321
8241.833496	-68.544449
8244.525146	-69.393791
8247.216797	-69.058357
8249.908447	-68.813957
8252.600098	-69.860550
8255.291748	-69.501038
8257.983398	-68.852829
8260.675049	-68.722343
8263.366699	-68.612114
8266.058350	-69.034126
8268.750000	-68.487335
8271.441650	-69.208588
8274.133301	-68.068703
8276.824951	-68.987556
8279.516602	-70.775139
8282.208252	-68.909645
8284.899902	-69.471123
8287.591553	-69.114792
8290.283203	-68.945007
8292.974854	-68.320320
8295.666504	-68.825043
8298.358154	-68.634750
8301.049805	-68.345016
8303.741455	-68.225945
8306.433105	-68.366768
8309.124756	-70.092865
8311.816406	-69.641853
8314.508057	-68.747887
8317.199707	-69.442780
8319.891357	-69.083290
8322.583008	-70.044243
8325.274658	-69.357277
8327.966309	-69.465775
8330.657959	-69.741562
8333.349609	-69.055481
8336.041260	-68.541039
8338.732910	-69.125359
8341.424561	-68.690430
8344.116211	-67.607208
8346.807861	-67.774254
8349.499512	-67.959023
8352.191162	-67.981285
8354.882812	-67.688858
8357.574463	-68.030167
8360.266113	-68.913857
8362.957764	-68.722282
8365.649414	-69.054535
8368.341064	-69.308144
8371.032715	-70.369736
8373.724365	-69.636436
8376.416016	-68.255989
8379.107666	-68.374535
8381.799316	-68.983490
8384.490967	-67.289238
8387.182617	-67.959679
8389.874268	-67.622353
8392.565918	-67.940605
8395.257568	-68.839035
8397.949219	-68.007935
8400.640869	-67.967438
8403.332520	-68.091614
8406.024170	-67.628571
8408.715820	-68.371872
8411.407471	-68.034729
8414.099121	-67.429352
8416.790771	-68.403770
8419.482422	-67.898933
8422.174072	-68.721382
8424.865723	-67.929726
8427.557373	-67.415688
8430.249023	-66.423271
8432.940674	-67.800896
8435.632324	-65.981918
8438.323975	-68.008675
8441.015625	-66.393463
8443.707275	-66.486450
8446.398926	-66.885040
8449.090576	-66.865143
8451.782227	-67.108025
8454.473877	-66.205032
8457.165527	-65.928574
8459.857178	-68.873672
8462.548828	-67.862518
8465.240479	-67.611465
8467.932129	-66.268143
8470.623779	-66.820122
8473.315430	-66.680733
8476.007080	-66.425095
8478.698730	-68.237511
8481.390381	-67.565437
8484.082031	-66.975182
8486.773682	-65.812492
8489.465332	-68.355370
8492.156982	-66.569832
8494.848633	-67.121620
8497.540283	-66.702728
8500.231934	-65.891731
8502.923584	-66.244690
8505.615234	-65.491226
8508.306885	-65.958435
8510.998535	-65.971779
8513.690186	-65.775520
8516.381836	-65.626625
8519.073486	-65.638046
8521.765137	-64.826180
8524.456787	-65.047150
8527.148438	-65.518845
8529.840088	-66.014473
8532.531738	-65.181915
8535.223389	-65.229317
8537.915039	-65.269783
8540.606689	-64.425163
8543.298340	-65.213448
8545.989990	-64.802544
8548.681641	-64.523781
8551.373291	-65.975937
8554.064941	-65.906296
8556.756592	-64.818893
8559.448242	-64.725037
8562.139893	-64.805740
8564.831543	-65.126434
8567.523193	-66.133644
8570.214844	-65.543678
8572.906494	-64.992493
8575.598145	-64.536209
8578.289795	-64.190315
8580.981445	-63.443985
8583.673096	-64.875481
8586.364746	-63.944660
8589.056396	-64.323486
8591.748047	-64.156441
8594.439697	-63.578506
8597.131348	-63.513889
8599.822998	-64.257042
8602.514648	-62.475788
8605.206299	-63.370178
8607.897949	-62.853821
8610.589600	-62.437634
8613.281250	-63.127720
8615.972900	-63.119717
8618.664551	-63.280163
8621.356201	-63.681858
8624.047852	-62.352882
8626.739502	-60.885223
8629.431152	-62.614388
8632.122803	-61.602016
8634.814453	-61.547161
8637.506104	-62.161644
8640.197754	-62.076550
8642.889404	-61.956383
8645.581055	-60.676674
8648.272705	-62.149620
8650.964355	-63.131416
8653.656006	-61.703476
8656.347656	-60.707783
8659.039307	-61.382172
8661.730957	-61.328934
8664.422607	-61.360996
8667.114258	-62.330784
8669.805908	-62.173866
8672.497559	-60.315216
8675.189209	-61.495014
8677.880859	-61.310287
8680.572510	-61.857716
8683.264160	-62.009506
8685.955811	-61.382793
8688.647461	-60.773655
8691.339111	-60.532490
8694.030762	-60.479431
8696.722412	-61.247875
8699.414062	-60.965004
8702.105713	-60.099934
8704.797363	-59.663998
8707.489014	-60.442116
8710.180664	-61.505760
8712.872314	-61.423977
8715.563965	-59.879719
8718.255615	-58.855953
8720.947266	-60.878292
8723.638916	-60.961525
8726.330566	-61.027523
8729.022217	-60.839493
8731.713867	-59.333385
8734.405518	-59.265793
8737.097168	-59.494907
8739.788818	-60.296650
8742.480469	-59.168167
8745.172119	-59.538784
8747.863770	-60.895817
8750.555420	-59.898972
8753.247070	-58.198143
8755.938721	-59.640545
8758.630371	-59.832485
8761.322021	-59.352180
8764.013672	-58.942539
8766.705322	-59.278233
8769.396973	-58.785427
8772.088623	-58.160683
8774.780273	-59.422203
8777.471924	-58.874516
8780.163574	-59.623264
8782.855225	-61.702034
8785.546875	-60.063755
8788.238525	-60.523121
8790.930176	-60.064220
8793.621826	-59.056019
8796.313477	-59.280827
8799.005127	-59.959545
8801.696777	-60.554310
8804.388428	-61.248695
8807.080078	-58.986366
8809.771729	-60.193161
8812.463379	-60.564548
8815.155029	-59.349209
8817.846680	-60.534542
8820.538330	-59.409340
8823.229980	-60.099140
8825.921631	-60.839771
8828.613281	-62.316818
8831.304932	-62.427357
8833.996582	-61.019474
8836.688232	-62.001606
8839.379883	-60.805584
8842.071533	-60.778515
8844.763184	-60.652355
8847.454834	-61.123550
8850.146484	-62.526245
8852.838135	-62.184944
8855.529785	-62.446041
8858.221436	-61.207817
8860.913086	-61.018829
8863.604736	-61.598358
8866.296387	-62.095436
8868.988037	-63.283943
8871.679688	-62.934093
8874.371338	-62.179916
8877.062988	-62.153374
8879.754639	-62.781532
8882.446289	-62.947952
8885.137939	-62.643089
8887.829590	-62.518589
8890.521240	-64.220390
8893.212891	-63.829880
8895.904541	-63.454025
8898.596191	-63.300045
8901.287842	-63.811356
8903.979492	-64.028198
8906.671143	-62.788494
8909.362793	-63.366051
8912.054443	-64.248413
8914.746094	-64.580414
8917.437744	-63.573154
8920.129395	-63.876244
8922.821045	-63.398396
8925.512695	-64.518456
8928.204346	-63.369991
8930.895996	-66.437828
8933.587646	-63.903255
8936.279297	-65.730927
8938.970947	-65.337814
8941.662598	-64.782166
8944.354248	-65.403976
8947.045898	-65.237808
8949.737549	-66.011528
8952.429199	-64.735016
8955.120850	-64.723503
8957.812500	-65.246391
8960.504150	-66.263939
8963.195801	-66.030319
8965.887451	-65.193283
8968.579102	-64.614494
8971.270752	-65.783875
8973.962402	-65.944054
8976.654053	-66.813988
8979.345703	-66.651535
8982.037354	-65.523521
8984.729004	-65.633484
8987.420654	-64.992905
8990.112305	-66.385231
8992.803955	-67.354759
8995.495605	-67.279343
8998.187256	-66.836449
9000.878906	-65.826111
9003.570557	-66.922112
9006.262207	-67.256409
9008.953857	-67.451736
9011.645508	-66.197441
9014.337158	-66.942162
9017.028809	-67.353493
9019.720459	-66.620850
9022.412109	-67.369530
9025.103760	-67.805908
9027.795410	-67.009109
9030.487061	-67.044792
9033.178711	-67.863503
9035.870361	-66.962914
9038.562012	-67.075020
9041.253662	-67.904144
9043.945312	-69.874176
9046.636963	-68.183243
9049.328613	-68.928238
9052.020264	-67.267815
9054.711914	-67.494118
9057.403564	-66.430008
9060.095215	-67.294487
9062.786865	-68.888428
9065.478516	-65.814758
9068.170166	-65.971642
9070.861816	-68.674690
9073.553467	-68.438629
9076.245117	-66.647423
9078.936768	-67.155067
9081.628418	-68.208191
9084.320068	-68.557365
9087.011719	-67.717484
9089.703369	-68.464493
9092.395020	-66.758347
9095.086670	-68.591805
9097.778320	-69.119560
9100.469971	-67.694519
9103.161621	-67.661011
9105.853271	-67.938164
9108.544922	-70.132423
9111.236572	-69.665764
9113.928223	-68.019905
9116.619873	-67.983955
9119.311523	-68.401367
9122.003174	-67.635979
9124.694824	-67.754616
9127.386475	-68.704292
9130.078125	-68.469978
9132.769775	-68.135445
9135.461426	-68.582993
9138.153076	-70.081322
9140.844727	-70.211510
9143.536377	-69.122581
9146.228027	-68.944061
9148.919678	-68.590034
9151.611328	-70.191879
9154.302979	-68.644753
9156.994629	-69.146576
9159.686279	-68.725281
9162.377930	-70.244553
9165.069580	-69.167099
9167.761230	-68.780609
9170.452881	-69.634506
9173.144531	-70.825867
9175.836182	-69.546722
9178.527832	-68.989059
9181.219482	-68.943398
9183.911133	-69.773720
9186.602783	-69.217331
9189.294434	-69.300774
9191.986084	-69.401360
9194.677734	-69.231529
9197.369385	-69.365471
9200.061035	-69.618172
9202.752686	-69.915695
9205.444336	-69.662628
9208.135986	-69.350708
9210.827637	-69.483330
9213.519287	-70.161476
9216.210938	-70.851807
9218.902588	-69.340645
9221.594238	-70.141861
9224.285889	-69.614960
9226.977539	-69.614410
9229.669189	-69.001762
9232.360840	-70.068657
9235.052490	-70.033974
9237.744141	-70.015953
9240.435791	-69.879021
9243.127441	-69.868500
9245.819092	-70.807137
9248.510742	-70.230507
9251.202393	-70.980270
9253.894043	-68.904037
9256.585693	-71.437515
9259.277344	-71.527748
9261.968994	-70.059586
9264.660645	-69.770363
9267.352295	-72.829224
9270.043945	-70.821968
9272.735596	-69.074890
9275.427246	-69.838127
9278.118896	-70.781059
9280.810547	-68.734764
9283.502197	-70.322639
9286.193848	-70.185699
9288.885498	-69.800636
9291.577148	-69.373405
9294.268799	-69.480858
9296.960449	-69.431442
9299.652100	-69.637253
9302.343750	-69.390701
9305.035400	-70.837059
9307.727051	-71.178986
9310.418701	-69.992439
9313.110352	-69.405251
9315.802002	-69.946220
9318.493652	-69.297234
9321.185303	-69.202271
9323.876953	-70.693100
9326.568604	-69.874985
9329.260254	-68.811012
9331.951904	-70.454254
9334.643555	-69.999153
9337.335205	-71.748947
9340.026855	-69.580338
9342.718506	-71.282265
9345.410156	-69.613754
9348.101807	-71.098167
9350.793457	-70.064667
9353.485107	-70.209244
9356.176758	-70.158966
9358.868408	-70.837715
9361.560059	-68.181580
9364.251709	-69.030273
9366.943359	-70.183266
9369.635010	-69.047356
9372.326660	-69.640900
9375.018311	-70.139099
9377.709961	-69.839851
9380.401611	-70.096771
9383.093262	-69.403580
9385.784912	-69.527466
9388.476562	-68.852066
9391.168213	-69.944427
9393.859863	-71.070847
9396.551514	-70.021477
9399.243164	-70.137878
9401.934814	-69.950516
9404.626465	-69.551582
9407.318115	-70.173080
9410.009766	-69.671227
9412.701416	-70.452026
9415.393066	-71.242691
9418.084717	-69.288383
9420.776367	-71.672379
9423.468018	-70.213745
9426.159668	-70.258217
9428.851318	-70.630455
9431.542969	-69.625076
9434.234619	-69.502823
9436.926270	-70.807632
9439.617920	-69.102386
9442.309570	-70.203926
9445.001221	-68.905891
9447.692871	-69.137444
9450.384521	-71.092361
9453.076172	-69.008965
9455.767822	-69.058556
9458.459473	-71.078278
9461.151123	-71.009338
9463.842773	-70.061699
9466.534424	-69.223122
9469.226074	-69.726357
9471.917725	-69.899048
9474.609375	-70.931908
9477.301025	-70.242554
9479.992676	-70.084969
9482.684326	-70.044098
9485.375977	-70.015739
9488.067627	-70.368011
9490.759277	-69.543060
9493.450928	-69.167671
9496.142578	-69.297630
9498.834229	-68.775330
9501.525879	-69.887230
9504.217529	-70.217537
9506.909180	-70.462593
9509.600830	-70.335526
9512.292480	-69.845123
9514.984131	-70.657066
9517.675781	-69.598755
9520.367432	-68.680923
9523.059082	-69.289185
9525.750732	-68.758575
9528.442383	-68.747032
9531.134033	-70.071480
9533.825684	-68.585060
9536.517334	-69.218056
9539.208984	-70.286095
9541.900635	-70.056572
9544.592285	-67.915993
9547.283936	-69.471512
9549.975586	-69.062508
9552.667236	-71.266022
9555.358887	-69.548859
9558.050537	-70.132919
9560.742188	-68.759140
9563.433838	-69.030434
9566.125488	-69.206299
9568.817139	-67.521164
9571.508789	-70.038956
9574.200439	-69.095818
9576.892090	-69.030060
9579.583740	-67.890602
9582.275391	-68.569962
9584.967041	-68.775803
9587.658691	-69.161194
9590.350342	-68.703415
9593.041992	-68.058701
9595.733643	-69.132790
9598.425293	-69.287590
9601.116943	-69.368637
9603.808594	-69.566765
9606.500244	-68.807907
9609.191895	-68.906792
9611.883545	-69.355316
9614.575195	-68.628807
9617.266846	-68.785797
9619.958496	-69.485519
9622.650146	-68.263977
9625.341797	-67.177544
9628.033447	-69.103737
9630.725098	-69.354469
9633.416748	-69.317413
9636.108398	-67.887512
9638.800049	-67.624039
9641.491699	-68.225693
9644.183350	-68.086632
9646.875000	-67.892075
9649.566650	-67.999290
9652.258301	-66.442139
9654.949951	-68.616066
9657.641602	-67.526520
9660.333252	-66.257408
9663.024902	-68.383209
9665.716553	-67.260338
9668.408203	-67.523071
9671.099854	-68.297417
9673.791504	-68.236923
9676.483154	-66.802322
9679.174805	-67.758514
9681.866455	-66.831718
9684.558105	-67.896004
9687.249756	-69.204063
9689.941406	-67.065491
9692.633057	-66.101479
9695.324707	-67.386604
9698.016357	-68.097794
9700.708008	-66.721848
9703.399658	-67.412811
9706.091309	-67.807724
9708.782959	-65.819389
9711.474609	-67.241806
9714.166260	-67.326897
9716.857910	-66.448982
9719.549561	-65.923241
9722.241211	-67.152817
9724.932861	-66.873100
9727.624512	-67.380035
9730.316162	-66.007111
9733.007812	-65.690865
9735.699463	-66.756683
9738.391113	-66.806732
9741.082764	-66.940819
9743.774414	-66.492462
9746.466064	-66.804947
9749.157715	-64.804276
9751.849365	-65.530617
9754.541016	-65.196114
9757.232666	-65.605499
9759.924316	-65.147705
9762.615967	-66.898605
9765.307617	-66.666504
9767.999268	-65.309746
9770.690918	-65.218903
9773.382568	-64.963997
9776.074219	-65.829979
9778.765869	-65.094505
9781.457520	-65.473030
9784.149170	-64.663811
9786.840820	-63.479313
9789.532471	-65.613930
9792.224121	-64.614586
9794.915771	-64.353989
9797.607422	-65.866272
9800.299072	-65.544479
9802.990723	-64.109100
9805.682373	-63.665230
9808.374023	-65.475075
9811.065674	-66.185318
9813.757324	-63.849270
9816.448975	-63.640358
9819.140625	-63.629471
9821.832275	-63.701550
9824.523926	-65.153618
9827.215576	-64.031288
9829.907227	-64.240952
9832.598877	-64.152748
9835.290527	-64.203346
9837.982178	-62.245560
9840.673828	-63.944389
9843.365479	-63.033287
9846.057129	-63.546513
9848.748779	-63.589092
9851.440430	-62.596329
9854.132080	-63.009407
9856.823730	-62.035774
9859.515381	-64.328743
9862.207031	-63.773842
9864.898682	-62.657658
9867.590332	-63.379082
9870.281982	-61.641811
9872.973633	-62.400631
9875.665283	-63.828354
9878.356934	-62.935696
9881.048584	-62.065998
9883.740234	-62.622746
9886.431885	-62.702564
9889.123535	-61.319939
9891.815186	-61.448582
9894.506836	-63.055492
9897.198486	-62.747471
9899.890137	-60.876278
9902.581787	-62.643639
9905.273438	-62.221134
9907.965088	-61.764549
9910.656738	-60.858086
9913.348389	-61.903141
9916.040039	-60.850555
9918.731689	-61.768532
9921.423340	-62.333221
9924.114990	-60.969425
9926.806641	-62.531860
9929.498291	-61.612141
9932.189941	-61.400169
9934.881592	-61.670494
9937.573242	-60.660442
9940.264893	-61.014534
9942.956543	-61.636890
9945.648193	-61.031097
9948.339844	-62.540340
9951.031494	-61.354828
9953.723145	-60.143551
9956.414795	-60.534016
9959.106445	-60.632015
9961.798096	-59.902626
9964.489746	-61.327190
9967.181396	-62.026833
9969.873047	-60.706329
9972.564697	-60.451900
9975.256348	-60.204819
9977.947998	-61.529224
9980.639648	-60.711517
9983.331299	-61.422695
9986.022949	-60.336239
9988.714600	-61.143478
9991.406250	-61.251461
9994.097900	-61.671688
9996.789551	-60.587864
9999.481201	-61.495094
10002.172852	-60.911900
10004.864502	-60.598000
10007.556152	-60.067696
10010.247803	-59.621449
10012.939453	-60.123272
10015.631104	-60.984467
10018.322754	-60.846405
10021.014404	-59.854195
10023.706055	-59.721596
10026.397705	-61.370850
10029.089355	-61.308460
10031.781006	-62.962772
10034.472656	-61.483528
10037.164307	-62.804852
10039.855957	-62.194603
10042.547607	-62.807423
10045.239258	-63.114273
10047.930908	-62.088078
10050.622559	-62.834301
10053.314209	-62.624123
10056.005859	-62.492142
10058.697510	-62.376095
10061.389160	-63.061096
10064.080811	-63.648178
10066.772461	-63.687496
10069.464111	-63.631081
10072.155762	-63.139664
10074.847412	-64.078362
10077.539062	-64.329071
10080.230713	-63.219528
10082.922363	-63.542526
10085.614014	-64.520088
10088.305664	-64.221542
10090.997314	-63.629765
10093.688965	-65.362473
10096.380615	-64.497086
10099.072266	-63.223614
10101.763916	-64.814987
10104.455566	-65.444130
10107.147217	-64.883736
10109.838867	-63.764736
10112.530518	-65.086525
10115.222168	-64.129669
10117.913818	-65.525566
10120.605469	-65.277946
10123.297119	-65.713867
10125.988770	-63.807228
10128.680420	-64.150826
10131.372070	-65.465317
10134.063721	-64.540970
10136.755371	-65.701859
10139.447021	-66.304512
10142.138672	-65.530319
10144.830322	-66.508102
10147.521973	-67.078156
10150.213623	-67.146042
10152.905273	-66.160934
10155.596924	-66.940323
10158.288574	-66.120697
10160.980225	-66.298866
10163.671875	-67.586487
10166.363525	-66.214958
10169.055176	-66.348831
10171.746826	-66.817963
10174.438477	-67.066093
10177.130127	-66.412308
10179.821777	-67.520653
10182.513428	-66.432587
10185.205078	-67.103424
10187.896729	-67.491127
10190.588379	-67.537758
10193.280029	-67.702240
10195.971680	-68.183121
10198.663330	-66.862572
10201.354980	-68.028099
10204.046631	-68.315254
10206.738281	-68.608597
10209.429932	-68.645439
10212.121582	-68.062309
10214.813232	-67.344643
10217.504883	-69.578224
10220.196533	-68.212189
10222.888184	-68.785118
10225.579834	-68.717728
10228.271484	-68.873795
10230.963135	-69.798988
10233.654785	-70.269386
10236.346436	-69.884995
10239.038086	-68.631500
10241.729736	-70.908195
10244.421387	-70.632111
10247.113037	-70.478325
10249.804688	-70.072266
10252.496338	-69.082748
10255.187988	-69.353447
10257.879639	-70.053459
10260.571289	-69.746246
10263.262939	-69.753845
10265.954590	-69.859909
10268.646240	-70.448128
10271.337891	-69.984673
10274.029541	-70.998909
10276.721191	-69.618835
10279.412842	-70.318291
10282.104492	-70.652054
10284.796143	-70.721825
10287.487793	-71.654633
10290.179443	-70.900749
10292.871094	-70.449516
10295.562744	-71.991745
10298.254395	-71.529892
10300.946045	-71.258247
10303.637695	-70.669273
10306.329346	-72.529655
10309.020996	-71.025574
10311.712646	-70.999817
10314.404297	-71.479652
10317.095947	-71.574333
10319.787598	-72.409882
10322.479248	-70.985611
10325.170898	-72.147896
10327.862549	-74.753349
10330.554199	-70.825325
10333.245850	-73.203056
10335.937500	-71.575867
10338.629150	-72.060417
10341.320801	-72.240097
10344.012451	-71.786957
10346.704102	-73.665657
10349.395752	-73.076950
10352.087402	-72.275375
10354.779053	-72.645508
10357.470703	-73.208473
10360.162354	-72.474770
10362.854004	-72.107819
10365.545654	-73.016602
10368.237305	-72.154236
10370.928955	-73.335014
10373.620605	-73.621941
10376.312256	-74.188858
10379.003906	-73.105148
10381.695557	-74.475807
10384.387207	-73.916122
10387.078857	-73.927795
10389.770508	-74.454346
10392.462158	-74.335121
10395.153809	-74.966331
10397.845459	-73.684456
10400.537109	-73.435493
10403.228760	-75.392197
10405.920410	-73.475754
10408.612061	-76.686325
10411.303711	-74.975731
10413.995361	-74.547165
10416.687012	-74.966675
10419.378662	-75.417252
10422.070312	-74.810654
10424.761963	-76.344894
10427.453613	-76.584229
10430.145264	-76.408890
10432.836914	-75.918915
10435.528564	-74.351280
10438.220215	-75.856194
10440.911865	-74.913017
10443.603516	-75.805305
10446.295166	-76.037979
10448.986816	-76.625351
10451.678467	-76.322449
10454.370117	-75.767441
10457.061768	-75.787697
10459.753418	-76.262115
10462.445068	-76.440689
10465.136719	-77.431358
10467.828369	-77.579056
10470.520020	-75.756958
10473.211670	-76.702438
10475.903320	-76.810303
10478.594971	-76.318428
10481.286621	-76.622269
10483.978271	-76.209808
10486.669922	-77.984367
10489.361572	-77.119461
10492.053223	-76.730469
10494.744873	-76.990738
10497.436523	-78.566772
10500.128174	-79.298218
10502.819824	-77.489204
10505.511475	-77.235901
10508.203125	-78.383934
10510.894775	-77.112686
10513.586426	-78.830978
10516.278076	-76.559418
10518.969727	-78.351212
10521.661377	-78.541618
10524.353027	-79.008095
10527.044678	-77.278465
10529.736328	-79.572861
10532.427979	-78.655220
10535.119629	-78.384315
10537.811279	-78.696472
10540.502930	-79.344612
10543.194580	-79.731430
10545.886230	-80.399269
10548.577881	-79.675751
10551.269531	-80.446640
10553.961182	-79.763138
10556.652832	-80.377533
10559.344482	-79.914314
10562.036133	-79.825905
10564.727783	-78.807663
10567.419434	-80.083946
10570.111084	-79.773499
10572.802734	-79.070663
10575.494385	-80.721336
10578.186035	-79.902718
10580.877686	-80.699547
10583.569336	-81.497528
10586.260986	-79.786865
10588.952637	-79.018570
10591.644287	-81.264755
10594.335938	-79.394043
10597.027588	-80.951935
10599.719238	-80.900085
10602.410889	-80.412643
10605.102539	-79.821640
10607.794189	-80.709579
10610.485840	-81.071632
10613.177490	-81.729744
10615.869141	-80.843826
10618.560791	-81.390411
10621.252441	-82.977043
10623.944092	-80.894806
10626.635742	-81.733536
10629.327393	-80.833969
10632.019043	-82.721428
10634.710693	-82.578735
10637.402344	-82.057930
10640.093994	-82.741776
10642.785645	-82.181290
10645.477295	-82.331375
10648.168945	-82.088989
10650.860596	-83.820747
10653.552246	-82.622597
10656.243896	-81.904350
10658.935547	-83.034767
10661.627197	-81.936607
10664.318848	-82.617111
10667.010498	-83.273705
10669.702148	-83.496208
10672.393799	-83.760353
10675.085449	-83.069427
10677.777100	-84.024338
10680.468750	-83.516541
10683.160400	-85.758156
10685.852051	-83.294861
10688.543701	-83.511520
10691.235352	-84.045998
10693.927002	-83.572083
10696.618652	-84.189598
10699.310303	-84.063507
10702.001953	-83.834236
10704.693604	-83.750702
10707.385254	-85.871506
10710.076904	-85.109695
10712.768555	-85.111313
10715.460205	-84.066811
10718.151855	-84.562721
10720.843506	-85.566467
10723.535156	-85.080223
10726.226807	-84.882523
10728.918457	-85.365059
10731.610107	-85.366585
10734.301758	-85.719963
10736.993408	-84.562111
10739.685059	-87.159752
10742.376709	-84.898659
10745.068359	-86.005478
10747.760010	-86.718292
10750.451660	-86.119377
10753.143311	-86.331245
10755.834961	-86.305038
10758.526611	-86.508827
10761.218262	-85.706078
10763.909912	-87.056168
10766.601562	-85.901123
10769.293213	-86.871254
10771.984863	-86.215652
10774.676514	-86.051918
10777.368164	-88.120811
10780.059814	-87.677483
10782.751465	-86.844284
10785.443115	-87.687073
10788.134766	-87.164612
10790.826416	-87.347801
10793.518066	-87.759651
10796.209717	-87.733109
10798.901367	-87.660530
10801.593018	-87.460831
10804.284668	-88.523926
10806.976318	-86.965508
10809.667969	-87.525307
10812.359619	-88.572876
10815.051270	-88.055748
10817.742920	-88.160027
10820.434570	-88.220222
10823.126221	-89.574158
10825.817871	-88.980103
10828.509521	-88.747978
10831.201172	-88.142860
10833.892822	-88.046036
10836.584473	-89.351486
10839.276123	-89.155785
10841.967773	-89.278030
10844.659424	-88.887283
10847.351074	-89.466095
10850.042725	-89.664238
10852.734375	-89.064987
10855.426025	-89.359703
10858.117676	-90.474487
10860.809326	-89.797318
10863.500977	-89.321152
10866.192627	-90.429726
10868.884277	-91.122627
10871.575928	-90.633560
10874.267578	-90.138908
10876.959229	-90.939186
10879.650879	-90.286476
10882.342529	-90.167519
10885.034180	-91.226852
10887.725830	-90.272980
10890.417480	-90.731499
10893.109131	-90.482704
10895.800781	-90.277161
10898.492432	-91.367294
10901.184082	-90.256432
10903.875732	-91.625839
10906.567383	-92.105087
10909.259033	-90.968567
10911.950684	-92.348717
10914.642334	-92.123772
10917.333984	-91.244522
10920.025635	-91.096298
10922.717285	-91.536903
10925.408936	-91.384796
10928.100586	-91.390526
10930.792236	-92.948250
10933.483887	-92.469429
10936.175537	-92.979111
10938.867188	-92.219925
10941.558838	-92.284348
10944.250488	-92.413673
10946.942139	-91.001991
10949.633789	-92.555573
10952.325439	-91.796700
10955.017090	-91.364334
10957.708740	-92.700256
10960.400391	-93.193634
10963.092041	-92.530251
10965.783691	-93.088554
10968.475342	-92.428154
10971.166992	-93.485710
10973.858643	-92.979988
10976.550293	-92.748474
10979.241943	-93.340691
10981.933594	-92.654152
10984.625244	-93.025154
10987.316895	-93.552208
10990.008545	-91.763298
10992.700195	-93.278221
10995.391846	-94.378876
10998.083496	-92.946045
11000.775146	-92.786339
11003.466797	-91.739868
11006.158447	-94.288124
11008.850098	-94.025398
11011.541748	-94.716133
11014.233398	-93.340370
11016.925049	-93.012085
11019.616699	-93.509529
11022.308350	-93.033775
