Frequency (Hz)	Level (dB)
2.691650	-77.115868
5.383301	-77.275269
8.074951	-76.842140
10.766602	-76.762253
13.458252	-76.716743
16.149902	-76.675011
18.841553	-76.010368
21.533203	-75.979202
24.224854	-75.322495
26.916504	-75.331284
29.608154	-75.598068
32.299805	-75.660202
34.991455	-74.109047
37.683105	-74.489700
40.374756	-74.643097
43.066406	-74.278236
45.758057	-74.775978
48.449707	-73.170250
51.141357	-73.599777
53.833008	-73.261826
56.524658	-73.939995
59.216309	-72.719543
61.907959	-73.318069
64.599609	-73.291534
67.291260	-73.633492
69.982910	-74.609413
72.674561	-72.275772
75.366211	-72.504272
78.057861	-72.810501
80.749512	-73.948349
83.441162	-73.617264
86.132812	-71.925308
88.824463	-72.068512
91.516113	-72.427376
94.207764	-72.180748
96.899414	-71.560371
99.591064	-72.045235
102.282715	-71.769142
104.974365	-71.565895
107.666016	-71.282280
110.357666	-72.870720
113.049316	-72.210052
115.740967	-72.100883
118.432617	-71.628387
121.124268	-71.696075
123.815918	-71.096161
126.507568	-72.073959
129.199219	-70.956345
131.890869	-71.021851
134.582520	-71.495163
137.274170	-72.126343
139.965820	-72.594910
142.657471	-71.310638
145.349121	-70.411064
148.040771	-71.011673
150.732422	-69.813164
153.424072	-70.649544
156.115723	-70.062492
158.807373	-71.140884
161.499023	-71.303574
164.190674	-69.905327
166.882324	-71.036949
169.573975	-71.089226
172.265625	-71.850266
174.957275	-69.856056
177.648926	-69.560371
180.340576	-71.604958
183.032227	-71.054794
185.723877	-69.991875
188.415527	-70.107262
191.107178	-70.057922
193.798828	-69.743881
196.490479	-69.032707
199.182129	-69.659180
201.873779	-70.364906
204.565430	-70.484901
207.257080	-69.665886
209.948730	-69.224136
212.640381	-70.374542
215.332031	-69.839302
218.023682	-70.332382
220.715332	-68.880341
223.406982	-68.936470
226.098633	-68.223671
228.790283	-67.917480
231.481934	-68.242081
234.173584	-66.964203
236.865234	-68.718903
239.556885	-67.971550
242.248535	-66.645676
244.940186	-66.366013
247.631836	-65.890938
250.323486	-66.147415
253.015137	-64.884071
255.706787	-65.261269
258.398438	-64.953247
261.090088	-63.524586
263.781738	-62.926594
266.473389	-64.213799
269.165039	-62.545925
271.856689	-61.901917
274.548340	-61.397049
277.239990	-59.824368
279.931641	-60.903072
282.623291	-59.524456
285.314941	-59.059448
288.006592	-58.437817
290.698242	-57.295311
293.389893	-56.650543
296.081543	-56.766079
298.773193	-57.809757
301.464844	-55.649712
304.156494	-54.382355
306.848145	-54.917168
309.539795	-51.572735
312.231445	-50.951954
314.923096	-50.049969
317.614746	-49.374737
320.306396	-49.246353
322.998047	-48.621895
325.689697	-49.268951
328.381348	-48.968475
331.072998	-49.250835
333.764648	-48.542110
336.456299	-47.643257
339.147949	-47.497894
341.839600	-46.776711
344.531250	-48.373245
347.222900	-46.422539
349.914551	-47.021107
352.606201	-47.126205
355.297852	-47.921375
357.989502	-48.897240
360.681152	-49.894855
363.372803	-50.987640
366.064453	-50.626099
368.756104	-49.076237
371.447754	-50.572929
374.139404	-50.314083
376.831055	-50.022785
379.522705	-51.285198
382.214355	-50.366535
384.906006	-50.290668
387.597656	-52.126629
390.289307	-51.603367
392.980957	-51.791607
395.672607	-51.546597
398.364258	-52.912922
401.055908	-51.117916
403.747559	-51.912312
406.439209	-51.503277
409.130859	-53.350067
411.822510	-53.505493
414.514160	-53.024349
417.205811	-52.078171
419.897461	-52.423283
422.589111	-52.296558
425.280762	-51.333824
427.972412	-52.517750
430.664062	-52.265469
433.355713	-51.115074
436.047363	-52.246975
438.739014	-51.009888
441.430664	-51.770409
444.122314	-52.446274
446.813965	-51.715691
449.505615	-50.860912
452.197266	-49.688850
454.888916	-52.327591
457.580566	-52.160702
460.272217	-51.211044
462.963867	-52.157726
465.655518	-50.773773
468.347168	-51.946568
471.038818	-50.741451
473.730469	-49.616249
476.422119	-50.507282
479.113770	-49.959129
481.805420	-49.855602
484.497070	-49.869595
487.188721	-50.879276
489.880371	-49.969097
492.572021	-48.543278
495.263672	-49.586109
497.955322	-49.773533
500.646973	-49.268196
503.338623	-50.596191
506.030273	-48.720795
508.721924	-48.882656
511.413574	-49.546055
514.105225	-47.319653
516.796875	-48.310032
519.488525	-46.505890
522.180176	-47.188385
524.871826	-47.678642
527.563477	-46.673710
530.255127	-47.427765
532.946777	-46.818550
535.638428	-45.659676
538.330078	-47.271626
541.021729	-45.231628
543.713379	-45.322620
546.405029	-46.013981
549.096680	-44.263187
551.788330	-46.449680
554.479980	-44.815571
557.171631	-44.719894
559.863281	-44.447250
562.554932	-44.299618
565.246582	-43.638790
567.938232	-42.298420
570.629883	-42.930229
573.321533	-42.383499
576.013184	-42.110424
578.704834	-40.764935
581.396484	-39.797256
584.088135	-42.635159
586.779785	-41.593960
589.471436	-40.667320
592.163086	-41.644100
594.854736	-40.018265
597.546387	-40.216774
600.238037	-40.502041
602.929688	-40.102562
605.621338	-40.237278
608.312988	-39.921570
611.004639	-38.214989
613.696289	-39.989254
616.387939	-38.202400
619.079590	-38.999237
621.771240	-39.067574
624.462891	-40.069702
627.154541	-39.304928
629.846191	-39.028477
632.537842	-40.559990
635.229492	-40.710670
637.921143	-39.442661
640.612793	-40.009651
643.304443	-40.172073
645.996094	-41.360878
648.687744	-40.691292
651.379395	-39.638443
654.071045	-41.514332
656.762695	-39.785027
659.454346	-40.503380
662.145996	-40.910072
664.837646	-40.744465
667.529297	-41.383068
670.220947	-41.096584
672.912598	-41.240318
675.604248	-40.755543
678.295898	-41.340916
680.987549	-40.616982
683.679199	-42.085278
686.370850	-41.293137
689.062500	-40.217850
691.754150	-41.660435
694.445801	-40.624718
697.137451	-42.169933
699.829102	-42.269409
702.520752	-42.514484
705.212402	-41.849281
707.904053	-41.043640
710.595703	-42.339199
713.287354	-41.461121
715.979004	-41.319477
718.670654	-42.471413
721.362305	-41.506496
724.053955	-42.605892
726.745605	-42.147594
729.437256	-43.174015
732.128906	-45.103306
734.820557	-42.155594
737.512207	-42.246395
740.203857	-43.960567
742.895508	-42.878773
745.587158	-42.378170
748.278809	-43.483028
750.970459	-43.447567
753.662109	-43.019566
756.353760	-43.052204
759.045410	-43.398670
761.737061	-45.093899
764.428711	-44.885307
767.120361	-43.513493
769.812012	-43.681145
772.503662	-44.673031
775.195312	-43.735874
777.886963	-44.443989
780.578613	-44.305702
783.270264	-44.160076
785.961914	-44.896164
788.653564	-44.737469
791.345215	-45.433144
794.036865	-45.436329
796.728516	-44.324657
799.420166	-43.913338
802.111816	-45.736553
804.803467	-46.684181
807.495117	-47.054020
810.186768	-45.081150
812.878418	-44.357555
815.570068	-45.511177
818.261719	-45.377480
820.953369	-44.374722
823.645020	-44.923542
826.336670	-45.473175
829.028320	-45.240997
831.719971	-46.081066
834.411621	-45.122528
837.103271	-46.080265
839.794922	-44.579243
842.486572	-45.114166
845.178223	-45.955189
847.869873	-46.028206
850.561523	-45.972870
853.253174	-45.411453
855.944824	-44.890858
858.636475	-44.329315
861.328125	-44.719776
864.019775	-45.598686
866.711426	-45.801956
869.403076	-45.017544
872.094727	-44.890480
874.786377	-44.041885
877.478027	-46.311657
880.169678	-44.877518
882.861328	-44.937294
885.552979	-46.234585
888.244629	-44.776836
890.936279	-44.805935
893.627930	-44.177704
896.319580	-43.835197
899.011230	-44.865257
901.702881	-45.642551
904.394531	-46.653278
907.086182	-44.475929
909.777832	-43.127155
912.469482	-44.063576
915.161133	-44.146271
917.852783	-43.777954
920.544434	-44.545074
923.236084	-45.256016
925.927734	-43.655567
928.619385	-44.853901
931.311035	-42.910671
934.002686	-43.285469
936.694336	-44.589455
939.385986	-43.205345
942.077637	-43.746147
944.769287	-42.732006
947.460938	-42.854874
950.152588	-43.996487
952.844238	-43.020130
955.535889	-43.734291
958.227539	-44.319153
960.919189	-42.630245
963.610840	-42.030094
966.302490	-42.410553
968.994141	-42.687492
971.685791	-41.588772
974.377441	-40.658253
977.069092	-40.282337
979.760742	-43.135433
982.452393	-42.111629
985.144043	-41.844433
987.835693	-42.068848
990.527344	-42.782860
993.218994	-41.055897
995.910645	-41.911800
998.602295	-40.790550
1001.293945	-42.521538
1003.985596	-41.598553
1006.677246	-41.116501
1009.368896	-40.504570
1012.060547	-40.669518
1014.752197	-40.276066
1017.443848	-39.616318
1020.135498	-40.522408
1022.827148	-40.825523
1025.518799	-40.113064
1028.210449	-39.450119
1030.902100	-39.105000
1033.593750	-39.128857
1036.285400	-39.023796
1038.977051	-39.631241
1041.668701	-38.381939
1044.360352	-39.236748
1047.052002	-38.694965
1049.743652	-38.210388
1052.435303	-38.425678
1055.126953	-38.965626
1057.818604	-38.133705
1060.510254	-38.300465
1063.201904	-38.501827
1065.893555	-38.551861
1068.585205	-38.940956
1071.276855	-39.165569
1073.968506	-39.276505
1076.660156	-38.124317
1079.351807	-38.679310
1082.043457	-38.510136
1084.735107	-39.529293
1087.426758	-40.425510
1090.118408	-40.274532
1092.810059	-39.217426
1095.501709	-40.789894
1098.193359	-40.281548
1100.885010	-40.686935
1103.576660	-40.476162
1106.268311	-39.595650
1108.959961	-40.229275
1111.651611	-39.727001
1114.343262	-41.941597
1117.034912	-41.025814
1119.726562	-40.912605
1122.418213	-42.457031
1125.109863	-41.559174
1127.801514	-43.471035
1130.493164	-43.591911
1133.184814	-41.960564
1135.876465	-42.697170
1138.568115	-40.574020
1141.259766	-41.017658
1143.951416	-42.912468
1146.643066	-42.238853
1149.334717	-43.484272
1152.026367	-43.642632
1154.718018	-42.483921
1157.409668	-43.096992
1160.101318	-42.458145
1162.792969	-42.523602
1165.484619	-41.670551
1168.176270	-43.810722
1170.867920	-43.657410
1173.559570	-42.569931
1176.251221	-42.817863
1178.942871	-41.945023
1181.634521	-43.984486
1184.326172	-43.762997
1187.017822	-43.113136
1189.709473	-44.150795
1192.401123	-43.111488
1195.092773	-43.894073
1197.784424	-44.573772
1200.476074	-44.749729
1203.167725	-44.973385
1205.859375	-44.360950
1208.551025	-43.639553
1211.242676	-42.674904
1213.934326	-42.722248
1216.625977	-43.885925
1219.317627	-43.144886
1222.009277	-44.088890
1224.700928	-44.675072
1227.392578	-44.215527
1230.084229	-44.444672
1232.775879	-45.209503
1235.467529	-43.881374
1238.159180	-44.281990
1240.850830	-44.310822
1243.542480	-43.933441
1246.234131	-42.753437
1248.925781	-43.991684
1251.617432	-43.305241
1254.309082	-42.770367
1257.000732	-43.941841
1259.692383	-44.408005
1262.384033	-42.938244
1265.075684	-43.117352
1267.767334	-43.754501
1270.458984	-43.201031
1273.150635	-42.793625
1275.842285	-42.526783
1278.533936	-42.810997
1281.225586	-41.609177
1283.917236	-41.536858
1286.608887	-41.812077
1289.300537	-41.514709
1291.992188	-42.685349
1294.683838	-43.454788
1297.375488	-41.978710
1300.067139	-41.763794
1302.758789	-41.553848
1305.450439	-41.190838
1308.142090	-43.058342
1310.833740	-41.583111
1313.525391	-42.428673
1316.217041	-43.138992
1318.908691	-40.797325
1321.600342	-41.378471
1324.291992	-42.111214
1326.983643	-40.407681
1329.675293	-39.983364
1332.366943	-41.993839
1335.058594	-40.057457
1337.750244	-41.226234
1340.441895	-38.889252
1343.133545	-40.537251
1345.825195	-39.787991
1348.516846	-39.537472
1351.208496	-39.013466
1353.900146	-39.836128
1356.591797	-39.478138
1359.283447	-38.030376
1361.975098	-38.608761
1364.666748	-37.802387
1367.358398	-38.709270
1370.050049	-36.460934
1372.741699	-35.989666
1375.433350	-37.957752
1378.125000	-38.713821
1380.816650	-38.711994
1383.508301	-38.232082
1386.199951	-37.371017
1388.891602	-36.952587
1391.583252	-38.086514
1394.274902	-37.074936
1396.966553	-37.728912
1399.658203	-38.298229
1402.349854	-37.471115
1405.041504	-37.211651
1407.733154	-38.591698
1410.424805	-40.137871
1413.116455	-39.023830
1415.808105	-39.472095
1418.499756	-38.444210
1421.191406	-39.875710
1423.883057	-38.929893
1426.574707	-39.281574
1429.266357	-38.529636
1431.958008	-39.672943
1434.649658	-40.700306
1437.341309	-40.124821
1440.032959	-40.804264
1442.724609	-39.939270
1445.416260	-41.058323
1448.107910	-41.912201
1450.799561	-42.875233
1453.491211	-42.514774
1456.182861	-42.001942
1458.874512	-41.882488
1461.566162	-42.457436
1464.257812	-42.699890
1466.949463	-43.755138
1469.641113	-42.955559
1472.332764	-43.541405
1475.024414	-44.921558
1477.716064	-44.037018
1480.407715	-43.613636
1483.099365	-45.621784
1485.791016	-45.040810
1488.482666	-45.046356
1491.174316	-46.057201
1493.865967	-47.189182
1496.557617	-46.646385
1499.249268	-45.821720
1501.940918	-45.201893
1504.632568	-45.725822
1507.324219	-46.262527
1510.015869	-45.817223
1512.707520	-46.213543
1515.399170	-45.894230
1518.090820	-46.286480
1520.782471	-46.384079
1523.474121	-46.412899
1526.165771	-45.433289
1528.857422	-45.635502
1531.549072	-46.631363
1534.240723	-47.667881
1536.932373	-47.003387
1539.624023	-48.384743
1542.315674	-47.434875
1545.007324	-47.683498
1547.698975	-47.371445
1550.390625	-48.046257
1553.082275	-46.786240
1555.773926	-48.608433
1558.465576	-48.539761
1561.157227	-48.255589
1563.848877	-46.654232
1566.540527	-47.478054
1569.232178	-47.615269
1571.923828	-48.455524
1574.615479	-46.761829
1577.307129	-47.786690
1579.998779	-47.993267
1582.690430	-48.060818
1585.382080	-47.997574
1588.073730	-46.774845
1590.765381	-47.189976
1593.457031	-48.039433
1596.148682	-48.117683
1598.840332	-49.261547
1601.531982	-48.079391
1604.223633	-47.586296
1606.915283	-48.306610
1609.606934	-47.253216
1612.298584	-47.777561
1614.990234	-46.101547
1617.681885	-46.544342
1620.373535	-47.416752
1623.065186	-47.035908
1625.756836	-47.859787
1628.448486	-48.068939
1631.140137	-47.189766
1633.831787	-46.920254
1636.523438	-48.034748
1639.215088	-46.472145
1641.906738	-47.346542
1644.598389	-47.139828
1647.290039	-48.112587
1649.981689	-46.981503
1652.673340	-47.331860
1655.364990	-47.792843
1658.056641	-45.364510
1660.748291	-45.869198
1663.439941	-45.759823
1666.131592	-46.745960
1668.823242	-46.871384
1671.514893	-46.803303
1674.206543	-46.035912
1676.898193	-45.855225
1679.589844	-44.961483
1682.281494	-45.179985
1684.973145	-46.637020
1687.664795	-44.599976
1690.356445	-45.055305
1693.048096	-45.105534
1695.739746	-45.026749
1698.431396	-43.941185
1701.123047	-43.831757
1703.814697	-44.526470
1706.506348	-42.925224
1709.197998	-44.954689
1711.889648	-42.312771
1714.581299	-43.183453
1717.272949	-42.050594
1719.964600	-41.071762
1722.656250	-41.869663
1725.347900	-40.996586
1728.039551	-39.972191
1730.731201	-41.291615
1733.422852	-40.454056
1736.114502	-41.072300
1738.806152	-41.655334
1741.497803	-39.819012
1744.189453	-39.874973
1746.881104	-39.181168
1749.572754	-39.709015
1752.264404	-38.825630
1754.956055	-38.468987
1757.647705	-39.703350
1760.339355	-38.985477
1763.031006	-39.260822
1765.722656	-39.590580
1768.414307	-39.332386
1771.105957	-37.567276
1773.797607	-38.091949
1776.489258	-37.244114
1779.180908	-38.540730
1781.872559	-38.743431
1784.564209	-39.864197
1787.255859	-38.795521
1789.947510	-40.611904
1792.639160	-40.956367
1795.330811	-40.789154
1798.022461	-39.811848
1800.714111	-41.352383
1803.405762	-40.976582
1806.097412	-41.664948
1808.789062	-42.473267
1811.480713	-43.568794
1814.172363	-41.777645
1816.864014	-43.005798
1819.555664	-43.298168
1822.247314	-42.603394
1824.938965	-43.035557
1827.630615	-45.000923
1830.322266	-44.965057
1833.013916	-43.823284
1835.705566	-46.831135
1838.397217	-45.152195
1841.088867	-45.095947
1843.780518	-46.520878
1846.472168	-46.015190
1849.163818	-46.982628
1851.855469	-46.952847
1854.547119	-46.635689
1857.238770	-47.652096
1859.930420	-48.501488
1862.622070	-47.478275
1865.313721	-47.095943
1868.005371	-47.440910
1870.697021	-47.304893
1873.388672	-46.863419
1876.080322	-47.618477
1878.771973	-46.985260
1881.463623	-48.954651
1884.155273	-49.940506
1886.846924	-49.490570
1889.538574	-48.320961
1892.230225	-49.915909
1894.921875	-51.074764
1897.613525	-49.262726
1900.305176	-49.013752
1902.996826	-48.895340
1905.688477	-48.964405
1908.380127	-50.194504
1911.071777	-49.266994
1913.763428	-49.198860
1916.455078	-49.554329
1919.146729	-49.563816
1921.838379	-50.146137
1924.530029	-49.709721
1927.221680	-49.193295
1929.913330	-49.154293
1932.604980	-50.127731
1935.296631	-49.054016
1937.988281	-50.028786
1940.679932	-49.879066
1943.371582	-50.825348
1946.063232	-51.691696
1948.754883	-50.027668
1951.446533	-50.367645
1954.138184	-50.961983
1956.829834	-50.822025
1959.521484	-49.158115
1962.213135	-49.312737
1964.904785	-50.924091
1967.596436	-50.704945
1970.288086	-51.541134
1972.979736	-50.853653
1975.671387	-50.842361
1978.363037	-50.477009
1981.054688	-49.653252
1983.746338	-50.411137
1986.437988	-51.038307
1989.129639	-49.739956
1991.821289	-48.972816
1994.512939	-49.455681
1997.204590	-51.248848
1999.896240	-51.499958
2002.587891	-51.298412
2005.279541	-51.445511
2007.971191	-49.761391
2010.662842	-51.494587
2013.354492	-51.068649
2016.046143	-48.797607
2018.737793	-50.461514
2021.429443	-50.492813
2024.121094	-50.243076
2026.812744	-49.918892
2029.504395	-50.988274
2032.196045	-50.671520
2034.887695	-50.779385
2037.579346	-49.052517
2040.270996	-49.425034
2042.962646	-50.688629
2045.654297	-48.877533
2048.345947	-48.871601
2051.037598	-48.309029
2053.729248	-49.207802
2056.420898	-49.062527
2059.112549	-48.795563
2061.804199	-48.224964
2064.495850	-48.765518
2067.187500	-49.328125
2069.879150	-49.126526
2072.570801	-48.698231
2075.262451	-47.918541
2077.954102	-47.245285
2080.645752	-48.953018
2083.337402	-48.242733
2086.029053	-48.081699
2088.720703	-45.993046
2091.412354	-47.744324
2094.104004	-46.479046
2096.795654	-47.222416
2099.487305	-47.121552
2102.178955	-46.511169
2104.870605	-46.375835
2107.562256	-46.250980
2110.253906	-45.944187
2112.945557	-46.319805
2115.637207	-45.620888
2118.328857	-45.163090
2121.020508	-44.490299
2123.712158	-43.538227
2126.403809	-44.013615
2129.095459	-44.670654
2131.787109	-43.531513
2134.478760	-42.039021
2137.170410	-42.274227
2139.862061	-42.256393
2142.553711	-40.879578
2145.245361	-40.607510
2147.937012	-40.840260
2150.628662	-41.744884
2153.320312	-40.579735
2156.011963	-39.413223
2158.703613	-39.801201
2161.395264	-40.239742
2164.086914	-40.172848
2166.778564	-40.238201
2169.470215	-40.303719
2172.161865	-40.024509
2174.853516	-39.451233
2177.545166	-40.196598
2180.236816	-40.105221
2182.928467	-40.365044
2185.620117	-39.886520
2188.311768	-40.820980
2191.003418	-41.797592
2193.695068	-41.941395
2196.386719	-44.362419
2199.078369	-41.263851
2201.770020	-41.807007
2204.461670	-42.355640
2207.153320	-42.762177
2209.844971	-42.300789
2212.536621	-43.294350
2215.228271	-45.027821
2217.919922	-44.962830
2220.611572	-44.020821
2223.303223	-45.348503
2225.994873	-47.138699
2228.686523	-46.009945
2231.378174	-46.208691
2234.069824	-46.905170
2236.761475	-46.615177
2239.453125	-45.914330
2242.144775	-47.148556
2244.836426	-48.077576
2247.528076	-47.404079
2250.219727	-47.017513
2252.911377	-47.906689
2255.603027	-48.555721
2258.294678	-48.460968
2260.986328	-48.627331
2263.677979	-49.254654
2266.369629	-48.709873
2269.061279	-49.557659
2271.752930	-50.246094
2274.444580	-49.577126
2277.136230	-49.582539
2279.827881	-48.676514
2282.519531	-49.275131
2285.211182	-49.467186
2287.902832	-49.571342
2290.594482	-50.550667
2293.286133	-50.154144
2295.977783	-50.653961
2298.669434	-51.407906
2301.361084	-52.166409
2304.052734	-50.227158
2306.744385	-50.482872
2309.436035	-52.552345
2312.127686	-51.117565
2314.819336	-50.862232
2317.510986	-51.371056
2320.202637	-52.286659
2322.894287	-52.694061
2325.585938	-51.653107
2328.277588	-51.562893
2330.969238	-52.506569
2333.660889	-51.212189
2336.352539	-50.538689
2339.044189	-50.776882
2341.735840	-50.601913
2344.427490	-53.443825
2347.119141	-50.809586
2349.810791	-52.235996
2352.502441	-52.400864
2355.194092	-53.130447
2357.885742	-53.132996
2360.577393	-52.764320
2363.269043	-53.659962
2365.960693	-52.254894
2368.652344	-53.003464
2371.343994	-52.807201
2374.035645	-51.790577
2376.727295	-51.799061
2379.418945	-52.777599
2382.110596	-54.314541
2384.802246	-52.865166
2387.493896	-51.969177
2390.185547	-53.634441
2392.877197	-52.835636
2395.568848	-51.803974
2398.260498	-51.498249
2400.952148	-51.638062
2403.643799	-50.972557
2406.335449	-51.763451
2409.027100	-51.480526
2411.718750	-52.991814
2414.410400	-51.357307
2417.102051	-51.742405
2419.793701	-51.868824
2422.485352	-51.383003
2425.177002	-51.089466
2427.868652	-53.811619
2430.560303	-52.653511
2433.251953	-51.386253
2435.943604	-51.025082
2438.635254	-52.562298
2441.326904	-50.808720
2444.018555	-51.398499
2446.710205	-52.016682
2449.401855	-51.597969
2452.093506	-52.590176
2454.785156	-51.392235
2457.476807	-53.196552
2460.168457	-52.389767
2462.860107	-50.557575
2465.551758	-50.648884
2468.243408	-50.424789
2470.935059	-51.078228
2473.626709	-52.147953
2476.318359	-50.570568
2479.010010	-50.144394
2481.701660	-50.269512
2484.393311	-49.206913
2487.084961	-49.160118
2489.776611	-48.335510
2492.468262	-50.002579
2495.159912	-49.017868
2497.851562	-50.807320
2500.543213	-48.895267
2503.234863	-50.187283
2505.926514	-48.500328
2508.618164	-48.336010
2511.309814	-47.853222
2514.001465	-46.580753
2516.693115	-46.705414
2519.384766	-46.464211
2522.076416	-47.489429
2524.768066	-47.004337
2527.459717	-45.916050
2530.151367	-47.834446
2532.843018	-46.137886
2535.534668	-44.981201
2538.226318	-46.406986
2540.917969	-46.593857
2543.609619	-45.459274
2546.301270	-45.069935
2548.992920	-44.442307
2551.684570	-43.774586
2554.376221	-43.287731
2557.067871	-44.297550
2559.759521	-42.276844
2562.451172	-42.078728
2565.142822	-41.604321
2567.834473	-42.316212
2570.526123	-41.976952
2573.217773	-41.318375
2575.909424	-39.546795
2578.601074	-40.727314
2581.292725	-40.747684
2583.984375	-39.620991
2586.676025	-40.469681
2589.367676	-40.667645
2592.059326	-41.378330
2594.750977	-41.374950
2597.442627	-42.019806
2600.134277	-43.582741
2602.825928	-41.662468
2605.517578	-42.872414
2608.209229	-42.246647
2610.900879	-42.716320
2613.592529	-44.023987
2616.284180	-43.110889
2618.975830	-44.404797
2621.667480	-46.575672
2624.359131	-44.893978
2627.050781	-43.658806
2629.742432	-45.746864
2632.434082	-47.495811
2635.125732	-46.023701
2637.817383	-44.982555
2640.509033	-45.443947
2643.200684	-47.771866
2645.892334	-47.253635
2648.583984	-47.809040
2651.275635	-47.851780
2653.967285	-49.661659
2656.658936	-46.460617
2659.350586	-49.446827
2662.042236	-48.849571
2664.733887	-49.739269
2667.425537	-48.567101
2670.117188	-48.436718
2672.808838	-49.159904
2675.500488	-50.519157
2678.192139	-50.470570
2680.883789	-50.398670
2683.575439	-49.486763
2686.267090	-50.183479
2688.958740	-50.287968
2691.650391	-51.833096
2694.342041	-51.365562
2697.033691	-52.237175
2699.725342	-50.570545
2702.416992	-53.287308
2705.108643	-51.345470
2707.800293	-52.472702
2710.491943	-52.708248
2713.183594	-52.831482
2715.875244	-52.643879
2718.566895	-52.169327
2721.258545	-51.926434
2723.950195	-52.860973
2726.641846	-52.973125
2729.333496	-54.096573
2732.025146	-52.105682
2734.716797	-53.244255
2737.408447	-52.416840
2740.100098	-52.933563
2742.791748	-51.552338
2745.483398	-53.197357
2748.175049	-53.786659
2750.866699	-53.673351
2753.558350	-53.381351
2756.250000	-54.272736
2758.941650	-54.668926
2761.633301	-53.879051
2764.324951	-54.183182
2767.016602	-53.044395
2769.708252	-54.166828
2772.399902	-54.260849
2775.091553	-53.921772
2777.783203	-53.117577
2780.474854	-53.216331
2783.166504	-52.857941
2785.858154	-54.365715
2788.549805	-53.426270
2791.241455	-54.293259
2793.933105	-52.823048
2796.624756	-53.542820
2799.316406	-53.125519
2802.008057	-52.633240
2804.699707	-54.298790
2807.391357	-54.033302
2810.083008	-53.110634
2812.774658	-53.241474
2815.466309	-53.212177
2818.157959	-54.889164
2820.849609	-54.359722
2823.541260	-54.092060
2826.232910	-53.087337
2828.924561	-54.060600
2831.616211	-52.878517
2834.307861	-53.352692
2836.999512	-53.436954
2839.691162	-55.181919
2842.382812	-53.457836
2845.074463	-53.232449
2847.766113	-53.905296
2850.457764	-54.384037
2853.149414	-53.631371
2855.841064	-52.718269
2858.532715	-53.664906
2861.224365	-52.940147
2863.916016	-53.143288
2866.607666	-53.544197
2869.299316	-51.238487
2871.990967	-52.633892
2874.682617	-52.853359
2877.374268	-53.892162
2880.065918	-52.041451
2882.757568	-53.005795
2885.449219	-54.687439
2888.140869	-53.726990
2890.832520	-51.652279
2893.524170	-51.533978
2896.215820	-51.893642
2898.907471	-52.150486
2901.599121	-51.666294
2904.290771	-50.633511
2906.982422	-51.016457
2909.674072	-51.011574
2912.365723	-50.504181
2915.057373	-50.973866
2917.749023	-49.436428
2920.440674	-49.342194
2923.132324	-50.581005
2925.823975	-50.487347
2928.515625	-48.408478
2931.207275	-49.309471
2933.898926	-48.558533
2936.590576	-48.898273
2939.282227	-48.910500
2941.973877	-49.393414
2944.665527	-48.994358
2947.357178	-47.747776
2950.048828	-48.210114
2952.740479	-46.380249
2955.432129	-45.830429
2958.123779	-45.633083
2960.815430	-45.700718
2963.507080	-47.184772
2966.198730	-45.505913
2968.890381	-44.402462
2971.582031	-45.032623
2974.273682	-44.925137
2976.965332	-43.413212
2979.656982	-43.359566
2982.348633	-42.934460
2985.040283	-42.783531
2987.731934	-42.021717
2990.423584	-41.848457
2993.115234	-42.329597
2995.806885	-42.495903
2998.498535	-41.742710
3001.190186	-41.600807
3003.881836	-43.033283
3006.573486	-43.038692
3009.265137	-42.497768
3011.956787	-43.807743
3014.648438	-43.042103
3017.340088	-42.950359
3020.031738	-43.439400
3022.723389	-43.990086
3025.415039	-43.053089
3028.106689	-45.055882
3030.798340	-46.530373
3033.489990	-46.349857
3036.181641	-46.997726
3038.873291	-47.281578
3041.564941	-46.644501
3044.256592	-48.357590
3046.948242	-48.484829
3049.639893	-46.568615
3052.331543	-47.571457
3055.023193	-48.131481
3057.714844	-47.896126
3060.406494	-48.668480
3063.098145	-49.647991
3065.789795	-48.112938
3068.481445	-50.450413
3071.173096	-50.935219
3073.864746	-49.189949
3076.556396	-49.720951
3079.248047	-50.790844
3081.939697	-50.581039
3084.631348	-50.971806
3087.322998	-49.991550
3090.014648	-49.074787
3092.706299	-51.482697
3095.397949	-52.470013
3098.089600	-51.796978
3100.781250	-51.913979
3103.472900	-52.283459
3106.164551	-51.885197
3108.856201	-52.459969
3111.547852	-51.163654
3114.239502	-53.188431
3116.931152	-51.728981
3119.622803	-52.414845
3122.314453	-52.839622
3125.006104	-53.144814
3127.697754	-53.503891
3130.389404	-52.489613
3133.081055	-54.478363
3135.772705	-55.448914
3138.464355	-54.091278
3141.156006	-54.126926
3143.847656	-54.846642
3146.539307	-54.168987
3149.230957	-54.584633
3151.922607	-55.834721
3154.614258	-54.871231
3157.305908	-53.069035
3159.997559	-55.328918
3162.689209	-54.721947
3165.380859	-55.030758
3168.072510	-54.459393
3170.764160	-55.524868
3173.455811	-55.050503
3176.147461	-54.464039
3178.839111	-56.486526
3181.530762	-53.902794
3184.222412	-54.807453
3186.914062	-54.729816
3189.605713	-55.625179
3192.297363	-54.827435
3194.989014	-54.299831
3197.680664	-54.662712
3200.372314	-55.280449
3203.063965	-55.372517
3205.755615	-55.092983
3208.447266	-54.597534
3211.138916	-54.943001
3213.830566	-54.773037
3216.522217	-54.685238
3219.213867	-53.751808
3221.905518	-55.220436
3224.597168	-54.434750
3227.288818	-53.842903
3229.980469	-54.431335
3232.672119	-56.394844
3235.363770	-55.720654
3238.055420	-55.626575
3240.747070	-55.019699
3243.438721	-55.497448
3246.130371	-55.779457
3248.822021	-54.165417
3251.513672	-54.203968
3254.205322	-53.386116
3256.896973	-54.554050
3259.588623	-53.777317
3262.280273	-54.441494
3264.971924	-54.466839
3267.663574	-53.329918
3270.355225	-52.955193
3273.046875	-52.944420
3275.738525	-53.511719
3278.430176	-54.812664
3281.121826	-54.053871
3283.813477	-52.083328
3286.505127	-54.273643
3289.196777	-53.481361
3291.888428	-52.717331
3294.580078	-51.238182
3297.271729	-52.770500
3299.963379	-52.082878
3302.655029	-51.242195
3305.346680	-52.197777
3308.038330	-52.079140
3310.729980	-52.713348
3313.421631	-52.949146
3316.113281	-51.880852
3318.804932	-52.296383
3321.496582	-50.809494
3324.188232	-52.536987
3326.879883	-51.654045
3329.571533	-49.725292
3332.263184	-51.667767
3334.954834	-49.924946
3337.646484	-50.923107
3340.338135	-49.730515
3343.029785	-50.148441
3345.721436	-49.129677
3348.413086	-50.541290
3351.104736	-50.386269
3353.796387	-50.151344
3356.488037	-49.792953
3359.179688	-47.242878
3361.871338	-47.679951
3364.562988	-46.973461
3367.254639	-48.145081
3369.946289	-46.509163
3372.637939	-47.783901
3375.329590	-45.856190
3378.021240	-45.979374
3380.712891	-45.770893
3383.404541	-44.504826
3386.096191	-45.031914
3388.787842	-45.588085
3391.479492	-45.481285
3394.171143	-44.259830
3396.862793	-43.137501
3399.554443	-43.286148
3402.246094	-45.089626
3404.937744	-45.048588
3407.629395	-43.272385
3410.321045	-44.658100
3413.012695	-42.644043
3415.704346	-42.904377
3418.395996	-43.611286
3421.087646	-43.232105
3423.779297	-42.335186
3426.470947	-43.442860
3429.162598	-43.603596
3431.854248	-43.791149
3434.545898	-43.998241
3437.237549	-44.854656
3439.929199	-45.238804
3442.620850	-44.306870
3445.312500	-45.243603
3448.004150	-45.547215
3450.695801	-46.193230
3453.387451	-47.203445
3456.079102	-46.727062
3458.770752	-46.235752
3461.462402	-47.562939
3464.154053	-48.075768
3466.845703	-47.060745
3469.537354	-46.897381
3472.229004	-48.341930
3474.920654	-47.527092
3477.612305	-49.260807
3480.303955	-48.966881
3482.995605	-49.266933
3485.687256	-49.995930
3488.378906	-48.835606
3491.070557	-49.946949
3493.762207	-49.454754
3496.453857	-50.710068
3499.145508	-52.033005
3501.837158	-50.880272
3504.528809	-51.048798
3507.220459	-52.033993
3509.912109	-50.770035
3512.603760	-50.611237
3515.295410	-50.876556
3517.987061	-51.709499
3520.678711	-52.592274
3523.370361	-51.987469
3526.062012	-51.842804
3528.753662	-52.757313
3531.445312	-53.490505
3534.136963	-53.697685
3536.828613	-51.689327
3539.520264	-52.665890
3542.211914	-52.695774
3544.903564	-51.989319
3547.595215	-53.543289
3550.286865	-52.616169
3552.978516	-53.535816
3555.670166	-52.760841
3558.361816	-52.873268
3561.053467	-53.434441
3563.745117	-54.525375
3566.436768	-54.161995
3569.128418	-55.385197
3571.820068	-53.630131
3574.511719	-54.096470
3577.203369	-53.969963
3579.895020	-54.242195
3582.586670	-55.291733
3585.278320	-53.774544
3587.969971	-53.568024
3590.661621	-53.475567
3593.353271	-54.467476
3596.044922	-54.413639
3598.736572	-55.138817
3601.428223	-54.607922
3604.119873	-54.811790
3606.811523	-55.895725
3609.503174	-54.879833
3612.194824	-54.706402
3614.886475	-54.629822
3617.578125	-54.094334
3620.269775	-55.456486
3622.961426	-53.611305
3625.653076	-55.238770
3628.344727	-54.654568
3631.036377	-54.625721
3633.728027	-54.521557
3636.419678	-55.174538
3639.111328	-55.265083
3641.802979	-54.849289
3644.494629	-57.562099
3647.186279	-54.926559
3649.877930	-54.640919
3652.569580	-55.472195
3655.261230	-54.507320
3657.952881	-54.452106
3660.644531	-54.030937
3663.336182	-54.171745
3666.027832	-54.276806
3668.719482	-53.775410
3671.411133	-54.979134
3674.102783	-53.135353
3676.794434	-54.076351
3679.486084	-53.695858
3682.177734	-54.544735
3684.869385	-54.179054
3687.561035	-54.120918
3690.252686	-53.450577
3692.944336	-53.944931
3695.635986	-54.551384
3698.327637	-52.578121
3701.019287	-54.189804
3703.710938	-54.730270
3706.402588	-54.497990
3709.094238	-53.172604
3711.785889	-52.186108
3714.477539	-52.905666
3717.169189	-53.579273
3719.860840	-52.235546
3722.552490	-52.856674
3725.244141	-51.517452
3727.935791	-52.333385
3730.627441	-52.951340
3733.319092	-53.321270
3736.010742	-51.107727
3738.702393	-51.665092
3741.394043	-51.810497
3744.085693	-52.302013
3746.777344	-50.537796
3749.468994	-51.346245
3752.160645	-50.444839
3754.852295	-49.709015
3757.543945	-50.588310
3760.235596	-50.377953
3762.927246	-49.895966
3765.618896	-48.670250
3768.310547	-50.008217
3771.002197	-48.607056
3773.693848	-49.298340
3776.385498	-49.441368
3779.077148	-47.785126
3781.768799	-48.440098
3784.460449	-48.050953
3787.152100	-47.329121
3789.843750	-48.660233
3792.535400	-47.602524
3795.227051	-47.762802
3797.918701	-47.710114
3800.610352	-46.052433
3803.302002	-45.879467
3805.993652	-44.840843
3808.685303	-45.296600
3811.376953	-45.041073
3814.068604	-45.211578
3816.760254	-44.405495
3819.451904	-43.021988
3822.143555	-43.360416
3824.835205	-43.247314
3827.526855	-42.970207
3830.218506	-44.804260
3832.910156	-43.716602
3835.601807	-43.138336
3838.293457	-43.783215
3840.985107	-42.443451
3843.676758	-42.729141
3846.368408	-43.564552
3849.060059	-44.632248
3851.751709	-44.487755
3854.443359	-43.518505
3857.135010	-46.595436
3859.826660	-46.205055
3862.518311	-45.518063
3865.209961	-44.989311
3867.901611	-45.373657
3870.593262	-46.250126
3873.284912	-46.336514
3875.976562	-46.421711
3878.668213	-47.896820
3881.359863	-47.792656
3884.051514	-48.556919
3886.743164	-48.704174
3889.434814	-48.859577
3892.126465	-48.421772
3894.818115	-48.803658
3897.509766	-48.031391
3900.201416	-49.707161
3902.893066	-50.722164
3905.584717	-48.419315
3908.276367	-49.482334
3910.968018	-49.760559
3913.659668	-50.116680
3916.351318	-49.510101
3919.042969	-50.279152
3921.734619	-49.688431
3924.426270	-51.037876
3927.117920	-52.401932
3929.809570	-52.173218
3932.501221	-51.832409
3935.192871	-51.449898
3937.884521	-52.481289
3940.576172	-52.167374
3943.267822	-53.001308
3945.959473	-53.430168
3948.651123	-54.228313
3951.342773	-53.701931
3954.034424	-51.897522
3956.726074	-52.900696
3959.417725	-54.870132
3962.109375	-53.754227
3964.801025	-53.349258
3967.492676	-53.562778
3970.184326	-53.485435
3972.875977	-53.949169
3975.567627	-53.748634
3978.259277	-53.679821
3980.950928	-54.041046
3983.642578	-53.995167
3986.334229	-55.347069
3989.025879	-54.275089
3991.717529	-54.625374
3994.409180	-54.364662
3997.100830	-53.524773
3999.792480	-55.040554
4002.484131	-55.237827
4005.175781	-55.060204
4007.867432	-56.071110
4010.559082	-54.710388
4013.250732	-56.893753
4015.942383	-55.322975
4018.634033	-55.286438
4021.325684	-55.914871
4024.017334	-54.038078
4026.708984	-54.310032
4029.400635	-54.365185
4032.092285	-54.436436
4034.783936	-55.063526
4037.475586	-55.817070
4040.167236	-54.611385
4042.858887	-55.043800
4045.550537	-54.563549
4048.242188	-55.344231
4050.933838	-54.593636
4053.625488	-54.886623
4056.317139	-54.785812
4059.008789	-55.108803
4061.700439	-55.690086
4064.392090	-56.065739
4067.083740	-55.587070
4069.775391	-57.925995
4072.467041	-55.680374
4075.158691	-55.190998
4077.850342	-56.666309
4080.541992	-54.946629
4083.233643	-55.521816
4085.925293	-54.744514
4088.616943	-54.934010
4091.308594	-54.984501
4094.000244	-55.232693
4096.691895	-54.495419
4099.383545	-54.507053
4102.075195	-54.867306
4104.766846	-54.479408
4107.458496	-53.305321
4110.150146	-54.980499
4112.841797	-54.983994
4115.533447	-54.341282
4118.225098	-55.005424
4120.916748	-53.580109
4123.608398	-53.859669
4126.300049	-54.340256
4128.991699	-54.105919
4131.683350	-53.569778
4134.375000	-53.343655
4137.066650	-54.641113
4139.758301	-54.092983
4142.449951	-53.378464
4145.141602	-53.501213
4147.833252	-54.299610
4150.524902	-51.992699
4153.216553	-51.786678
4155.908203	-53.403904
4158.599854	-53.732315
4161.291504	-51.845814
4163.983154	-51.653717
4166.674805	-51.592117
4169.366455	-51.362427
4172.058105	-51.886005
4174.749756	-50.886723
4177.441406	-52.120167
4180.133057	-51.107304
4182.824707	-50.639515
4185.516357	-50.897949
4188.208008	-50.713699
4190.899658	-49.004520
4193.591309	-49.966370
4196.282959	-50.768013
4198.974609	-49.477581
4201.666260	-48.596355
4204.357910	-47.836353
4207.049561	-48.853859
4209.741211	-47.144253
4212.432861	-48.862888
4215.124512	-46.188339
4217.816162	-47.402664
4220.507812	-46.462166
4223.199463	-46.070225
4225.891113	-46.275681
4228.582764	-44.817345
4231.274414	-46.354351
4233.966064	-45.473446
4236.657715	-45.757370
4239.349365	-43.834209
4242.041016	-44.624943
4244.732666	-44.349953
4247.424316	-43.020687
4250.115967	-44.213291
4252.807617	-43.461571
4255.499268	-44.638996
4258.190918	-43.997868
4260.882568	-44.279999
4263.574219	-44.164886
4266.265869	-43.562798
4268.957520	-43.900581
4271.649170	-42.750042
4274.340820	-43.646683
4277.032471	-44.689083
4279.724121	-44.829029
4282.415771	-45.705605
4285.107422	-45.513691
4287.799072	-45.836578
4290.490723	-47.453468
4293.182373	-46.431595
4295.874023	-46.952679
4298.565674	-46.533226
4301.257324	-47.592289
4303.948975	-48.576904
4306.640625	-48.683010
4309.332275	-48.760620
4312.023926	-48.685745
4314.715576	-48.449078
4317.407227	-49.384224
4320.098877	-50.199059
4322.790527	-50.070934
4325.482178	-49.214600
4328.173828	-49.413017
4330.865479	-50.376114
4333.557129	-50.433159
4336.248779	-50.520683
4338.940430	-50.358746
4341.632080	-51.640587
4344.323730	-51.758480
4347.015381	-51.538353
4349.707031	-51.765995
4352.398682	-52.667706
4355.090332	-52.635220
4357.781982	-51.783165
4360.473633	-53.197273
4363.165283	-52.831707
4365.856934	-52.411182
4368.548584	-52.834183
4371.240234	-53.463566
4373.931885	-53.807697
4376.623535	-53.422649
4379.315186	-54.340321
4382.006836	-52.966583
4384.698486	-53.128044
4387.390137	-54.381500
4390.081787	-52.566574
4392.773438	-54.330654
4395.465088	-54.221226
4398.156738	-54.873562
4400.848389	-54.752861
4403.540039	-55.297791
4406.231689	-54.037350
4408.923340	-54.792969
4411.614990	-54.228470
4414.306641	-55.469517
4416.998291	-55.604725
4419.689941	-55.128548
4422.381592	-54.172810
4425.073242	-54.476116
4427.764893	-53.470387
4430.456543	-56.762653
4433.148193	-56.320602
4435.839844	-54.550652
4438.531494	-54.890919
4441.223145	-55.524376
4443.914795	-55.668270
4446.606445	-55.636097
4449.298096	-56.393135
4451.989746	-54.679798
4454.681396	-54.901974
4457.373047	-55.789276
4460.064697	-56.390835
4462.756348	-55.112106
4465.447998	-57.132587
4468.139648	-55.430874
4470.831299	-55.676277
4473.522949	-55.866833
4476.214600	-54.294102
4478.906250	-56.365765
4481.597900	-55.815346
4484.289551	-55.676323
4486.981201	-55.350437
4489.672852	-55.166595
4492.364502	-54.534851
4495.056152	-55.186268
4497.747803	-54.437542
4500.439453	-56.165291
4503.131104	-54.803925
4505.822754	-54.911034
4508.514404	-54.305183
4511.206055	-54.428448
4513.897705	-54.664295
4516.589355	-55.382706
4519.281006	-55.472374
4521.972656	-54.569473
4524.664307	-55.765076
4527.355957	-55.033897
4530.047607	-55.412594
4532.739258	-54.846519
4535.430908	-55.140770
4538.122559	-55.347778
4540.814209	-54.938404
4543.505859	-54.175194
4546.197510	-53.892166
4548.889160	-53.981239
4551.580811	-53.802448
4554.272461	-54.600571
4556.964111	-54.089096
4559.655762	-52.878639
4562.347412	-53.605518
4565.039062	-53.846035
4567.730713	-53.237324
4570.422363	-53.052479
4573.114014	-51.527672
4575.805664	-51.968388
4578.497314	-52.240990
4581.188965	-51.898041
4583.880615	-51.053345
4586.572266	-52.158817
4589.263916	-51.235920
4591.955566	-51.625546
4594.647217	-52.012100
4597.338867	-51.796288
4600.030518	-51.732910
4602.722168	-51.285801
4605.413818	-50.834782
4608.105469	-51.322365
4610.797119	-49.530334
4613.488770	-48.823360
4616.180420	-49.529259
4618.872070	-48.621498
4621.563721	-49.232048
4624.255371	-49.754772
4626.947021	-48.409283
4629.638672	-46.171947
4632.330322	-46.372330
4635.021973	-47.355358
4637.713623	-47.048512
4640.405273	-46.531834
4643.096924	-46.358032
4645.788574	-44.289299
4648.480225	-44.681061
4651.171875	-45.582302
4653.863525	-46.732906
4656.555176	-44.882133
4659.246826	-42.385456
4661.938477	-43.188320
4664.630127	-44.130512
4667.321777	-42.485420
4670.013428	-41.215378
4672.705078	-42.913792
4675.396729	-43.402718
4678.088379	-42.624866
4680.780029	-42.610138
4683.471680	-43.175900
4686.163330	-42.847553
4688.854980	-43.397034
4691.546631	-44.040604
4694.238281	-43.993320
4696.929932	-43.694172
4699.621582	-45.170139
4702.313232	-45.892345
4705.004883	-46.543930
4707.696533	-45.409626
4710.388184	-44.835342
4713.079834	-45.868080
4715.771484	-46.250980
4718.463135	-47.103508
4721.154785	-48.262241
4723.846436	-49.992641
4726.538086	-48.258411
4729.229736	-48.896637
4731.921387	-49.135109
4734.613037	-48.570290
4737.304688	-49.091484
4739.996338	-50.333965
4742.687988	-51.474506
4745.379639	-50.153038
4748.071289	-50.174744
4750.762939	-53.089691
4753.454590	-49.212097
4756.146240	-50.063747
4758.837891	-50.597782
4761.529541	-50.873596
4764.221191	-51.883121
4766.912842	-51.457355
4769.604492	-52.262981
4772.296143	-52.599361
4774.987793	-53.564941
4777.679443	-52.876343
4780.371094	-52.331322
4783.062744	-52.498817
4785.754395	-53.567799
4788.446045	-53.735203
4791.137695	-54.903187
4793.829346	-53.671841
4796.520996	-53.484413
4799.212646	-54.101437
4801.904297	-53.680817
4804.595947	-52.760540
4807.287598	-55.970695
4809.979248	-54.080326
4812.670898	-55.233795
4815.362549	-53.404510
4818.054199	-52.843056
4820.745850	-55.642273
4823.437500	-54.749081
4826.129150	-56.318626
4828.820801	-55.353016
4831.512451	-54.826256
4834.204102	-54.456764
4836.895752	-55.514050
4839.587402	-55.535095
4842.279053	-54.886063
4844.970703	-57.017822
4847.662354	-54.667599
4850.354004	-55.656315
4853.045654	-55.315483
4855.737305	-54.671223
4858.428955	-55.132088
4861.120605	-55.676582
4863.812256	-55.740566
4866.503906	-55.595905
4869.195557	-55.258812
4871.887207	-55.181358
4874.578857	-55.311180
4877.270508	-56.093513
4879.962158	-56.577591
4882.653809	-55.733658
4885.345459	-57.106750
4888.037109	-54.838230
4890.728760	-55.938942
4893.420410	-55.928852
4896.112061	-56.517712
4898.803711	-56.627926
4901.495361	-56.231201
4904.187012	-55.179028
4906.878662	-54.820633
4909.570312	-55.566284
4912.261963	-54.942505
4914.953613	-55.905121
4917.645264	-56.236431
4920.336914	-55.685921
4923.028564	-56.027882
4925.720215	-54.241737
4928.411865	-55.484753
4931.103516	-54.076988
4933.795166	-54.929096
4936.486816	-54.158550
4939.178467	-55.438469
4941.870117	-54.719475
4944.561768	-54.683674
4947.253418	-54.187950
4949.945068	-53.781250
4952.636719	-54.168396
4955.328369	-53.549068
4958.020020	-53.630726
4960.711670	-55.181423
4963.403320	-53.949352
4966.094971	-53.494904
4968.786621	-54.298634
4971.478271	-53.395496
4974.169922	-53.555843
4976.861572	-53.675888
4979.553223	-55.199959
4982.244873	-52.605461
4984.936523	-51.981167
4987.628174	-52.804375
4990.319824	-53.827457
4993.011475	-53.618320
4995.703125	-52.361782
4998.394775	-52.129585
5001.086426	-52.229012
5003.778076	-51.327541
5006.469727	-51.252533
5009.161377	-51.760647
5011.853027	-51.251984
5014.544678	-49.945915
5017.236328	-50.027386
5019.927979	-49.809124
5022.619629	-49.968044
5025.311279	-50.844734
5028.002930	-50.573673
5030.694580	-51.481068
5033.386230	-48.900906
5036.077881	-48.825279
5038.769531	-47.927601
5041.461182	-47.800816
5044.152832	-49.797703
5046.844482	-47.974453
5049.536133	-47.850086
5052.227783	-47.460114
5054.919434	-47.124565
5057.611084	-46.749557
5060.302734	-46.470768
5062.994385	-45.363125
5065.686035	-46.027271
5068.377686	-45.570271
5071.069336	-45.171806
5073.760986	-44.803478
5076.452637	-42.978607
5079.144287	-43.184200
5081.835938	-42.579376
5084.527588	-43.639816
5087.219238	-42.776695
5089.910889	-41.615204
5092.602539	-41.303539
5095.294189	-40.062508
5097.985840	-40.675800
5100.677490	-42.000320
5103.369141	-41.562969
5106.060791	-41.835590
5108.752441	-42.016075
5111.444092	-41.224693
5114.135742	-44.009365
5116.827393	-43.119949
5119.519043	-44.728436
5122.210693	-45.437180
5124.902344	-44.316353
5127.593994	-44.781998
5130.285645	-44.671886
5132.977295	-45.857567
5135.668945	-46.293564
5138.360596	-46.059177
5141.052246	-47.824356
5143.743896	-46.976559
5146.435547	-48.347546
5149.127197	-47.699657
5151.818848	-47.673973
5154.510498	-48.078991
5157.202148	-49.216309
5159.893799	-49.471012
5162.585449	-49.387653
5165.277100	-48.949825
5167.968750	-49.367638
5170.660400	-51.176235
5173.352051	-50.897274
5176.043701	-51.333336
5178.735352	-52.448692
5181.427002	-52.221058
5184.118652	-52.323105
5186.810303	-52.513657
5189.501953	-50.602184
5192.193604	-51.028538
5194.885254	-51.627377
5197.576904	-51.595367
5200.268555	-53.090271
5202.960205	-53.814404
5205.651855	-52.435432
5208.343506	-53.996864
5211.035156	-52.180176
5213.726807	-52.331924
5216.418457	-52.748783
5219.110107	-54.445999
5221.801758	-54.684727
5224.493408	-55.021019
5227.185059	-54.429359
5229.876709	-54.252304
5232.568359	-52.960217
5235.260010	-52.843395
5237.951660	-54.592182
5240.643311	-54.454773
5243.334961	-54.652767
5246.026611	-54.156799
5248.718262	-55.697849
5251.409912	-54.835472
5254.101562	-54.474865
5256.793213	-54.476124
5259.484863	-54.105873
5262.176514	-54.061539
5264.868164	-54.652225
5267.559814	-53.894543
5270.251465	-53.881332
5272.943115	-54.749912
5275.634766	-53.796150
5278.326416	-54.226368
5281.018066	-53.803005
5283.709717	-54.878963
5286.401367	-54.481106
5289.093018	-54.657028
5291.784668	-54.646317
5294.476318	-55.841774
5297.167969	-55.258736
5299.859619	-54.133293
5302.551270	-53.775909
5305.242920	-54.657379
5307.934570	-55.224388
5310.626221	-54.605160
5313.317871	-54.105873
5316.009521	-53.296597
5318.701172	-53.410442
5321.392822	-53.824196
5324.084473	-52.643890
5326.776123	-55.249901
5329.467773	-55.448402
5332.159424	-54.128468
5334.851074	-55.114777
5337.542725	-55.856236
5340.234375	-54.015457
5342.926025	-54.346107
5345.617676	-54.496433
5348.309326	-54.518242
5351.000977	-54.123596
5353.692627	-53.814655
5356.384277	-54.329781
5359.075928	-53.814232
5361.767578	-53.714035
5364.459229	-54.053848
5367.150879	-53.064735
5369.842529	-54.063477
5372.534180	-53.222607
5375.225830	-52.976334
5377.917480	-53.243046
5380.609131	-52.956860
5383.300781	-53.152031
5385.992432	-52.370205
5388.684082	-52.290863
5391.375732	-53.686897
5394.067383	-52.740715
5396.759033	-52.152485
5399.450684	-51.095535
5402.142334	-51.952915
5404.833984	-51.586033
5407.525635	-51.679714
5410.217285	-51.520191
5412.908936	-50.561176
5415.600586	-51.116257
5418.292236	-50.350842
5420.983887	-50.516594
5423.675537	-51.594448
5426.367188	-49.819546
5429.058838	-49.777390
5431.750488	-48.366341
5434.442139	-49.775494
5437.133789	-49.898674
5439.825439	-49.005463
5442.517090	-48.583519
5445.208740	-49.244221
5447.900391	-48.279335
5450.592041	-49.445641
5453.283691	-47.986614
5455.975342	-48.397034
5458.666992	-48.419281
5461.358643	-47.253311
5464.050293	-45.297058
5466.741943	-46.244080
5469.433594	-47.027782
5472.125244	-45.324848
5474.816895	-44.861214
5477.508545	-46.009270
5480.200195	-46.326946
5482.891846	-44.006557
5485.583496	-43.168308
5488.275146	-44.012978
5490.966797	-44.084320
5493.658447	-42.282673
5496.350098	-42.137264
5499.041748	-40.281319
5501.733398	-42.099125
5504.425049	-41.228260
5507.116699	-39.485596
5509.808350	-39.917507
5512.500000	-41.273315
5515.191650	-39.986576
5517.883301	-39.347084
5520.574951	-40.314457
5523.266602	-40.770729
5525.958252	-42.211514
5528.649902	-40.571053
5531.341553	-41.340408
5534.033203	-42.878757
5536.724854	-41.753471
5539.416504	-43.078594
5542.108154	-42.990940
5544.799805	-44.839977
5547.491455	-45.009495
5550.183105	-44.927368
5552.874756	-45.283939
5555.566406	-45.046799
5558.258057	-44.831139
5560.949707	-45.072071
5563.641357	-46.002811
5566.333008	-47.895451
5569.024658	-46.487541
5571.716309	-46.666679
5574.407959	-48.771259
5577.099609	-48.590088
5579.791260	-48.064220
5582.482910	-47.954498
5585.174561	-48.732018
5587.866211	-49.081478
5590.557861	-48.375805
5593.249512	-48.984833
5595.941162	-47.313736
5598.632812	-49.131943
5601.324463	-50.863548
5604.016113	-50.110756
5606.707764	-51.308098
5609.399414	-50.694878
5612.091064	-50.253593
5614.782715	-51.533981
5617.474365	-51.770821
5620.166016	-50.895653
5622.857666	-51.611790
5625.549316	-51.035690
5628.240967	-51.312389
5630.932617	-51.451897
5633.624268	-51.511658
5636.315918	-52.714451
5639.007568	-53.665169
5641.699219	-53.994534
5644.390869	-52.415657
5647.082520	-52.035873
5649.774170	-51.596970
5652.465820	-52.572483
5655.157471	-52.482380
5657.849121	-51.826057
5660.540771	-52.666634
5663.232422	-51.849277
5665.924072	-52.769787
5668.615723	-52.184147
5671.307373	-52.774097
5673.999023	-53.742760
5676.690674	-52.740517
5679.382324	-52.371304
5682.073975	-51.724213
5684.765625	-54.354767
5687.457275	-53.021465
5690.148926	-53.555431
5692.840576	-54.441925
5695.532227	-54.099060
5698.223877	-54.295361
5700.915527	-53.565186
5703.607178	-54.537655
5706.298828	-52.850094
5708.990479	-53.582424
5711.682129	-55.028854
5714.373779	-53.729511
5717.065430	-52.921768
5719.757080	-54.660255
5722.448730	-54.004784
5725.140381	-53.859695
5727.832031	-53.789291
5730.523682	-51.934700
5733.215332	-53.557873
5735.906982	-53.643143
5738.598633	-53.566990
5741.290283	-52.357628
5743.981934	-53.090626
5746.673584	-52.779175
5749.365234	-53.640114
5752.056885	-52.680225
5754.748535	-52.324562
5757.440186	-53.324944
5760.131836	-52.201359
5762.823486	-52.842167
5765.515137	-53.840874
5768.206787	-53.346657
5770.898438	-52.045734
5773.590088	-52.613586
5776.281738	-51.982845
5778.973389	-52.398849
5781.665039	-52.049831
5784.356689	-52.966064
5787.048340	-52.552746
5789.739990	-51.925312
5792.431641	-52.360077
5795.123291	-52.754227
5797.814941	-51.829762
5800.506592	-53.132473
5803.198242	-52.796799
5805.889893	-51.192554
5808.581543	-52.883091
5811.273193	-49.716621
5813.964844	-49.071369
5816.656494	-51.156815
5819.348145	-49.933647
5822.039795	-50.741196
5824.731445	-50.274227
5827.423096	-50.428185
5830.114746	-50.856590
5832.806396	-50.564495
5835.498047	-50.208466
5838.189697	-50.120483
5840.881348	-50.158760
5843.572998	-50.465164
5846.264648	-49.222260
5848.956299	-48.589790
5851.647949	-49.722370
5854.339600	-50.599781
5857.031250	-47.959003
5859.722900	-48.173199
5862.414551	-46.587116
5865.106201	-46.388866
5867.797852	-47.464020
5870.489502	-47.782207
5873.181152	-46.212669
5875.872803	-45.701714
5878.564453	-44.777645
5881.256104	-46.346375
5883.947754	-43.856888
5886.639404	-45.510784
5889.331055	-44.049797
5892.022705	-44.362419
5894.714355	-44.114983
5897.406006	-44.903572
5900.097656	-44.751781
5902.789307	-42.265461
5905.480957	-42.153294
5908.172607	-42.605442
5910.864258	-41.083126
5913.555908	-40.876213
5916.247559	-41.450047
5918.939209	-40.265121
5921.630859	-39.617195
5924.322510	-39.743725
5927.014160	-39.859978
5929.705811	-39.185619
5932.397461	-39.951496
5935.089111	-39.572556
5937.780762	-39.583492
5940.472412	-40.081661
5943.164062	-40.905159
5945.855713	-41.223934
5948.547363	-40.828953
5951.239014	-42.012882
5953.930664	-42.214146
5956.622314	-41.724586
5959.313965	-43.931732
5962.005615	-44.026409
5964.697266	-44.375767
5967.388916	-43.353409
5970.080566	-43.565907
5972.772217	-44.071091
5975.463867	-45.473888
5978.155518	-44.590950
5980.847168	-45.685600
5983.538818	-44.374619
5986.230469	-44.476376
5988.922119	-45.690536
5991.613770	-46.138309
5994.305420	-46.809967
5996.997070	-46.486767
5999.688721	-46.956291
6002.380371	-47.360867
6005.072021	-48.245422
6007.763672	-47.874050
6010.455322	-48.233772
6013.146973	-48.802746
6015.838623	-47.804264
6018.530273	-49.255806
6021.221924	-49.249050
6023.913574	-49.152737
6026.605225	-49.456028
6029.296875	-49.511204
6031.988525	-50.729805
6034.680176	-50.579208
6037.371826	-51.536354
6040.063477	-50.322773
6042.755127	-51.735992
6045.446777	-50.462955
6048.138428	-50.386944
6050.830078	-50.929649
6053.521729	-51.054722
6056.213379	-51.332386
6058.905029	-51.216316
6061.596680	-53.267586
6064.288330	-51.901733
6066.979980	-51.785046
6069.671631	-51.825260
6072.363281	-51.691513
6075.054932	-51.703625
6077.746582	-51.488831
6080.438232	-51.745304
6083.129883	-51.229504
6085.821533	-52.875820
6088.513184	-52.749134
6091.204834	-52.501438
6093.896484	-54.220123
6096.588135	-51.556435
6099.279785	-53.284424
6101.971436	-52.997211
6104.663086	-52.195187
6107.354736	-53.886143
6110.046387	-54.452164
6112.738037	-54.618141
6115.429688	-53.813618
6118.121338	-52.962715
6120.812988	-52.962616
6123.504639	-52.349682
6126.196289	-53.515610
6128.887939	-52.746567
6131.579590	-53.443077
6134.271240	-53.653351
6136.962891	-53.107674
6139.654541	-52.780369
6142.346191	-54.020226
6145.037842	-54.031624
6147.729492	-53.131340
6150.421143	-53.110062
6153.112793	-53.612614
6155.804443	-53.288822
6158.496094	-54.446514
6161.187744	-54.330940
6163.879395	-53.779922
6166.571045	-54.168674
6169.262695	-54.796219
6171.954346	-53.222385
6174.645996	-53.796597
6177.337646	-53.857010
6180.029297	-52.372543
6182.720947	-54.264790
6185.412598	-53.188999
6188.104248	-53.744812
6190.795898	-52.546028
6193.487549	-52.430733
6196.179199	-51.640450
6198.870850	-51.624557
6201.562500	-53.056919
6204.254150	-52.507206
6206.945801	-52.002007
6209.637451	-52.030067
6212.329102	-52.491676
6215.020752	-52.044430
6217.712402	-53.022449
6220.404053	-52.199875
6223.095703	-51.599674
6225.787354	-52.004639
6228.479004	-51.085148
6231.170654	-51.036648
6233.862305	-51.464222
6236.553955	-51.688961
6239.245605	-52.010876
6241.937256	-51.630817
6244.628906	-52.805965
6247.320557	-51.963608
6250.012207	-52.022598
6252.703857	-50.789276
6255.395508	-49.975025
6258.087158	-50.681335
6260.778809	-51.366035
6263.470459	-50.754978
6266.162109	-49.925373
6268.853760	-48.984730
6271.545410	-50.413292
6274.237061	-47.763248
6276.928711	-48.227962
6279.620361	-49.484779
6282.312012	-48.894226
6285.003662	-46.574036
6287.695312	-47.727741
6290.386963	-47.650711
6293.078613	-46.404133
6295.770264	-47.327827
6298.461914	-47.198685
6301.153564	-45.922855
6303.845215	-45.356121
6306.536865	-45.070236
6309.228516	-45.353123
6311.920166	-44.361012
6314.611816	-44.473186
6317.303467	-44.959301
6319.995117	-44.153961
6322.686768	-43.649441
6325.378418	-43.892452
6328.070068	-43.140701
6330.761719	-42.865181
6333.453369	-42.644043
6336.145020	-42.099152
6338.836670	-42.199768
6341.528320	-42.344883
6344.219971	-41.141319
6346.911621	-42.518368
6349.603271	-42.550766
6352.294922	-42.054722
6354.986572	-40.877964
6357.678223	-42.536655
6360.369873	-41.269859
6363.061523	-42.070694
6365.753174	-42.897060
6368.444824	-42.193077
6371.136475	-43.591095
6373.828125	-42.180286
6376.519775	-44.174953
6379.211426	-44.484394
6381.903076	-44.048759
6384.594727	-45.799236
6387.286377	-45.123772
6389.978027	-45.767143
6392.669678	-45.753216
6395.361328	-46.241035
6398.052979	-46.379623
6400.744629	-46.719795
6403.436279	-47.269257
6406.127930	-47.626850
6408.819580	-47.845139
6411.511230	-47.989494
6414.202881	-47.980534
6416.894531	-48.384892
6419.586182	-48.868546
6422.277832	-49.485043
6424.969482	-48.582474
6427.661133	-50.935226
6430.352783	-49.649979
6433.044434	-49.764305
6435.736084	-49.568420
6438.427734	-49.599995
6441.119385	-50.872765
6443.811035	-51.609150
6446.502686	-51.127090
6449.194336	-50.501789
6451.885986	-51.281677
6454.577637	-52.509987
6457.269287	-52.178574
6459.960938	-53.161102
6462.652588	-51.378475
6465.344238	-50.828529
6468.035889	-52.850170
6470.727539	-52.976894
6473.419189	-52.258709
6476.110840	-51.818569
6478.802490	-54.265572
6481.494141	-53.463772
6484.185791	-52.492485
6486.877441	-53.294163
6489.569092	-52.311863
6492.260742	-53.326504
6494.952393	-52.697403
6497.644043	-53.636707
6500.335693	-53.202801
6503.027344	-54.265926
6505.718994	-53.136894
6508.410645	-54.548164
6511.102295	-54.250355
6513.793945	-53.831402
6516.485596	-54.968651
6519.177246	-54.534702
6521.868896	-54.364502
6524.560547	-54.013565
6527.252197	-54.888226
6529.943848	-54.246952
6532.635498	-54.083008
6535.327148	-56.199699
6538.018799	-54.928783
6540.710449	-54.673241
6543.402100	-54.168686
6546.093750	-53.497654
6548.785400	-54.259350
6551.477051	-54.995762
6554.168701	-53.238930
6556.860352	-55.644875
6559.552002	-55.482731
6562.243652	-55.450413
6564.935303	-55.454609
6567.626953	-55.781097
6570.318604	-54.894505
6573.010254	-54.221687
6575.701904	-54.956020
6578.393555	-55.101437
6581.085205	-54.547558
6583.776855	-55.478775
6586.468506	-54.320160
6589.160156	-53.714916
6591.851807	-54.000401
6594.543457	-54.743076
6597.235107	-53.708645
6599.926758	-54.311943
6602.618408	-55.162983
6605.310059	-53.375996
6608.001709	-54.724007
6610.693359	-53.999214
6613.385010	-53.962395
6616.076660	-53.608845
6618.768311	-55.268581
6621.459961	-53.458969
6624.151611	-53.778934
6626.843262	-55.424633
6629.534912	-53.997841
6632.226562	-54.031944
6634.918213	-55.072559
6637.609863	-52.921394
6640.301514	-54.112282
6642.993164	-54.236584
6645.684814	-53.672657
6648.376465	-53.815033
6651.068115	-53.551544
6653.759766	-53.182549
6656.451416	-52.676537
6659.143066	-52.478840
6661.834717	-53.049965
6664.526367	-54.692036
6667.218018	-53.266655
6669.909668	-52.247536
6672.601318	-51.113152
6675.292969	-51.068031
6677.984619	-52.421642
6680.676270	-52.225994
6683.367920	-51.327816
6686.059570	-51.284740
6688.751221	-50.208828
6691.442871	-51.232906
6694.134521	-51.458794
6696.826172	-50.449631
6699.517822	-50.550694
6702.209473	-50.392941
6704.901123	-49.610764
6707.592773	-50.877434
6710.284424	-48.810822
6712.976074	-48.786842
6715.667725	-48.251846
6718.359375	-48.459072
6721.051025	-47.978245
6723.742676	-48.316105
6726.434326	-48.399094
6729.125977	-47.775623
6731.817627	-48.396778
6734.509277	-49.263920
6737.200928	-47.026642
6739.892578	-46.313110
6742.584229	-47.840012
6745.275879	-46.909332
6747.967529	-45.762211
6750.659180	-45.218258
6753.350830	-45.927666
6756.042480	-45.424881
6758.734131	-43.937378
6761.425781	-43.220253
6764.117432	-43.926109
6766.809082	-44.158482
6769.500732	-44.455917
6772.192383	-43.203419
6774.884033	-43.536232
6777.575684	-45.146549
6780.267334	-45.313129
6782.958984	-44.213375
6785.650635	-44.247673
6788.342285	-44.880627
6791.033936	-47.167244
6793.725586	-47.101105
6796.417236	-48.627357
6799.108887	-45.695801
6801.800537	-46.401516
6804.492188	-46.702656
6807.183838	-46.791527
6809.875488	-46.686558
6812.567139	-48.220921
6815.258789	-47.677193
6817.950439	-48.300034
6820.642090	-48.648621
6823.333740	-49.705036
6826.025391	-51.089058
6828.717041	-48.536060
6831.408691	-51.523605
6834.100342	-52.432941
6836.791992	-50.031094
6839.483643	-49.158871
6842.175293	-50.869148
6844.866943	-51.073471
6847.558594	-50.886467
6850.250244	-51.453308
6852.941895	-52.412888
6855.633545	-50.775337
6858.325195	-52.296516
6861.016846	-51.804482
6863.708496	-52.191677
6866.400146	-52.076305
6869.091797	-52.886429
6871.783447	-52.393421
6874.475098	-52.963287
6877.166748	-53.234421
6879.858398	-52.652145
6882.550049	-53.688545
6885.241699	-53.550072
6887.933350	-53.767200
6890.625000	-52.571068
6893.316650	-53.926956
6896.008301	-54.337578
6898.699951	-53.500156
6901.391602	-53.256947
6904.083252	-54.379723
6906.774902	-54.634987
6909.466553	-55.017097
6912.158203	-54.313877
6914.849854	-55.649387
6917.541504	-54.840897
6920.233154	-55.308483
6922.924805	-53.856388
6925.616455	-54.510052
6928.308105	-54.811722
6930.999756	-55.768875
6933.691406	-53.829437
6936.383057	-56.146282
6939.074707	-54.967957
6941.766357	-55.585278
6944.458008	-55.180992
6947.149658	-55.047516
6949.841309	-55.379368
6952.532959	-55.484646
6955.224609	-55.802773
6957.916260	-55.064770
6960.607910	-56.867958
6963.299561	-55.779182
6965.991211	-55.994213
6968.682861	-56.121876
6971.374512	-55.043163
6974.066162	-57.930729
6976.757812	-57.094547
6979.449463	-56.688503
6982.141113	-55.240311
6984.832764	-55.833633
6987.524414	-55.967312
6990.216064	-55.836491
6992.907715	-55.872456
6995.599365	-55.541843
6998.291016	-56.223442
7000.982666	-55.690327
7003.674316	-55.607307
7006.365967	-55.909824
7009.057617	-56.462364
7011.749268	-55.385056
7014.440918	-55.428303
7017.132568	-55.213287
7019.824219	-55.400101
7022.515869	-56.917049
7025.207520	-56.840946
7027.899170	-55.895454
7030.590820	-55.086956
7033.282471	-55.434757
7035.974121	-55.201767
7038.665771	-55.366032
7041.357422	-54.587326
7044.049072	-56.440681
7046.740723	-55.118721
7049.432373	-55.174870
7052.124023	-56.236275
7054.815674	-56.087318
7057.507324	-55.399349
7060.198975	-55.612816
7062.890625	-55.088322
7065.582275	-53.703632
7068.273926	-53.915447
7070.965576	-54.479832
7073.657227	-55.000801
7076.348877	-54.449306
7079.040527	-55.574871
7081.732178	-55.205479
7084.423828	-53.974480
7087.115479	-53.551712
7089.807129	-54.118149
7092.498779	-54.644001
7095.190430	-52.484409
7097.882080	-52.016476
7100.573730	-52.826225
7103.265381	-52.671921
7105.957031	-52.840282
7108.648682	-52.472515
7111.340332	-51.349075
7114.031982	-53.901146
7116.723633	-51.754890
7119.415283	-52.943607
7122.106934	-53.162205
7124.798584	-50.371334
7127.490234	-51.948963
7130.181885	-50.545147
7132.873535	-50.757843
7135.565186	-51.549664
7138.256836	-50.495834
7140.948486	-50.488632
7143.640137	-50.328857
7146.331787	-50.599152
7149.023438	-49.703381
7151.715088	-50.373158
7154.406738	-49.053890
7157.098389	-48.775921
7159.790039	-49.339218
7162.481689	-48.843067
7165.173340	-47.810455
7167.864990	-47.874237
7170.556641	-48.441246
7173.248291	-47.468433
7175.939941	-47.209816
7178.631592	-48.172268
7181.323242	-47.277813
7184.014893	-46.244499
7186.706543	-47.800755
7189.398193	-46.463493
7192.089844	-46.486973
7194.781494	-46.716160
7197.473145	-45.554253
7200.164795	-47.686981
7202.856445	-47.809589
7205.548096	-47.046097
7208.239746	-47.504932
7210.931396	-47.124020
7213.623047	-46.842384
7216.314697	-45.932499
7219.006348	-48.188843
7221.697998	-47.318035
7224.389648	-49.221863
7227.081299	-48.383289
7229.772949	-47.427094
7232.464600	-47.211155
7235.156250	-48.320141
7237.847900	-49.395054
7240.539551	-49.774113
7243.231201	-49.062523
7245.922852	-50.256001
7248.614502	-49.708450
7251.306152	-50.001469
7253.997803	-49.989628
7256.689453	-50.705132
7259.381104	-51.136208
7262.072754	-50.323692
7264.764404	-52.489296
7267.456055	-52.719799
7270.147705	-51.570065
7272.839355	-50.971210
7275.531006	-51.690956
7278.222656	-52.319878
7280.914307	-53.037590
7283.605957	-51.910320
7286.297607	-52.271809
7288.989258	-53.016960
7291.680908	-53.445198
7294.372559	-53.228439
7297.064209	-53.592518
7299.755859	-53.738049
7302.447510	-53.929478
7305.139160	-54.915154
7307.830811	-55.832504
7310.522461	-53.814018
7313.214111	-54.179455
7315.905762	-53.651455
7318.597412	-54.268864
7321.289062	-54.206928
7323.980713	-54.932705
7326.672363	-55.208847
7329.364014	-55.304893
7332.055664	-55.063160
7334.747314	-54.451469
7337.438965	-54.967030
7340.130615	-56.089359
7342.822266	-55.765968
7345.513916	-55.451809
7348.205566	-56.103813
7350.897217	-55.607498
7353.588867	-57.035828
7356.280518	-56.538647
7358.972168	-56.753544
7361.663818	-55.569271
7364.355469	-55.877586
7367.047119	-55.709641
7369.738770	-57.008461
7372.430420	-55.975445
7375.122070	-56.289124
7377.813721	-55.920868
7380.505371	-55.296833
7383.197021	-57.141094
7385.888672	-56.196297
7388.580322	-56.915794
7391.271973	-57.032993
7393.963623	-56.798100
7396.655273	-57.871483
7399.346924	-56.420425
7402.038574	-57.342712
7404.730225	-57.041615
7407.421875	-57.238396
7410.113525	-55.897038
7412.805176	-56.133110
7415.496826	-57.920559
7418.188477	-57.519665
7420.880127	-56.379353
7423.571777	-56.068081
7426.263428	-57.229958
7428.955078	-56.834896
7431.646729	-57.687088
7434.338379	-56.197735
7437.030029	-57.436756
7439.721680	-57.263714
7442.413330	-56.873207
7445.104980	-56.607258
7447.796631	-57.079205
7450.488281	-55.973274
7453.179932	-55.954899
7455.871582	-57.662968
7458.563232	-57.178593
7461.254883	-55.818535
7463.946533	-55.558708
7466.638184	-56.717545
7469.329834	-55.663425
7472.021484	-55.705036
7474.713135	-56.393227
7477.404785	-55.891903
7480.096436	-55.436123
7482.788086	-56.367722
7485.479736	-56.218872
7488.171387	-56.264214
7490.863037	-55.252361
7493.554688	-54.823483
7496.246338	-54.936958
7498.937988	-55.808594
7501.629639	-55.038280
7504.321289	-54.930222
7507.012939	-54.785564
7509.704590	-54.451916
7512.396240	-55.002510
7515.087891	-54.535942
7517.779541	-54.292431
7520.471191	-56.020020
7523.162842	-53.769886
7525.854492	-53.668106
7528.546143	-54.790524
7531.237793	-53.599995
7533.929443	-53.263599
7536.621094	-53.454620
7539.312744	-53.428688
7542.004395	-52.824238
7544.696045	-52.675949
7547.387695	-54.327213
7550.079346	-52.184612
7552.770996	-52.204609
7555.462646	-52.206699
7558.154297	-51.295380
7560.845947	-51.237289
7563.537598	-51.892704
7566.229248	-52.362320
7568.920898	-50.196701
7571.612549	-49.948101
7574.304199	-50.106750
7576.995850	-49.996502
7579.687500	-50.905342
7582.379150	-50.683651
7585.070801	-50.098648
7587.762451	-50.414944
7590.454102	-50.663284
7593.145752	-49.249130
7595.837402	-48.776215
7598.529053	-48.362331
7601.220703	-48.478291
7603.912354	-47.403687
7606.604004	-48.016991
7609.295654	-47.533001
7611.987305	-46.707348
7614.678955	-47.058483
7617.370605	-47.184235
7620.062256	-46.998112
7622.753906	-47.489952
7625.445557	-48.765011
7628.137207	-48.210106
7630.828857	-46.639126
7633.520508	-47.096985
7636.212158	-47.863209
7638.903809	-47.713470
7641.595459	-47.834652
7644.287109	-47.931381
7646.978760	-47.549198
7649.670410	-48.811234
7652.362061	-47.892891
7655.053711	-49.530693
7657.745361	-48.788445
7660.437012	-48.203232
7663.128662	-49.380589
7665.820312	-48.938744
7668.511963	-49.331116
7671.203613	-49.026703
7673.895264	-48.914501
7676.586914	-48.822811
7679.278564	-49.372471
7681.970215	-49.659340
7684.661865	-50.357132
7687.353516	-51.748890
7690.045166	-50.474785
7692.736816	-50.680317
7695.428467	-51.129623
7698.120117	-52.581421
7700.811768	-52.913528
7703.503418	-52.202122
7706.195068	-51.323280
7708.886719	-52.723457
7711.578369	-52.708584
7714.270020	-53.862740
7716.961670	-53.895622
7719.653320	-54.341560
7722.344971	-54.926392
7725.036621	-52.267925
7727.728271	-54.388180
7730.419922	-54.325954
7733.111572	-52.849506
7735.803223	-55.416809
7738.494873	-54.701965
7741.186523	-56.094971
7743.878174	-54.156605
7746.569824	-54.206837
7749.261475	-55.240826
7751.953125	-54.265533
7754.644775	-54.938438
7757.336426	-53.698048
7760.028076	-54.245224
7762.719727	-55.761219
7765.411377	-55.679642
7768.103027	-55.347458
7770.794678	-55.607666
7773.486328	-55.986923
7776.177979	-55.959377
7778.869629	-56.415035
7781.561279	-55.504608
7784.252930	-56.275280
7786.944580	-56.217007
7789.636230	-57.767601
7792.327881	-57.372139
7795.019531	-56.010124
7797.711182	-56.102558
7800.402832	-56.784534
7803.094482	-57.342434
7805.786133	-57.674263
7808.477783	-56.752510
7811.169434	-56.866631
7813.861084	-56.498188
7816.552734	-56.728798
7819.244385	-56.057487
7821.936035	-57.239544
7824.627686	-56.404057
7827.319336	-58.007618
7830.010986	-57.014549
7832.702637	-56.423885
7835.394287	-58.333160
7838.085938	-56.734482
7840.777588	-57.709507
7843.469238	-57.243431
7846.160889	-56.176792
7848.852539	-56.730190
7851.544189	-57.755711
7854.235840	-57.055145
7856.927490	-56.273083
7859.619141	-56.527840
7862.310791	-56.750301
7865.002441	-57.307384
7867.694092	-57.417343
7870.385742	-56.408428
7873.077393	-56.723244
7875.769043	-57.286701
7878.460693	-56.492813
7881.152344	-56.895950
7883.843994	-56.162598
7886.535645	-57.589329
7889.227295	-56.853115
7891.918945	-57.492508
7894.610596	-56.334858
7897.302246	-56.361271
7899.993896	-56.395229
7902.685547	-55.421463
7905.377197	-57.113091
7908.068848	-56.062550
7910.760498	-55.637859
7913.452148	-56.167511
7916.143799	-55.141983
7918.835449	-54.176853
7921.527100	-54.867783
7924.218750	-56.129799
7926.910400	-55.398605
7929.602051	-54.799919
7932.293701	-54.936272
7934.985352	-54.759514
7937.677002	-54.328625
7940.368652	-54.315739
7943.060303	-55.098228
7945.751953	-55.070667
7948.443604	-53.994350
7951.135254	-55.311504
7953.826904	-52.882385
7956.518555	-53.460220
7959.210205	-53.114563
7961.901855	-53.039333
7964.593506	-53.630554
7967.285156	-53.816994
7969.976807	-53.572422
7972.668457	-52.250854
7975.360107	-52.139271
7978.051758	-51.683086
7980.743408	-50.873482
7983.435059	-52.138531
7986.126709	-51.114918
7988.818359	-50.217804
7991.510010	-50.196884
7994.201660	-51.328766
7996.893311	-50.290611
7999.584961	-50.261395
8002.276611	-50.191967
8004.968262	-49.545910
8007.659912	-47.892113
8010.351562	-49.392334
8013.043213	-49.582699
8015.734863	-49.813602
8018.426514	-48.860626
8021.118164	-48.663486
8023.809814	-48.321083
8026.501465	-48.018333
8029.193115	-48.821899
8031.884766	-48.391590
8034.576416	-47.789459
8037.268066	-48.181248
8039.959717	-46.517292
8042.651367	-47.206821
8045.343018	-48.076332
8048.034668	-46.424408
8050.726318	-46.089203
8053.417969	-46.648483
8056.109619	-46.247303
8058.801270	-47.735622
8061.492920	-47.061127
8064.184570	-47.747665
8066.876221	-46.916950
8069.567871	-47.864941
8072.259521	-46.466404
8074.951172	-47.900681
8077.642822	-47.495113
8080.334473	-47.562477
8083.026123	-49.021397
8085.717773	-48.192730
8088.409424	-48.014767
8091.101074	-47.709660
8093.792725	-49.653431
8096.484375	-48.812279
8099.176025	-48.742912
8101.867676	-49.567192
8104.559326	-50.724068
8107.250977	-50.123703
8109.942627	-50.713684
8112.634277	-51.514107
8115.325928	-49.599876
8118.017578	-50.724236
8120.709229	-50.057770
8123.400879	-51.560780
8126.092529	-53.153645
8128.784180	-52.886387
8131.475830	-52.351677
8134.167480	-51.730118
8136.859131	-53.388065
8139.550781	-53.437836
8142.242432	-53.340092
8144.934082	-52.758408
8147.625732	-53.827358
8150.317383	-53.368652
8153.009033	-54.540428
8155.700684	-53.718044
8158.392334	-54.037251
8161.083984	-54.539135
8163.775635	-54.887478
8166.467285	-56.382595
8169.158936	-55.530659
8171.850586	-54.494637
8174.542236	-55.219460
8177.233887	-55.578728
8179.925537	-56.178360
8182.617188	-55.370705
8185.308838	-54.947586
8188.000488	-55.562313
8190.692139	-56.072872
8193.383789	-55.838596
8196.075439	-55.650558
8198.767090	-56.206738
8201.458740	-56.480125
8204.150391	-54.574078
8206.842041	-55.608528
8209.533691	-56.472511
8212.225342	-56.384342
8214.916992	-55.568008
8217.608643	-56.694592
8220.300293	-56.029198
8222.991943	-56.644344
8225.683594	-56.400532
8228.375244	-56.374809
8231.066895	-55.558865
8233.758545	-56.305367
8236.450195	-57.316261
8239.141846	-56.029057
8241.833496	-56.517544
8244.525146	-57.277225
8247.216797	-56.650192
8249.908447	-56.267017
8252.600098	-57.035999
8255.291748	-56.949093
8257.983398	-56.601528
8260.675049	-55.895611
8263.366699	-56.533813
8266.058350	-56.721420
8268.750000	-56.573601
8271.441650	-57.333790
8274.133301	-55.442406
8276.824951	-56.794930
8279.516602	-58.009666
8282.208252	-56.602604
8284.899902	-57.073803
8287.591553	-56.920399
8290.283203	-56.462833
8292.974854	-56.636105
8295.666504	-56.688057
8298.358154	-55.838917
8301.049805	-55.946125
8303.741455	-55.685699
8306.433105	-55.612785
8309.124756	-57.229717
8311.816406	-57.130253
8314.508057	-56.077713
8317.199707	-56.564320
8319.891357	-56.621521
8322.583008	-56.633099
8325.274658	-55.996452
8327.966309	-56.479427
8330.657959	-56.876049
8333.349609	-55.876957
8336.041260	-55.077713
8338.732910	-56.391319
8341.424561	-55.577202
8344.116211	-53.922592
8346.807861	-54.527111
8349.499512	-54.791538
8352.191162	-53.832790
8354.882812	-54.107624
8357.574463	-54.473644
8360.266113	-55.230347
8362.957764	-55.596298
8365.649414	-54.624485
8368.341064	-55.323536
8371.032715	-56.087311
8373.724365	-55.237217
8376.416016	-54.079784
8379.107666	-53.882244
8381.799316	-54.952507
8384.490967	-53.036095
8387.182617	-53.073669
8389.874268	-53.441349
8392.565918	-52.577675
8395.257568	-53.951263
8397.949219	-53.111416
8400.640869	-52.132202
8403.332520	-52.079887
8406.024170	-51.594715
8408.715820	-51.939114
8411.407471	-51.957573
8414.099121	-51.474045
8416.790771	-51.454700
8419.482422	-51.482071
8422.174072	-50.504025
8424.865723	-49.873558
8427.557373	-50.158653
8430.249023	-48.427429
8432.940674	-49.360470
8435.632324	-48.142567
8438.323975	-49.864441
8441.015625	-47.563148
8443.707275	-47.911877
8446.398926	-47.630894
8449.090576	-47.858944
8451.782227	-47.193359
8454.473877	-46.023891
8457.165527	-46.803459
8459.857178	-48.514034
8462.548828	-46.612755
8465.240479	-47.704700
8467.932129	-45.229179
8470.623779	-45.735336
8473.315430	-45.713806
8476.007080	-45.704594
8478.698730	-47.306969
8481.390381	-46.319614
8484.082031	-45.631592
8486.773682	-45.324032
8489.465332	-47.226650
8492.156982	-46.518490
8494.848633	-46.162838
8497.540283	-47.194256
8500.231934	-46.326405
8502.923584	-47.061573
8505.615234	-46.684032
8508.306885	-47.475842
8510.998535	-46.833019
8513.690186	-48.276615
8516.381836	-48.116577
8519.073486	-48.321186
8521.765137	-48.293385
8524.456787	-47.869091
8527.148438	-49.802052
8529.840088	-50.254086
8532.531738	-49.611290
8535.223389	-50.985001
8537.915039	-50.740669
8540.606689	-50.431263
8543.298340	-51.046585
8545.989990	-51.001293
8548.681641	-50.940704
8551.373291	-52.891670
8554.064941	-53.251965
8556.756592	-53.039547
8559.448242	-52.185898
8562.139893	-52.997562
8564.831543	-53.487171
8567.523193	-54.811729
8570.214844	-54.328690
8572.906494	-54.154133
8575.598145	-54.146774
8578.289795	-53.373623
8580.981445	-53.938084
8583.673096	-55.135998
8586.364746	-54.589626
8589.056396	-55.219280
8591.748047	-55.555408
8594.439697	-54.578434
8597.131348	-55.099270
8599.822998	-56.129475
8602.514648	-54.837349
8605.206299	-55.875107
8607.897949	-55.351536
8610.589600	-55.123512
8613.281250	-55.983883
8615.972900	-55.705967
8618.664551	-56.611172
8621.356201	-57.024151
8624.047852	-55.307396
8626.739502	-54.625561
8629.431152	-56.249924
8632.122803	-55.660820
8634.814453	-55.481018
8637.506104	-55.813610
8640.197754	-56.602032
8642.889404	-56.053272
8645.581055	-55.187717
8648.272705	-57.490303
8650.964355	-57.789288
8653.656006	-56.582569
8656.347656	-56.085556
8659.039307	-56.092091
8661.730957	-56.539558
8664.422607	-56.486290
8667.114258	-57.928059
8669.805908	-57.870808
8672.497559	-55.947903
8675.189209	-57.007858
8677.880859	-57.507298
8680.572510	-58.152641
8683.264160	-57.590050
8685.955811	-57.458221
8688.647461	-56.818565
8691.339111	-57.238892
8694.030762	-57.136757
8696.722412	-57.155281
8699.414062	-57.607594
8702.105713	-56.825348
8704.797363	-56.151791
8707.489014	-57.617912
8710.180664	-58.353901
8712.872314	-58.200600
8715.563965	-56.422489
8718.255615	-55.047939
8720.947266	-57.908085
8723.638916	-57.695225
8726.330566	-57.024879
8729.022217	-57.435909
8731.713867	-56.058418
8734.405518	-55.917995
8737.097168	-56.200954
8739.788818	-56.921848
8742.480469	-56.021614
8745.172119	-55.565575
8747.863770	-57.233479
8750.555420	-56.027946
8753.247070	-54.646130
8755.938721	-55.417004
8758.630371	-55.910801
8761.322021	-55.211563
8764.013672	-55.097969
8766.705322	-54.422234
8769.396973	-54.624798
8772.088623	-53.541412
8774.780273	-54.710575
8777.471924	-53.828449
8780.163574	-54.438076
8782.855225	-56.155632
8785.546875	-54.931778
8788.238525	-54.729710
8790.930176	-54.730854
8793.621826	-53.229401
8796.313477	-52.742496
8799.005127	-53.187344
8801.696777	-54.194878
8804.388428	-54.111580
8807.080078	-52.170353
8809.771729	-52.921207
8812.463379	-52.712170
8815.155029	-51.856243
8817.846680	-51.732246
8820.538330	-51.582619
8823.229980	-50.906555
8825.921631	-51.622009
8828.613281	-52.759422
8831.304932	-51.867130
8833.996582	-51.125828
8836.688232	-51.516541
8839.379883	-50.384731
8842.071533	-49.566715
8844.763184	-49.558895
8847.454834	-49.968803
8850.146484	-50.077061
8852.838135	-49.681767
8855.529785	-49.083599
8858.221436	-47.952015
8860.913086	-47.546074
8863.604736	-47.651672
8866.296387	-47.219986
8868.988037	-47.828163
8871.679688	-47.350368
8874.371338	-46.220993
8877.062988	-45.850079
8879.754639	-46.088402
8882.446289	-45.849426
8885.137939	-45.174370
8887.829590	-44.631035
8890.521240	-46.057922
8893.212891	-45.773666
8895.904541	-45.515835
8898.596191	-43.601055
8901.287842	-44.957363
8903.979492	-44.575745
8906.671143	-43.891556
8909.362793	-44.697514
8912.054443	-45.668991
8914.746094	-46.006420
8917.437744	-44.862110
8920.129395	-45.840130
8922.821045	-45.364994
8925.512695	-46.138714
8928.204346	-46.072060
8930.895996	-48.455872
8933.587646	-47.025696
8936.279297	-48.992287
8938.970947	-48.454151
8941.662598	-48.378067
8944.354248	-49.129810
8947.045898	-49.079231
8949.737549	-50.203369
8952.429199	-49.343941
8955.120850	-49.732140
8957.812500	-49.964771
8960.504150	-50.749870
8963.195801	-51.205910
8965.887451	-50.589371
8968.579102	-50.203842
8971.270752	-51.549335
8973.962402	-51.703194
8976.654053	-51.874329
8979.345703	-52.944912
8982.037354	-51.612080
8984.729004	-52.388912
8987.420654	-51.488247
8990.112305	-52.511410
8992.803955	-54.546322
8995.495605	-53.760258
8998.187256	-53.980854
9000.878906	-52.446346
9003.570557	-53.779175
9006.262207	-54.305382
9008.953857	-54.130241
9011.645508	-53.469810
9014.337158	-54.611561
9017.028809	-54.568840
9019.720459	-54.226749
9022.412109	-55.354977
9025.103760	-55.257339
9027.795410	-54.344982
9030.487061	-55.115639
9033.178711	-55.633911
9035.870361	-54.763855
9038.562012	-55.183010
9041.253662	-55.629269
9043.945312	-57.206684
9046.636963	-56.169758
9049.328613	-56.573605
9052.020264	-55.253731
9054.711914	-55.157436
9057.403564	-53.785740
9060.095215	-55.621040
9062.786865	-56.480061
9065.478516	-54.055569
9068.170166	-54.507103
9070.861816	-56.459774
9073.553467	-56.116005
9076.245117	-54.542934
9078.936768	-54.896133
9081.628418	-56.441498
9084.320068	-56.320362
9087.011719	-55.549004
9089.703369	-57.094475
9092.395020	-55.037125
9095.086670	-56.768272
9097.778320	-57.067745
9100.469971	-55.737167
9103.161621	-55.472855
9105.853271	-55.954235
9108.544922	-57.966698
9111.236572	-57.868000
9113.928223	-55.973125
9116.619873	-56.025681
9119.311523	-56.122131
9122.003174	-55.485741
9124.694824	-55.571743
9127.386475	-56.582066
9130.078125	-56.231388
9132.769775	-55.707127
9135.461426	-55.692356
9138.153076	-57.665707
9140.844727	-57.942459
9143.536377	-56.391628
9146.228027	-56.009964
9148.919678	-56.387047
9151.611328	-56.305820
9154.302979	-56.153801
9156.994629	-55.775646
9159.686279	-55.845238
9162.377930	-57.073002
9165.069580	-55.431564
9167.761230	-55.428772
9170.452881	-55.738247
9173.144531	-56.332176
9175.836182	-55.770420
9178.527832	-55.361782
9181.219482	-55.038132
9183.911133	-55.697166
9186.602783	-55.159988
9189.294434	-54.686073
9191.986084	-54.424458
9194.677734	-54.639469
9197.369385	-55.106552
9200.061035	-54.278980
9202.752686	-54.804562
9205.444336	-54.652405
9208.135986	-54.339214
9210.827637	-53.666195
9213.519287	-54.554443
9216.210938	-54.711887
9218.902588	-53.145256
9221.594238	-53.768959
9224.285889	-53.064728
9226.977539	-52.874317
9229.669189	-52.801537
9232.360840	-52.867245
9235.052490	-52.606796
9237.744141	-52.768982
9240.435791	-52.666435
9243.127441	-52.237507
9245.819092	-52.023159
9248.510742	-51.876926
9251.202393	-51.949051
9253.894043	-50.054428
9256.585693	-52.823299
9259.277344	-51.323944
9261.968994	-49.865566
9264.660645	-50.103882
9267.352295	-52.032715
9270.043945	-49.872097
9272.735596	-47.902184
9275.427246	-49.441635
9278.118896	-48.724113
9280.810547	-46.934189
9283.502197	-47.841568
9286.193848	-46.676437
9288.885498	-46.928585
9291.577148	-45.602085
9294.268799	-45.545956
9296.960449	-44.948822
9299.652100	-45.046204
9302.343750	-44.254562
9305.035400	-45.677174
9307.727051	-45.236397
9310.418701	-44.633900
9313.110352	-42.597263
9315.802002	-43.179016
9318.493652	-42.729336
9321.185303	-42.289192
9323.876953	-44.529701
9326.568604	-42.655144
9329.260254	-42.988266
9331.951904	-44.424587
9334.643555	-43.881222
9337.335205	-45.791706
9340.026855	-44.622910
9342.718506	-45.311352
9345.410156	-44.706917
9348.101807	-46.237007
9350.793457	-45.757557
9353.485107	-46.775204
9356.176758	-46.275112
9358.868408	-47.935425
9361.560059	-45.192699
9364.251709	-46.572575
9366.943359	-48.294071
9369.635010	-47.277714
9372.326660	-48.464939
9375.018311	-48.733894
9377.709961	-49.456512
9380.401611	-50.523109
9383.093262	-49.243729
9385.784912	-50.018871
9388.476562	-49.444763
9391.168213	-51.061504
9393.859863	-50.754978
9396.551514	-51.690899
9399.243164	-51.852886
9401.934814	-52.205967
9404.626465	-51.718758
9407.318115	-51.138409
9410.009766	-51.970432
9412.701416	-52.615643
9415.393066	-54.255348
9418.084717	-52.444359
9420.776367	-54.477619
9423.468018	-53.324398
9426.159668	-53.493286
9428.851318	-53.742016
9431.542969	-53.476521
9434.234619	-53.337063
9436.926270	-54.758011
9439.617920	-53.783173
9442.309570	-54.260025
9445.001221	-53.439404
9447.692871	-53.748978
9450.384521	-56.307217
9453.076172	-53.626961
9455.767822	-54.345848
9458.459473	-55.804008
9461.151123	-55.793346
9463.842773	-55.372150
9466.534424	-54.923092
9469.226074	-54.437607
9471.917725	-55.397293
9474.609375	-56.757149
9477.301025	-55.679424
9479.992676	-55.998539
9482.684326	-55.795212
9485.375977	-55.312717
9488.067627	-56.067863
9490.759277	-55.884922
9493.450928	-54.925426
9496.142578	-56.055374
9498.834229	-55.018589
9501.525879	-56.193596
9504.217529	-56.213547
9506.909180	-56.415874
9509.600830	-56.534500
9512.292480	-56.288967
9514.984131	-57.124950
9517.675781	-56.168636
9520.367432	-55.213642
9523.059082	-55.832912
9525.750732	-55.884701
9528.442383	-55.947147
9531.134033	-56.639229
9533.825684	-55.380875
9536.517334	-56.262661
9539.208984	-56.764675
9541.900635	-56.816936
9544.592285	-55.196259
9547.283936	-55.754871
9549.975586	-55.626339
9552.667236	-57.027382
9555.358887	-55.855999
9558.050537	-56.766785
9560.742188	-55.530247
9563.433838	-55.982162
9566.125488	-54.845238
9568.817139	-55.007076
9571.508789	-56.132362
9574.200439	-56.362476
9576.892090	-55.483284
9579.583740	-54.135365
9582.275391	-55.558968
9584.967041	-55.010548
9587.658691	-55.201176
9590.350342	-55.544544
9593.041992	-54.320236
9595.733643	-55.534206
9598.425293	-55.088516
9601.116943	-55.676624
9603.808594	-55.864414
9606.500244	-54.757553
9609.191895	-54.166298
9611.883545	-55.399677
9614.575195	-54.630424
9617.266846	-54.066746
9619.958496	-54.799854
9622.650146	-53.994003
9625.341797	-52.992859
9628.033447	-54.308853
9630.725098	-54.635651
9633.416748	-54.289581
9636.108398	-52.564133
9638.800049	-52.490021
9641.491699	-52.858700
9644.183350	-52.658421
9646.875000	-53.195709
9649.566650	-52.198502
9652.258301	-51.096226
9654.949951	-52.867077
9657.641602	-51.458439
9660.333252	-50.076187
9663.024902	-52.365360
9665.716553	-50.458729
9668.408203	-50.688190
9671.099854	-51.411762
9673.791504	-51.099922
9676.483154	-49.745235
9679.174805	-50.366188
9681.866455	-49.635891
9684.558105	-49.506153
9687.249756	-49.990093
9689.941406	-48.805344
9692.633057	-47.482315
9695.324707	-48.528309
9698.016357	-48.823338
9700.708008	-46.994984
9703.399658	-47.416328
9706.091309	-47.199348
9708.782959	-45.440380
9711.474609	-47.102901
9714.166260	-46.361927
9716.857910	-45.225494
9719.549561	-44.116558
9722.241211	-44.550873
9724.932861	-45.590851
9727.624512	-44.461441
9730.316162	-43.557343
9733.007812	-42.389538
9735.699463	-42.934555
9738.391113	-43.052132
9741.082764	-43.276775
9743.774414	-43.241077
9746.466064	-43.333900
9749.157715	-42.677734
9751.849365	-42.162201
9754.541016	-41.879379
9757.232666	-43.537773
9759.924316	-43.718475
9762.615967	-45.149559
9765.307617	-44.997467
9767.999268	-44.959267
9770.690918	-44.670025
9773.382568	-45.452339
9776.074219	-46.519978
9778.765869	-45.955002
9781.457520	-46.300453
9784.149170	-46.776016
9786.840820	-46.326374
9789.532471	-48.626545
9792.224121	-47.383858
9794.915771	-48.099712
9797.607422	-49.984154
9800.299072	-49.973202
9802.990723	-48.796692
9805.682373	-48.749386
9808.374023	-51.085804
9811.065674	-51.593967
9813.757324	-49.679810
9816.448975	-50.565456
9819.140625	-50.345978
9821.832275	-50.428379
9824.523926	-52.626801
9827.215576	-51.896793
9829.907227	-51.888809
9832.598877	-52.811501
9835.290527	-52.842201
9837.982178	-50.993660
9840.673828	-53.027042
9843.365479	-52.204765
9846.057129	-53.145638
9848.748779	-53.447800
9851.440430	-52.521034
9854.132080	-53.848980
9856.823730	-52.433784
9859.515381	-55.377079
9862.207031	-54.749767
9864.898682	-53.354855
9867.590332	-55.007084
9870.281982	-53.012375
9872.973633	-54.334564
9875.665283	-54.516842
9878.356934	-55.036064
9881.048584	-54.330803
9883.740234	-54.726631
9886.431885	-55.455479
9889.123535	-54.015846
9891.815186	-54.440311
9894.506836	-55.739681
9897.198486	-55.598789
9899.890137	-53.945271
9902.581787	-55.329308
9905.273438	-56.107086
9907.965088	-55.223480
9910.656738	-54.484135
9913.348389	-55.716389
9916.040039	-55.051395
9918.731689	-56.229031
9921.423340	-56.018692
9924.114990	-55.407574
9926.806641	-57.172112
9929.498291	-56.200474
9932.189941	-55.884430
9934.881592	-56.421730
9937.573242	-55.168793
9940.264893	-55.611057
9942.956543	-56.233624
9945.648193	-55.552486
9948.339844	-57.525833
9951.031494	-56.277840
9953.723145	-54.633274
9956.414795	-56.269463
9959.106445	-55.452679
9961.798096	-55.295021
9964.489746	-56.349434
9967.181396	-57.065186
9969.873047	-56.152973
9972.564697	-55.633297
9975.256348	-55.105095
9977.947998	-56.434292
9980.639648	-56.132328
9983.331299	-55.680847
9986.022949	-55.523628
9988.714600	-56.199429
9991.406250	-55.698547
9994.097900	-57.096798
9996.789551	-54.908417
9999.481201	-55.343819
10002.172852	-55.852333
10004.864502	-55.343712
10007.556152	-54.903328
10010.247803	-54.217716
10012.939453	-54.444309
10015.631104	-55.111088
10018.322754	-54.455006
10021.014404	-53.322071
10023.706055	-53.484077
10026.397705	-54.622211
10029.089355	-54.856190
10031.781006	-55.987415
10034.472656	-54.277088
10037.164307	-55.545841
10039.855957	-54.772694
10042.547607	-55.023762
10045.239258	-55.253407
10047.930908	-54.449600
10050.622559	-54.912926
10053.314209	-54.335487
10056.005859	-54.263157
10058.697510	-53.307297
10061.389160	-53.754017
10064.080811	-54.838562
10066.772461	-54.193573
10069.464111	-53.781498
10072.155762	-53.492901
10074.847412	-53.606911
10077.539062	-53.620811
10080.230713	-52.403305
10082.922363	-53.123470
10085.614014	-53.231750
10088.305664	-52.482563
10090.997314	-51.415569
10093.688965	-52.686131
10096.380615	-51.473228
10099.072266	-49.501278
10101.763916	-50.562546
10104.455566	-51.621758
10107.147217	-50.565376
10109.838867	-49.190163
10112.530518	-49.260815
10115.222168	-48.936298
10117.913818	-49.382965
10120.605469	-48.448952
10123.297119	-48.744995
10125.988770	-46.443710
10128.680420	-46.669418
10131.372070	-47.303516
10134.063721	-45.727333
10136.755371	-46.904957
10139.447021	-46.110313
10142.138672	-45.576786
10144.830322	-45.725327
10147.521973	-46.064938
10150.213623	-44.820328
10152.905273	-43.985321
10155.596924	-44.838116
10158.288574	-43.783096
10160.980225	-43.518517
10163.671875	-44.007648
10166.363525	-43.604301
10169.055176	-42.756531
10171.746826	-43.708977
10174.438477	-44.962662
10177.130127	-44.171494
10179.821777	-45.015285
10182.513428	-45.258934
10185.205078	-44.944134
10187.896729	-45.904064
10190.588379	-46.556564
10193.280029	-47.009403
10195.971680	-47.559925
10198.663330	-47.220421
10201.354980	-48.128475
10204.046631	-49.034950
10206.738281	-48.990376
10209.429932	-50.368240
10212.121582	-48.919281
10214.813232	-49.442993
10217.504883	-51.382927
10220.196533	-51.050659
10222.888184	-50.686279
10225.579834	-51.854279
10228.271484	-52.292835
10230.963135	-52.964561
10233.654785	-53.694172
10236.346436	-53.208031
10239.038086	-52.521591
10241.729736	-54.177189
10244.421387	-54.416183
10247.113037	-54.114902
10249.804688	-54.545879
10252.496338	-52.991982
10255.187988	-53.843201
10257.879639	-54.812534
10260.571289	-54.437931
10263.262939	-55.454445
10265.954590	-55.308762
10268.646240	-55.710251
10271.337891	-55.144783
10274.029541	-56.805058
10276.721191	-55.218410
10279.412842	-56.096745
10282.104492	-57.029243
10284.796143	-56.802418
10287.487793	-56.839195
10290.179443	-56.886940
10292.871094	-56.257561
10295.562744	-57.982620
10298.254395	-58.298466
10300.946045	-57.484482
10303.637695	-57.750969
10306.329346	-58.187389
10309.020996	-57.720379
10311.712646	-57.769890
10314.404297	-57.919773
10317.095947	-58.349506
10319.787598	-58.884266
10322.479248	-57.801598
10325.170898	-59.341743
10327.862549	-60.719494
10330.554199	-57.824409
10333.245850	-59.839848
10335.937500	-58.628277
10338.629150	-59.019459
10341.320801	-59.125595
10344.012451	-59.211479
10346.704102	-60.681671
10349.395752	-59.934895
10352.087402	-59.144829
10354.779053	-60.382763
10357.470703	-59.815216
10360.162354	-59.828819
10362.854004	-59.154335
10365.545654	-59.574005
10368.237305	-59.511292
10370.928955	-60.738964
10373.620605	-60.741463
10376.312256	-60.834869
10379.003906	-59.883160
10381.695557	-60.488125
10384.387207	-60.262939
10387.078857	-60.608524
10389.770508	-60.995384
10392.462158	-61.323952
10395.153809	-61.026970
10397.845459	-60.055397
10400.537109	-59.741535
10403.228760	-61.599335
10405.920410	-59.588940
10408.612061	-61.690891
10411.303711	-60.485649
10413.995361	-59.774403
10416.687012	-60.427326
10419.378662	-60.789520
10422.070312	-60.353565
10424.761963	-60.710522
10427.453613	-62.203159
10430.145264	-61.078129
10432.836914	-61.274044
10435.528564	-59.597549
10438.220215	-60.707310
10440.911865	-59.212009
10443.603516	-60.256062
10446.295166	-60.411556
10448.986816	-61.100250
10451.678467	-60.315079
10454.370117	-60.033726
10457.061768	-59.426361
10459.753418	-59.838192
10462.445068	-59.873253
10465.136719	-60.452057
10467.828369	-60.274387
10470.520020	-58.952961
10473.211670	-59.395023
10475.903320	-60.141052
10478.594971	-58.032295
10481.286621	-58.508308
10483.978271	-58.279091
10486.669922	-60.571987
10489.361572	-58.402653
10492.053223	-58.603043
10494.744873	-58.238880
10497.436523	-59.612156
10500.128174	-59.986031
10502.819824	-58.472294
10505.511475	-58.170429
10508.203125	-58.661785
10510.894775	-56.952435
10513.586426	-57.708344
10516.278076	-56.552109
10518.969727	-57.350330
10521.661377	-57.056225
10524.353027	-57.032276
10527.044678	-56.359558
10529.736328	-57.235584
10532.427979	-56.469635
10535.119629	-55.715969
10537.811279	-55.289810
10540.502930	-56.052467
10543.194580	-55.922699
10545.886230	-56.155708
10548.577881	-55.060398
10551.269531	-54.891392
10553.961182	-53.986320
10556.652832	-54.670200
10559.344482	-53.136295
10562.036133	-53.422676
10564.727783	-51.511593
10567.419434	-51.763630
10570.111084	-52.592365
10572.802734	-51.201515
10575.494385	-52.494045
10578.186035	-51.810760
10580.877686	-51.843388
10583.569336	-52.881382
10586.260986	-51.034218
10588.952637	-50.462200
10591.644287	-52.814266
10594.335938	-51.264332
10597.027588	-52.947113
10599.719238	-53.137321
10602.410889	-53.678940
10605.102539	-53.169312
10607.794189	-54.966370
10610.485840	-55.275688
10613.177490	-55.685734
10615.869141	-55.790302
10618.560791	-57.446518
10621.252441	-58.493767
10623.944092	-57.588749
10626.635742	-58.456543
10629.327393	-58.017735
10632.019043	-60.137726
10634.710693	-59.894939
10637.402344	-60.668427
10640.093994	-61.216217
10642.785645	-60.826344
10645.477295	-61.717297
10648.168945	-61.574036
10650.860596	-62.853825
10653.552246	-63.135017
10656.243896	-61.836613
10658.935547	-63.368633
10661.627197	-62.785404
10664.318848	-64.459137
10667.010498	-64.265190
10669.702148	-64.179161
10672.393799	-65.831207
10675.085449	-64.958313
10677.777100	-65.790237
10680.468750	-65.076164
10683.160400	-67.206200
10685.852051	-65.480408
10688.543701	-65.536598
10691.235352	-66.370949
10693.927002	-66.591911
10696.618652	-66.973396
10699.310303	-67.010017
10702.001953	-66.732941
10704.693604	-66.139801
10707.385254	-68.488678
10710.076904	-68.408218
10712.768555	-68.523933
10715.460205	-68.287895
10718.151855	-68.145721
10720.843506	-68.987961
10723.535156	-69.106071
10726.226807	-68.271805
10728.918457	-69.036652
10731.610107	-69.711861
10734.301758	-69.709480
10736.993408	-68.822563
10739.685059	-71.537209
10742.376709	-70.255585
10745.068359	-70.123299
10747.760010	-71.541275
10750.451660	-70.637077
10753.143311	-70.909676
10755.834961	-71.022987
10758.526611	-71.935249
10761.218262	-70.015862
10763.909912	-71.252151
10766.601562	-71.140877
10769.293213	-71.571312
10771.984863	-71.526970
10774.676514	-71.482674
10777.368164	-73.695290
10780.059814	-72.248360
10782.751465	-72.034042
10785.443115	-71.774506
10788.134766	-71.970764
10790.826416	-72.092041
10793.518066	-73.802620
10796.209717	-72.915855
10798.901367	-73.729759
10801.593018	-72.370804
10804.284668	-73.796486
10806.976318	-72.236130
10809.667969	-73.058708
10812.359619	-74.743843
10815.051270	-73.801270
10817.742920	-73.159859
10820.434570	-74.233864
10823.126221	-74.764786
10825.817871	-74.112267
10828.509521	-74.094452
10831.201172	-74.031708
10833.892822	-73.118431
10836.584473	-74.084152
10839.276123	-74.737015
10841.967773	-74.569130
10844.659424	-74.828934
10847.351074	-74.677734
10850.042725	-74.836136
10852.734375	-74.451477
10855.426025	-74.391983
10858.117676	-75.929298
10860.809326	-74.130165
10863.500977	-74.818016
10866.192627	-75.295547
10868.884277	-74.807060
10871.575928	-74.891434
10874.267578	-73.559113
10876.959229	-75.307716
10879.650879	-75.664001
10882.342529	-74.913513
10885.034180	-74.736481
10887.725830	-74.579170
10890.417480	-74.807816
10893.109131	-75.049141
10895.800781	-74.602707
10898.492432	-75.823486
10901.184082	-75.771233
10903.875732	-75.895119
10906.567383	-76.395103
10909.259033	-75.449883
10911.950684	-76.272591
10914.642334	-75.838402
10917.333984	-74.589882
10920.025635	-74.994278
10922.717285	-74.374062
10925.408936	-74.581642
10928.100586	-74.820854
10930.792236	-74.952759
10933.483887	-75.810379
10936.175537	-76.608070
10938.867188	-75.700188
10941.558838	-75.235825
10944.250488	-75.256386
10946.942139	-74.260567
10949.633789	-75.418289
10952.325439	-75.019485
10955.017090	-73.322182
10957.708740	-74.589668
10960.400391	-75.442398
10963.092041	-74.234718
10965.783691	-75.015411
10968.475342	-73.380592
10971.166992	-74.209625
10973.858643	-74.031242
10976.550293	-72.496819
10979.241943	-73.003914
10981.933594	-72.691444
10984.625244	-72.052765
10987.316895	-72.850197
10990.008545	-71.732391
10992.700195	-71.618950
10995.391846	-71.583366
10998.083496	-71.818504
11000.775146	-70.819977
11003.466797	-70.411018
11006.158447	-71.514252
11008.850098	-73.235901
11011.541748	-74.034348
11014.233398	-72.397842
11016.925049	-73.424858
11019.616699	-72.627731
11022.308350	-73.262917
