Frequency (Hz)	Level (dB)
2.691650	-72.573586
5.383301	-72.617630
8.074951	-72.381561
10.766602	-72.435722
13.458252	-72.087883
16.149902	-72.640228
18.841553	-72.002380
21.533203	-71.773064
24.224854	-71.005791
26.916504	-70.649376
29.608154	-70.781197
32.299805	-70.868729
34.991455	-70.872025
37.683105	-69.035973
40.374756	-69.891647
43.066406	-69.386581
45.758057	-69.392250
48.449707	-70.265190
51.141357	-70.289070
53.833008	-68.650772
56.524658	-69.680901
59.216309	-68.034973
61.907959	-69.165436
64.599609	-69.156174
67.291260	-67.984612
69.982910	-68.530876
72.674561	-68.913338
75.366211	-67.979507
78.057861	-68.099884
80.749512	-68.333450
83.441162	-67.133125
86.132812	-67.677536
88.824463	-68.021736
91.516113	-67.920776
94.207764	-66.852806
96.899414	-68.367775
99.591064	-68.594643
102.282715	-67.619576
104.974365	-66.725456
107.666016	-67.848335
110.357666	-67.537689
113.049316	-67.094215
115.740967	-68.200874
118.432617	-68.235611
121.124268	-67.409119
123.815918	-67.289589
126.507568	-67.136650
129.199219	-67.975746
131.890869	-66.744759
134.582520	-66.395973
137.274170	-67.939598
139.965820	-68.011971
142.657471	-66.955688
145.349121	-65.795433
148.040771	-66.530853
150.732422	-65.795067
153.424072	-67.453621
156.115723	-66.651360
158.807373	-65.882919
161.499023	-65.287132
164.190674	-65.596466
166.882324	-65.723495
169.573975	-67.401917
172.265625	-66.039375
174.957275	-67.063667
177.648926	-66.294678
180.340576	-65.710381
183.032227	-65.250694
185.723877	-66.340034
188.415527	-65.605682
191.107178	-64.781105
193.798828	-64.633575
196.490479	-65.761536
199.182129	-64.957359
201.873779	-65.512978
204.565430	-64.623779
207.257080	-64.911537
209.948730	-64.989716
212.640381	-64.160385
215.332031	-64.204498
218.023682	-64.013878
220.715332	-63.360928
223.406982	-64.688454
226.098633	-63.817703
228.790283	-61.617527
231.481934	-62.670650
234.173584	-62.702503
236.865234	-63.320831
239.556885	-62.267574
242.248535	-61.071125
244.940186	-60.350979
247.631836	-59.996738
250.323486	-59.939121
253.015137	-59.527084
255.706787	-58.387478
258.398438	-58.587646
261.090088	-57.569008
263.781738	-55.974045
266.473389	-56.768139
269.165039	-56.258526
271.856689	-54.327587
274.548340	-54.250828
277.239990	-52.514469
279.931641	-53.368759
282.623291	-51.060959
285.314941	-51.207573
288.006592	-49.941872
290.698242	-48.444607
293.389893	-47.904289
296.081543	-48.963779
298.773193	-49.783760
301.464844	-48.433578
304.156494	-47.937702
306.848145	-48.856758
309.539795	-46.510590
312.231445	-46.597652
314.923096	-46.093189
317.614746	-46.386440
320.306396	-46.770275
322.998047	-46.737263
325.689697	-48.125248
328.381348	-48.805511
331.072998	-48.993244
333.764648	-49.176083
336.456299	-48.570248
339.147949	-49.443275
341.839600	-48.796566
344.531250	-49.998905
347.222900	-49.006462
349.914551	-49.722401
352.606201	-49.836418
355.297852	-50.285999
357.989502	-51.439880
360.681152	-52.232510
363.372803	-53.215248
366.064453	-51.646156
368.756104	-50.567516
371.447754	-51.812626
374.139404	-51.499554
376.831055	-50.687897
379.522705	-51.282238
382.214355	-50.591679
384.906006	-50.377522
387.597656	-50.870770
390.289307	-50.799339
392.980957	-50.880947
395.672607	-50.869316
398.364258	-51.554295
401.055908	-49.708946
403.747559	-50.984768
406.439209	-50.408855
409.130859	-50.791317
411.822510	-51.667358
414.514160	-51.195625
417.205811	-49.956432
419.897461	-50.187511
422.589111	-49.916950
425.280762	-49.980743
427.972412	-49.929413
430.664062	-49.426212
433.355713	-48.428719
436.047363	-49.860523
438.739014	-48.195904
441.430664	-48.913586
444.122314	-50.162601
446.813965	-49.064342
449.505615	-47.774502
452.197266	-47.117989
454.888916	-49.477066
457.580566	-49.329159
460.272217	-48.526066
462.963867	-49.522034
465.655518	-47.778778
468.347168	-48.563030
471.038818	-47.818447
473.730469	-46.319172
476.422119	-47.768158
479.113770	-46.664890
481.805420	-46.675465
484.497070	-46.182640
487.188721	-46.592167
489.880371	-46.254002
492.572021	-44.104103
495.263672	-44.787628
497.955322	-44.992126
500.646973	-44.533440
503.338623	-46.620827
506.030273	-44.234161
508.721924	-43.421265
511.413574	-44.290691
514.105225	-42.154099
516.796875	-43.051914
519.488525	-41.230999
522.180176	-41.895370
524.871826	-41.822308
527.563477	-41.407719
530.255127	-42.474751
532.946777	-41.952568
535.638428	-40.514481
538.330078	-41.853012
541.021729	-40.157852
543.713379	-40.299141
546.405029	-40.880688
549.096680	-40.073238
551.788330	-41.893276
554.479980	-40.625084
557.171631	-40.571667
559.863281	-40.735065
562.554932	-40.841866
565.246582	-40.508968
567.938232	-39.593281
570.629883	-40.160393
573.321533	-39.959248
576.013184	-40.096039
578.704834	-39.177795
581.396484	-38.482758
584.088135	-41.669418
586.779785	-41.329754
589.471436	-40.501820
592.163086	-42.088722
594.854736	-40.116585
597.546387	-40.566025
600.238037	-41.005543
602.929688	-41.126617
605.621338	-40.891533
608.312988	-41.411503
611.004639	-39.759205
613.696289	-41.087322
616.387939	-40.320869
619.079590	-40.805981
621.771240	-41.018539
624.462891	-41.979424
627.154541	-41.704224
629.846191	-41.155327
632.537842	-42.124390
635.229492	-42.536747
637.921143	-40.904335
640.612793	-41.230072
643.304443	-42.036018
645.996094	-43.051220
648.687744	-42.803062
651.379395	-41.421276
654.071045	-43.048065
656.762695	-41.236443
659.454346	-42.403683
662.145996	-42.396397
664.837646	-41.934586
667.529297	-42.869270
670.220947	-42.644218
672.912598	-42.875610
675.604248	-42.140293
678.295898	-42.984970
680.987549	-41.968067
683.679199	-43.278404
686.370850	-42.266891
689.062500	-41.574696
691.754150	-42.976711
694.445801	-41.530006
697.137451	-42.850563
699.829102	-42.380268
702.520752	-43.642361
705.212402	-42.771477
707.904053	-41.750477
710.595703	-43.480675
713.287354	-42.060802
715.979004	-42.284405
718.670654	-43.071133
721.362305	-43.101074
724.053955	-43.970047
726.745605	-42.729912
729.437256	-44.292488
732.128906	-45.516708
734.820557	-42.894043
737.512207	-42.777683
740.203857	-44.912445
742.895508	-43.190014
745.587158	-42.532570
748.278809	-43.461082
750.970459	-43.489971
753.662109	-43.961864
756.353760	-43.621284
759.045410	-43.201622
761.737061	-44.267113
764.428711	-44.430149
767.120361	-43.559048
769.812012	-43.882942
772.503662	-44.276459
775.195312	-43.328503
777.886963	-43.812382
780.578613	-43.852192
783.270264	-43.457275
785.961914	-43.557228
788.653564	-43.611156
791.345215	-44.219719
794.036865	-43.497082
796.728516	-42.788021
799.420166	-41.900288
802.111816	-43.362492
804.803467	-44.232635
807.495117	-43.772491
810.186768	-42.660328
812.878418	-41.719849
815.570068	-42.451527
818.261719	-42.190578
820.953369	-41.284607
823.645020	-41.688465
826.336670	-42.151676
829.028320	-42.044956
831.719971	-42.451591
834.411621	-41.303238
837.103271	-42.200657
839.794922	-40.524353
842.486572	-41.131962
845.178223	-41.931034
847.869873	-42.298588
850.561523	-42.334900
853.253174	-40.947491
855.944824	-40.796219
858.636475	-40.278721
861.328125	-40.287060
864.019775	-40.933949
866.711426	-41.660660
869.403076	-41.142952
872.094727	-40.344719
874.786377	-39.424656
877.478027	-41.677872
880.169678	-40.603386
882.861328	-40.247486
885.552979	-41.757957
888.244629	-40.354797
890.936279	-40.705608
893.627930	-39.322495
896.319580	-39.440025
899.011230	-39.812935
901.702881	-40.797775
904.394531	-41.106728
907.086182	-38.947929
909.777832	-38.380703
912.469482	-38.654575
915.161133	-38.975487
917.852783	-38.769566
920.544434	-39.679119
923.236084	-39.860283
925.927734	-38.867466
928.619385	-40.093597
931.311035	-37.601215
934.002686	-37.803375
936.694336	-39.022732
939.385986	-38.040249
942.077637	-37.878380
944.769287	-37.459885
947.460938	-37.915455
950.152588	-38.936024
952.844238	-37.825451
955.535889	-38.588676
958.227539	-38.810642
960.919189	-37.375305
963.610840	-36.294117
966.302490	-36.612064
968.994141	-36.657047
971.685791	-35.865128
974.377441	-35.492786
977.069092	-34.809662
979.760742	-37.520260
982.452393	-36.250465
985.144043	-37.151360
987.835693	-38.010216
990.527344	-37.818722
993.218994	-36.621086
995.910645	-37.188686
998.602295	-36.719852
1001.293945	-38.580563
1003.985596	-38.044922
1006.677246	-37.883469
1009.368896	-37.394855
1012.060547	-37.688339
1014.752197	-37.884850
1017.443848	-37.843582
1020.135498	-39.119568
1022.827148	-39.037384
1025.518799	-38.431782
1028.210449	-38.476349
1030.902100	-38.146133
1033.593750	-38.787746
1036.285400	-38.789513
1038.977051	-39.905956
1041.668701	-38.720787
1044.360352	-39.335976
1047.052002	-39.300285
1049.743652	-39.375793
1052.435303	-39.121265
1055.126953	-39.498291
1057.818604	-39.220356
1060.510254	-39.309406
1063.201904	-39.729034
1065.893555	-39.887089
1068.585205	-40.325470
1071.276855	-41.078072
1073.968506	-40.541462
1076.660156	-39.951134
1079.351807	-40.212284
1082.043457	-40.069965
1084.735107	-40.911736
1087.426758	-42.497982
1090.118408	-41.944565
1092.810059	-40.743217
1095.501709	-42.065876
1098.193359	-41.254677
1100.885010	-42.288578
1103.576660	-41.764267
1106.268311	-40.952126
1108.959961	-41.008953
1111.651611	-40.892410
1114.343262	-43.318848
1117.034912	-42.277481
1119.726562	-41.570271
1122.418213	-42.870136
1125.109863	-42.504372
1127.801514	-43.893005
1130.493164	-43.282143
1133.184814	-41.748142
1135.876465	-42.333996
1138.568115	-40.638153
1141.259766	-40.623379
1143.951416	-42.271866
1146.643066	-41.987045
1149.334717	-43.727970
1152.026367	-42.757286
1154.718018	-41.421780
1157.409668	-42.292751
1160.101318	-41.050823
1162.792969	-41.641201
1165.484619	-40.348339
1168.176270	-42.084736
1170.867920	-42.127075
1173.559570	-40.717197
1176.251221	-40.525791
1178.942871	-39.911312
1181.634521	-42.062401
1184.326172	-41.327229
1187.017822	-40.483223
1189.709473	-41.217529
1192.401123	-40.477875
1195.092773	-40.762783
1197.784424	-41.039524
1200.476074	-40.949448
1203.167725	-41.534843
1205.859375	-40.599743
1208.551025	-39.681255
1211.242676	-38.643547
1213.934326	-38.737598
1216.625977	-39.245140
1219.317627	-38.255768
1222.009277	-39.164368
1224.700928	-39.523521
1227.392578	-39.411186
1230.084229	-38.947437
1232.775879	-39.810482
1235.467529	-38.481968
1238.159180	-38.293430
1240.850830	-38.295113
1243.542480	-37.724010
1246.234131	-36.556095
1248.925781	-37.435688
1251.617432	-36.811142
1254.309082	-35.863976
1257.000732	-36.882614
1259.692383	-37.053272
1262.384033	-35.453945
1265.075684	-35.458538
1267.767334	-36.566422
1270.458984	-35.997234
1273.150635	-35.196167
1275.842285	-34.690201
1278.533936	-35.222904
1281.225586	-34.337257
1283.917236	-34.278820
1286.608887	-34.715160
1289.300537	-34.421555
1291.992188	-35.893826
1294.683838	-36.439342
1297.375488	-35.348831
1300.067139	-35.339367
1302.758789	-36.070244
1305.450439	-35.544888
1308.142090	-37.786552
1310.833740	-37.044212
1313.525391	-38.013996
1316.217041	-38.795303
1318.908691	-37.078041
1321.600342	-38.480488
1324.291992	-39.196804
1326.983643	-38.011452
1329.675293	-38.001755
1332.366943	-40.291576
1335.058594	-39.265705
1337.750244	-40.619068
1340.441895	-38.938034
1343.133545	-40.841423
1345.825195	-40.580479
1348.516846	-40.921009
1351.208496	-40.942951
1353.900146	-42.174065
1356.591797	-41.646275
1359.283447	-40.743561
1361.975098	-41.292645
1364.666748	-41.477463
1367.358398	-42.925888
1370.050049	-40.795887
1372.741699	-40.366901
1375.433350	-42.624763
1378.125000	-44.064037
1380.816650	-44.208256
1383.508301	-43.092228
1386.199951	-42.585133
1388.891602	-42.871101
1391.583252	-43.863224
1394.274902	-43.452576
1396.966553	-43.450390
1399.658203	-43.940964
1402.349854	-43.524902
1405.041504	-43.302006
1407.733154	-43.620399
1410.424805	-45.633942
1413.116455	-44.445511
1415.808105	-45.369774
1418.499756	-44.111294
1421.191406	-44.996254
1423.883057	-44.493156
1426.574707	-44.482548
1429.266357	-44.111626
1431.958008	-44.561554
1434.649658	-44.599182
1437.341309	-44.905315
1440.032959	-45.091419
1442.724609	-44.768784
1445.416260	-44.961857
1448.107910	-45.130249
1450.799561	-46.234818
1453.491211	-45.640396
1456.182861	-45.173820
1458.874512	-44.411079
1461.566162	-45.294132
1464.257812	-45.104073
1466.949463	-46.233521
1469.641113	-44.757755
1472.332764	-45.514339
1475.024414	-46.750774
1477.716064	-45.658424
1480.407715	-45.058968
1483.099365	-46.847954
1485.791016	-45.837448
1488.482666	-46.360111
1491.174316	-46.596794
1493.865967	-47.230686
1496.557617	-46.959549
1499.249268	-46.016037
1501.940918	-45.362766
1504.632568	-45.457882
1507.324219	-45.407074
1510.015869	-44.851944
1512.707520	-45.241051
1515.399170	-45.667419
1518.090820	-45.115974
1520.782471	-44.665806
1523.474121	-45.241943
1526.165771	-43.248150
1528.857422	-43.733738
1531.549072	-44.536552
1534.240723	-44.985092
1536.932373	-44.818470
1539.624023	-45.762791
1542.315674	-44.809456
1545.007324	-45.177059
1547.698975	-43.616440
1550.390625	-44.268059
1553.082275	-43.570244
1555.773926	-44.989296
1558.465576	-43.979446
1561.157227	-44.008118
1563.848877	-42.749226
1566.540527	-43.617592
1569.232178	-42.640987
1571.923828	-43.773060
1574.615479	-41.778332
1577.307129	-42.176155
1579.998779	-42.584633
1582.690430	-42.801403
1585.382080	-41.830833
1588.073730	-40.219753
1590.765381	-40.230618
1593.457031	-40.945507
1596.148682	-40.664768
1598.840332	-42.249939
1601.531982	-39.923828
1604.223633	-40.404243
1606.915283	-39.938412
1609.606934	-38.603031
1612.298584	-39.184727
1614.990234	-36.661953
1617.681885	-37.626846
1620.373535	-37.874744
1623.065186	-37.299561
1625.756836	-37.724892
1628.448486	-37.678017
1631.140137	-37.656605
1633.831787	-37.085117
1636.523438	-38.141918
1639.215088	-35.957623
1641.906738	-36.585552
1644.598389	-37.106728
1647.290039	-37.861782
1649.981689	-37.403557
1652.673340	-38.040096
1655.364990	-38.274830
1658.056641	-36.509060
1660.748291	-37.813080
1663.439941	-37.615101
1666.131592	-39.047516
1668.823242	-39.860088
1671.514893	-40.089828
1674.206543	-39.863689
1676.898193	-40.178612
1679.589844	-40.036053
1682.281494	-39.899490
1684.973145	-42.037479
1687.664795	-40.741287
1690.356445	-41.718048
1693.048096	-42.547359
1695.739746	-42.239487
1698.431396	-42.433556
1701.123047	-42.296257
1703.814697	-43.423359
1706.506348	-43.184162
1709.197998	-44.572533
1711.889648	-42.944202
1714.581299	-44.671978
1717.272949	-43.781364
1719.964600	-43.246601
1722.656250	-43.940670
1725.347900	-44.094498
1728.039551	-43.244915
1730.731201	-45.066952
1733.422852	-45.224754
1736.114502	-45.776966
1738.806152	-46.722290
1741.497803	-45.626740
1744.189453	-46.002209
1746.881104	-45.865055
1749.572754	-47.056362
1752.264404	-47.150295
1754.956055	-46.843960
1757.647705	-47.688892
1760.339355	-47.504314
1763.031006	-47.815144
1765.722656	-48.422768
1768.414307	-48.713089
1771.105957	-46.637203
1773.797607	-47.440144
1776.489258	-46.777451
1779.180908	-47.805141
1781.872559	-47.919083
1784.564209	-48.717720
1787.255859	-47.861885
1789.947510	-49.256119
1792.639160	-49.191505
1795.330811	-48.880959
1798.022461	-47.789261
1800.714111	-48.915310
1803.405762	-48.229824
1806.097412	-48.938160
1808.789062	-49.674232
1811.480713	-50.137226
1814.172363	-47.404850
1816.864014	-48.782288
1819.555664	-48.744560
1822.247314	-47.997414
1824.938965	-47.785625
1827.630615	-49.391323
1830.322266	-48.992096
1833.013916	-48.294914
1835.705566	-50.045994
1838.397217	-48.697784
1841.088867	-48.823090
1843.780518	-49.969982
1846.472168	-49.566967
1849.163818	-49.745796
1851.855469	-49.098930
1854.547119	-48.574333
1857.238770	-49.619751
1859.930420	-49.925457
1862.622070	-49.119526
1865.313721	-48.089878
1868.005371	-48.921432
1870.697021	-48.629272
1873.388672	-47.926262
1876.080322	-48.218582
1878.771973	-46.961437
1881.463623	-48.628838
1884.155273	-50.345901
1886.846924	-48.584995
1889.538574	-47.451004
1892.230225	-48.678505
1894.921875	-49.838348
1897.613525	-48.383373
1900.305176	-47.686733
1902.996826	-46.971157
1905.688477	-46.627674
1908.380127	-48.626186
1911.071777	-47.118019
1913.763428	-46.184551
1916.455078	-46.371952
1919.146729	-46.269600
1921.838379	-46.673382
1924.530029	-45.465454
1927.221680	-45.537983
1929.913330	-45.215664
1932.604980	-45.982437
1935.296631	-44.495132
1937.988281	-45.428913
1940.679932	-44.570499
1943.371582	-44.992477
1946.063232	-45.663754
1948.754883	-44.640392
1951.446533	-44.108574
1954.138184	-44.582859
1956.829834	-44.485435
1959.521484	-42.038059
1962.213135	-42.449093
1964.904785	-43.172260
1967.596436	-42.328255
1970.288086	-43.034241
1972.979736	-41.979691
1975.671387	-42.358448
1978.363037	-41.448433
1981.054688	-39.928051
1983.746338	-40.670334
1986.437988	-40.926090
1989.129639	-39.750053
1991.821289	-38.758915
1994.512939	-38.531624
1997.204590	-40.632607
1999.896240	-39.851566
2002.587891	-39.038425
2005.279541	-39.386330
2007.971191	-38.148632
2010.662842	-39.109138
2013.354492	-38.874073
2016.046143	-37.189880
2018.737793	-38.637726
2021.429443	-38.979462
2024.121094	-39.467041
2026.812744	-38.963943
2029.504395	-39.561138
2032.196045	-39.682331
2034.887695	-41.095913
2037.579346	-40.127769
2040.270996	-39.674438
2042.962646	-41.679077
2045.654297	-40.101044
2048.345947	-40.653183
2051.037598	-40.996208
2053.729248	-42.153587
2056.420898	-42.261093
2059.112549	-42.099022
2061.804199	-42.764820
2064.495850	-43.443012
2067.187500	-44.249126
2069.879150	-44.585068
2072.570801	-44.194321
2075.262451	-44.442696
2077.954102	-44.175232
2080.645752	-46.446293
2083.337402	-45.621685
2086.029053	-46.452747
2088.720703	-44.665497
2091.412354	-46.682899
2094.104004	-45.920559
2096.795654	-46.936234
2099.487305	-47.213997
2102.178955	-46.327766
2104.870605	-47.453217
2107.562256	-48.379211
2110.253906	-48.031929
2112.945557	-48.665047
2115.637207	-48.540066
2118.328857	-48.732880
2121.020508	-48.304726
2123.712158	-48.080463
2126.403809	-48.247620
2129.095459	-49.276138
2131.787109	-48.893154
2134.478760	-48.179989
2137.170410	-48.656059
2139.862061	-49.229046
2142.553711	-48.758572
2145.245361	-47.985615
2147.937012	-48.955521
2150.628662	-49.625004
2153.320312	-48.805950
2156.011963	-49.216537
2158.703613	-49.388367
2161.395264	-49.439213
2164.086914	-50.245548
2166.778564	-50.222637
2169.470215	-50.674839
2172.161865	-50.596302
2174.853516	-49.699341
2177.545166	-49.957439
2180.236816	-49.892891
2182.928467	-50.246544
2185.620117	-49.364281
2188.311768	-50.107555
2191.003418	-50.717606
2193.695068	-50.166210
2196.386719	-52.832233
2199.078369	-49.484821
2201.770020	-49.843578
2204.461670	-49.900105
2207.153320	-49.772198
2209.844971	-49.129440
2212.536621	-49.977524
2215.228271	-50.864201
2217.919922	-51.026909
2220.611572	-49.891773
2223.303223	-51.082035
2225.994873	-52.655720
2228.686523	-50.159153
2231.378174	-50.510067
2234.069824	-51.595879
2236.761475	-50.673477
2239.453125	-49.466106
2242.144775	-50.288551
2244.836426	-51.086411
2247.528076	-50.079098
2250.219727	-49.154659
2252.911377	-50.292698
2255.603027	-50.115440
2258.294678	-48.916176
2260.986328	-49.903587
2263.677979	-49.406342
2266.369629	-49.074982
2269.061279	-49.689640
2271.752930	-50.642708
2274.444580	-49.589211
2277.136230	-49.187279
2279.827881	-47.748497
2282.519531	-48.924835
2285.211182	-47.991642
2287.902832	-47.840080
2290.594482	-49.034264
2293.286133	-47.812969
2295.977783	-48.734947
2298.669434	-48.958298
2301.361084	-49.757164
2304.052734	-47.652325
2306.744385	-47.426991
2309.436035	-48.718155
2312.127686	-47.814487
2314.819336	-46.306473
2317.510986	-46.550495
2320.202637	-47.030540
2322.894287	-47.722843
2325.585938	-46.718922
2328.277588	-45.711372
2330.969238	-46.749134
2333.660889	-45.618256
2336.352539	-44.254818
2339.044189	-43.989254
2341.735840	-43.750229
2344.427490	-46.001019
2347.119141	-42.983479
2349.810791	-43.496426
2352.502441	-43.590477
2355.194092	-44.846188
2357.885742	-43.771744
2360.577393	-42.489277
2363.269043	-44.074425
2365.960693	-41.513794
2368.652344	-42.609898
2371.343994	-41.083447
2374.035645	-40.901337
2376.727295	-40.628342
2379.418945	-40.839169
2382.110596	-41.693325
2384.802246	-40.133205
2387.493896	-39.154312
2390.185547	-40.383945
2392.877197	-39.052917
2395.568848	-38.557049
2398.260498	-38.540775
2400.952148	-38.441151
2403.643799	-37.885994
2406.335449	-39.221420
2409.027100	-39.047119
2411.718750	-40.777580
2414.410400	-39.522526
2417.102051	-40.002262
2419.793701	-40.272579
2422.485352	-40.029453
2425.177002	-40.794918
2427.868652	-43.569416
2430.560303	-43.153923
2433.251953	-42.002644
2435.943604	-41.769009
2438.635254	-44.791504
2441.326904	-42.690235
2444.018555	-44.327408
2446.710205	-45.004875
2449.401855	-45.237698
2452.093506	-46.295902
2454.785156	-45.678963
2457.476807	-47.653801
2460.168457	-46.314861
2462.860107	-46.289974
2465.551758	-45.768177
2468.243408	-46.381935
2470.935059	-47.352833
2473.626709	-48.150391
2476.318359	-47.730495
2479.010010	-47.741219
2481.701660	-47.884262
2484.393311	-47.281689
2487.084961	-47.426716
2489.776611	-47.127640
2492.468262	-49.977192
2495.159912	-48.759701
2497.851562	-50.887115
2500.543213	-49.551571
2503.234863	-49.910034
2505.926514	-49.423172
2508.618164	-50.053234
2511.309814	-49.362614
2514.001465	-48.857784
2516.693115	-49.474243
2519.384766	-49.335945
2522.076416	-51.397449
2524.768066	-50.801987
2527.459717	-49.782623
2530.151367	-51.813095
2532.843018	-50.873280
2535.534668	-50.398705
2538.226318	-52.101608
2540.917969	-52.147217
2543.609619	-51.040833
2546.301270	-51.815449
2548.992920	-51.615383
2551.684570	-50.925110
2554.376221	-51.645679
2557.067871	-52.858791
2559.759521	-50.853535
2562.451172	-51.096809
2565.142822	-50.587616
2567.834473	-52.852623
2570.526123	-51.909527
2573.217773	-51.805229
2575.909424	-50.089645
2578.601074	-50.721813
2581.292725	-51.538746
2583.984375	-50.256588
2586.676025	-51.763016
2589.367676	-51.324478
2592.059326	-51.808022
2594.750977	-51.980145
2597.442627	-51.812679
2600.134277	-53.281219
2602.825928	-50.829842
2605.517578	-51.967941
2608.209229	-51.428692
2610.900879	-51.079914
2613.592529	-51.891556
2616.284180	-50.792999
2618.975830	-51.300140
2621.667480	-53.405243
2624.359131	-51.239208
2627.050781	-49.906948
2629.742432	-51.012276
2632.434082	-52.057259
2635.125732	-51.469482
2637.817383	-50.204540
2640.509033	-49.879398
2643.200684	-51.036400
2645.892334	-50.657936
2648.583984	-51.041031
2651.275635	-50.716316
2653.967285	-52.328991
2656.658936	-48.411999
2659.350586	-51.159325
2662.042236	-49.978096
2664.733887	-50.456573
2667.425537	-49.475769
2670.117188	-48.902618
2672.808838	-49.731316
2675.500488	-50.611301
2678.192139	-49.562672
2680.883789	-49.949535
2683.575439	-48.472473
2686.267090	-48.296032
2688.958740	-48.264351
2691.650391	-49.679432
2694.342041	-48.877285
2697.033691	-48.314983
2699.725342	-47.163433
2702.416992	-49.228004
2705.108643	-47.406857
2707.800293	-48.845955
2710.491943	-49.011600
2713.183594	-47.798073
2715.875244	-47.440620
2718.566895	-47.299706
2721.258545	-45.607967
2723.950195	-46.667782
2726.641846	-46.403141
2729.333496	-46.439999
2732.025146	-44.178864
2734.716797	-46.540611
2737.408447	-44.358868
2740.100098	-44.515285
2742.791748	-42.636185
2745.483398	-43.529800
2748.175049	-44.045555
2750.866699	-43.615772
2753.558350	-43.284866
2756.250000	-43.129044
2758.941650	-43.460121
2761.633301	-42.123489
2764.324951	-42.333012
2767.016602	-40.581024
2769.708252	-41.546230
2772.399902	-41.253040
2775.091553	-40.608494
2777.783203	-39.614941
2780.474854	-40.138229
2783.166504	-40.648499
2785.858154	-41.344627
2788.549805	-39.957054
2791.241455	-41.491497
2793.933105	-40.755192
2796.624756	-41.530197
2799.316406	-40.990368
2802.008057	-41.108509
2804.699707	-42.981377
2807.391357	-43.341194
2810.083008	-42.543495
2812.774658	-42.819790
2815.466309	-43.787338
2818.157959	-45.386421
2820.849609	-45.004242
2823.541260	-45.168007
2826.232910	-44.507565
2828.924561	-46.343506
2831.616211	-45.712978
2834.307861	-46.177498
2836.999512	-46.247368
2839.691162	-48.302284
2842.382812	-47.161438
2845.074463	-46.878876
2847.766113	-48.594994
2850.457764	-48.929623
2853.149414	-48.724449
2855.841064	-48.420536
2858.532715	-49.354420
2861.224365	-50.073299
2863.916016	-49.474354
2866.607666	-49.787876
2869.299316	-47.977554
2871.990967	-49.730553
2874.682617	-50.733238
2877.374268	-51.266136
2880.065918	-50.339142
2882.757568	-51.651722
2885.449219	-53.962692
2888.140869	-52.509804
2890.832520	-50.691738
2893.524170	-51.330612
2896.215820	-51.841084
2898.907471	-51.782509
2901.599121	-52.391903
2904.290771	-51.961952
2906.982422	-51.845142
2909.674072	-51.447212
2912.365723	-51.833439
2915.057373	-52.706146
2917.749023	-51.448757
2920.440674	-52.174255
2923.132324	-53.157619
2925.823975	-54.504093
2928.515625	-51.564266
2931.207275	-52.884548
2933.898926	-53.058739
2936.590576	-53.144154
2939.282227	-53.589035
2941.973877	-54.546883
2944.665527	-54.022808
2947.357178	-53.658123
2950.048828	-54.426819
2952.740479	-52.811008
2955.432129	-52.313675
2958.123779	-52.603500
2960.815430	-52.825874
2963.507080	-54.555687
2966.198730	-52.894341
2968.890381	-52.668301
2971.582031	-53.209957
2974.273682	-53.242172
2976.965332	-52.508160
2979.656982	-53.582169
2982.348633	-53.313892
2985.040283	-52.783001
2987.731934	-53.206814
2990.423584	-53.025017
2993.115234	-53.164948
2995.806885	-52.680016
2998.498535	-51.990410
3001.190186	-52.520985
3003.881836	-53.185539
3006.573486	-53.016075
3009.265137	-52.473953
3011.956787	-53.292202
3014.648438	-52.729927
3017.340088	-51.929222
3020.031738	-51.595482
3022.723389	-52.146774
3025.415039	-51.042107
3028.106689	-52.325485
3030.798340	-52.778652
3033.489990	-52.841694
3036.181641	-53.666782
3038.873291	-52.739769
3041.564941	-51.967789
3044.256592	-53.202969
3046.948242	-52.420876
3049.639893	-50.381405
3052.331543	-51.568676
3055.023193	-51.993660
3057.714844	-51.127884
3060.406494	-50.906956
3063.098145	-51.639427
3065.789795	-50.715977
3068.481445	-51.103603
3071.173096	-51.144817
3073.864746	-49.514637
3076.556396	-50.426189
3079.248047	-51.235191
3081.939697	-49.837917
3084.631348	-49.497829
3087.322998	-49.030022
3090.014648	-47.992332
3092.706299	-49.144291
3095.397949	-49.330193
3098.089600	-48.528877
3100.781250	-48.240105
3103.472900	-48.766815
3106.164551	-47.330654
3108.856201	-48.061749
3111.547852	-45.875210
3114.239502	-47.974308
3116.931152	-45.839260
3119.622803	-46.114311
3122.314453	-46.705936
3125.006104	-45.805603
3127.697754	-45.379864
3130.389404	-44.710861
3133.081055	-46.205853
3135.772705	-46.158096
3138.464355	-44.826641
3141.156006	-44.157776
3143.847656	-44.973854
3146.539307	-43.506214
3149.230957	-42.921047
3151.922607	-43.924236
3154.614258	-43.242493
3157.305908	-40.958698
3159.997559	-43.408501
3162.689209	-41.867916
3165.380859	-42.343903
3168.072510	-41.880653
3170.764160	-43.253017
3173.455811	-42.913181
3176.147461	-40.906925
3178.839111	-43.263355
3181.530762	-41.601261
3184.222412	-42.292793
3186.914062	-43.398178
3189.605713	-44.787361
3192.297363	-43.839508
3194.989014	-43.629414
3197.680664	-44.495586
3200.372314	-44.973644
3203.063965	-45.766724
3205.755615	-45.179390
3208.447266	-44.968376
3211.138916	-46.223362
3213.830566	-45.935371
3216.522217	-46.138844
3219.213867	-45.902336
3221.905518	-47.241776
3224.597168	-47.093311
3227.288818	-46.303387
3229.980469	-47.403221
3232.672119	-49.897533
3235.363770	-49.365681
3238.055420	-49.475868
3240.747070	-49.274239
3243.438721	-50.379395
3246.130371	-50.207909
3248.822021	-49.111504
3251.513672	-48.882923
3254.205322	-48.803654
3256.896973	-50.333992
3259.588623	-49.260376
3262.280273	-50.764408
3264.971924	-50.896511
3267.663574	-50.090904
3270.355225	-50.411617
3273.046875	-50.990414
3275.738525	-51.475067
3278.430176	-52.210342
3281.121826	-51.669819
3283.813477	-50.091206
3286.505127	-52.723351
3289.196777	-52.404236
3291.888428	-51.312336
3294.580078	-50.775948
3297.271729	-52.529598
3299.963379	-52.357407
3302.655029	-51.330933
3305.346680	-51.768288
3308.038330	-53.441761
3310.729980	-52.705154
3313.421631	-52.869205
3316.113281	-53.212006
3318.804932	-53.343060
3321.496582	-52.163258
3324.188232	-53.491882
3326.879883	-54.260006
3329.571533	-51.971737
3332.263184	-53.274021
3334.954834	-52.539627
3337.646484	-53.894444
3340.338135	-52.955723
3343.029785	-53.324749
3345.721436	-52.917965
3348.413086	-54.265888
3351.104736	-54.562901
3353.796387	-54.975559
3356.488037	-54.840347
3359.179688	-52.231377
3361.871338	-52.970772
3364.562988	-52.727798
3367.254639	-54.085022
3369.946289	-52.701466
3372.637939	-54.655437
3375.329590	-52.802872
3378.021240	-53.146473
3380.712891	-53.038982
3383.404541	-52.331219
3386.096191	-53.421337
3388.787842	-54.532982
3391.479492	-54.541218
3394.171143	-53.196609
3396.862793	-52.770767
3399.554443	-52.880459
3402.246094	-55.401604
3404.937744	-54.169903
3407.629395	-53.230145
3410.321045	-54.312538
3413.012695	-52.889015
3415.704346	-52.806103
3418.395996	-53.585464
3421.087646	-52.691387
3423.779297	-51.120880
3426.470947	-52.312611
3429.162598	-52.287247
3431.854248	-52.295631
3434.545898	-52.196236
3437.237549	-52.038921
3439.929199	-52.256691
3442.620850	-51.260216
3445.312500	-51.125420
3448.004150	-50.911221
3450.695801	-51.938858
3453.387451	-52.801388
3456.079102	-50.932632
3458.770752	-49.949940
3461.462402	-51.203354
3464.154053	-50.848080
3466.845703	-49.926956
3469.537354	-49.352386
3472.229004	-50.005322
3474.920654	-48.888786
3477.612305	-50.247303
3480.303955	-48.565758
3482.995605	-49.116444
3485.687256	-49.456432
3488.378906	-47.932308
3491.070557	-49.345234
3493.762207	-47.190769
3496.453857	-47.835945
3499.145508	-48.971790
3501.837158	-47.205631
3504.528809	-47.889042
3507.220459	-48.293560
3509.912109	-45.938442
3512.603760	-46.058586
3515.295410	-45.259460
3517.987061	-45.682316
3520.678711	-45.532444
3523.370361	-44.500305
3526.062012	-44.579815
3528.753662	-44.744995
3531.445312	-45.326206
3534.136963	-44.542961
3536.828613	-42.753666
3539.520264	-42.581753
3542.211914	-42.410381
3544.903564	-41.990845
3547.595215	-42.415802
3550.286865	-41.559013
3552.978516	-42.216827
3555.670166	-41.270332
3558.361816	-41.445900
3561.053467	-41.868492
3563.745117	-42.943527
3566.436768	-42.566360
3569.128418	-43.497219
3571.820068	-42.199635
3574.511719	-43.261921
3577.203369	-42.989407
3579.895020	-43.631409
3582.586670	-44.606728
3585.278320	-43.040585
3587.969971	-43.623123
3590.661621	-43.818512
3593.353271	-44.345730
3596.044922	-44.599724
3598.736572	-45.580795
3601.428223	-47.078156
3604.119873	-46.396469
3606.811523	-48.453571
3609.503174	-47.034534
3612.194824	-46.842869
3614.886475	-48.029400
3617.578125	-46.994255
3620.269775	-49.626137
3622.961426	-47.378223
3625.653076	-48.920528
3628.344727	-48.587036
3631.036377	-48.982655
3633.728027	-49.311417
3636.419678	-49.633938
3639.111328	-49.766857
3641.802979	-49.677219
3644.494629	-52.906940
3647.186279	-50.625496
3649.877930	-50.810455
3652.569580	-51.760509
3655.261230	-50.768276
3657.952881	-50.558949
3660.644531	-50.203037
3663.336182	-50.938271
3666.027832	-51.736881
3668.719482	-51.384094
3671.411133	-51.684265
3674.102783	-50.262043
3676.794434	-51.639191
3679.486084	-51.973171
3682.177734	-52.440975
3684.869385	-52.203636
3687.561035	-52.049435
3690.252686	-53.095222
3692.944336	-52.083008
3695.635986	-53.814857
3698.327637	-52.258713
3701.019287	-53.567211
3703.710938	-54.301155
3706.402588	-54.627335
3709.094238	-53.479019
3711.785889	-52.318462
3714.477539	-52.758850
3717.169189	-53.354012
3719.860840	-52.986198
3722.552490	-53.716789
3725.244141	-52.800686
3727.935791	-53.603851
3730.627441	-53.955349
3733.319092	-54.510742
3736.010742	-53.104919
3738.702393	-53.128578
3741.394043	-53.697174
3744.085693	-54.496506
3746.777344	-53.031223
3749.468994	-54.723885
3752.160645	-53.547749
3754.852295	-52.693882
3757.543945	-53.900913
3760.235596	-53.780560
3762.927246	-53.041363
3765.618896	-52.783485
3768.310547	-53.789932
3771.002197	-53.517120
3773.693848	-54.098446
3776.385498	-53.113842
3779.077148	-52.710735
3781.768799	-54.284927
3784.460449	-53.270241
3787.152100	-52.874866
3789.843750	-54.132019
3792.535400	-53.501549
3795.227051	-53.732868
3797.918701	-54.416801
3800.610352	-53.091953
3803.302002	-53.199219
3805.993652	-52.925282
3808.685303	-52.649612
3811.376953	-53.257481
3814.068604	-53.678516
3816.760254	-52.539021
3819.451904	-51.601715
3822.143555	-52.036373
3824.835205	-51.730190
3827.526855	-51.488575
3830.218506	-52.736683
3832.910156	-52.358604
3835.601807	-51.908688
3838.293457	-52.812424
3840.985107	-50.624409
3843.676758	-51.054226
3846.368408	-50.791649
3849.060059	-52.393570
3851.751709	-51.244305
3854.443359	-49.968082
3857.135010	-52.101562
3859.826660	-51.329445
3862.518311	-50.451603
3865.209961	-49.342400
3867.901611	-49.884094
3870.593262	-50.696049
3873.284912	-49.818069
3875.976562	-49.772972
3878.668213	-50.449444
3881.359863	-49.544003
3884.051514	-49.801743
3886.743164	-49.534683
3889.434814	-48.547134
3892.126465	-47.846390
3894.818115	-48.099277
3897.509766	-46.661629
3900.201416	-48.246735
3902.893066	-47.589455
3905.584717	-45.179428
3908.276367	-45.465805
3910.968018	-46.128189
3913.659668	-45.273212
3916.351318	-44.006989
3919.042969	-45.061142
3921.734619	-43.002201
3924.426270	-43.583904
3927.117920	-44.767738
3929.809570	-44.159004
3932.501221	-42.868946
3935.192871	-42.565681
3937.884521	-42.325386
3940.576172	-42.077789
3943.267822	-43.195950
3945.959473	-43.167217
3948.651123	-43.061428
3951.342773	-42.038403
3954.034424	-41.374783
3956.726074	-41.773808
3959.417725	-43.650616
3962.109375	-42.911903
3964.801025	-42.320042
3967.492676	-43.024593
3970.184326	-42.923943
3972.875977	-43.924038
3975.567627	-43.766701
3978.259277	-43.424992
3980.950928	-44.766029
3983.642578	-45.258266
3986.334229	-46.105686
3989.025879	-45.678410
3991.717529	-45.896225
3994.409180	-46.015167
3997.100830	-45.960033
3999.792480	-47.134895
4002.484131	-47.235714
4005.175781	-47.779003
4007.867432	-48.609035
4010.559082	-47.935196
4013.250732	-50.048180
4015.942383	-48.517040
4018.634033	-48.739861
4021.325684	-49.588001
4024.017334	-48.543346
4026.708984	-49.655487
4029.400635	-49.589687
4032.092285	-49.532288
4034.783936	-50.539070
4037.475586	-50.943737
4040.167236	-49.553253
4042.858887	-50.215530
4045.550537	-51.075237
4048.242188	-51.329475
4050.933838	-50.706036
4053.625488	-51.381008
4056.317139	-51.340836
4059.008789	-51.796005
4061.700439	-52.805504
4064.392090	-52.982597
4067.083740	-52.373360
4069.775391	-54.799335
4072.467041	-53.116802
4075.158691	-53.022507
4077.850342	-53.823448
4080.541992	-52.659760
4083.233643	-52.877342
4085.925293	-52.436703
4088.616943	-53.421352
4091.308594	-53.973572
4094.000244	-53.400658
4096.691895	-52.692112
4099.383545	-53.172852
4102.075195	-53.323124
4104.766846	-53.102062
4107.458496	-52.346760
4110.150146	-55.299839
4112.841797	-54.535099
4115.533447	-54.170254
4118.225098	-54.778675
4120.916748	-53.706974
4123.608398	-53.942596
4126.300049	-53.836979
4128.991699	-54.533909
4131.683350	-53.018826
4134.375000	-53.996998
4137.066650	-55.141850
4139.758301	-54.751781
4142.449951	-54.268173
4145.141602	-54.104317
4147.833252	-54.605301
4150.524902	-53.070057
4153.216553	-53.279369
4155.908203	-55.086864
4158.599854	-54.573662
4161.291504	-53.719372
4163.983154	-53.379864
4166.674805	-53.069130
4169.366455	-53.745228
4172.058105	-54.537567
4174.749756	-53.180870
4177.441406	-54.571465
4180.133057	-53.547554
4182.824707	-53.884514
4185.516357	-53.864258
4188.208008	-53.521927
4190.899658	-52.792656
4193.591309	-53.584164
4196.282959	-54.799011
4198.974609	-53.738132
4201.666260	-52.792789
4204.357910	-52.685478
4207.049561	-53.449039
4209.741211	-51.935677
4212.432861	-53.793804
4215.124512	-51.276962
4217.816162	-53.215622
4220.507812	-51.635094
4223.199463	-51.937695
4225.891113	-52.749210
4228.582764	-51.054070
4231.274414	-52.790096
4233.966064	-51.903877
4236.657715	-53.128071
4239.349365	-51.062412
4242.041016	-51.591953
4244.732666	-51.741238
4247.424316	-50.524395
4250.115967	-51.928608
4252.807617	-50.753166
4255.499268	-51.497864
4258.190918	-51.113480
4260.882568	-50.661079
4263.574219	-50.405769
4266.265869	-49.675922
4268.957520	-49.795933
4271.649170	-48.229763
4274.340820	-48.427570
4277.032471	-49.261238
4279.724121	-48.400043
4282.415771	-48.240128
4285.107422	-47.768314
4287.799072	-47.140053
4290.490723	-49.135017
4293.182373	-47.331654
4295.874023	-47.419559
4298.565674	-45.289387
4301.257324	-45.990089
4303.948975	-46.628204
4306.640625	-45.510880
4309.332275	-45.339230
4312.023926	-44.747231
4314.715576	-44.130108
4317.407227	-43.009624
4320.098877	-43.904633
4322.790527	-43.259930
4325.482178	-41.399090
4328.173828	-42.176533
4330.865479	-42.108501
4333.557129	-41.566307
4336.248779	-40.959656
4338.940430	-40.922482
4341.632080	-41.560692
4344.323730	-41.946579
4347.015381	-41.978729
4349.707031	-41.839622
4352.398682	-43.297176
4355.090332	-42.847828
4357.781982	-42.869884
4360.473633	-43.873199
4363.165283	-43.545170
4365.856934	-43.733261
4368.548584	-43.867825
4371.240234	-44.682507
4373.931885	-45.647980
4376.623535	-45.638458
4379.315186	-46.239639
4382.006836	-45.985786
4384.698486	-45.854553
4387.390137	-47.334915
4390.081787	-45.701183
4392.773438	-47.324780
4395.465088	-48.233307
4398.156738	-48.848595
4400.848389	-48.796562
4403.540039	-49.187180
4406.231689	-48.160954
4408.923340	-49.560833
4411.614990	-48.855827
4414.306641	-50.455723
4416.998291	-50.734081
4419.689941	-50.013184
4422.381592	-49.539165
4425.073242	-49.792568
4427.764893	-49.207832
4430.456543	-51.755337
4433.148193	-52.236313
4435.839844	-50.322411
4438.531494	-51.305809
4441.223145	-51.648193
4443.914795	-51.461018
4446.606445	-52.315777
4449.298096	-52.612793
4451.989746	-51.739269
4454.681396	-52.485291
4457.373047	-52.355103
4460.064697	-53.048862
4462.756348	-52.381817
4465.447998	-53.926712
4468.139648	-52.106716
4470.831299	-53.580864
4473.522949	-52.673405
4476.214600	-52.041847
4478.906250	-54.491005
4481.597900	-54.047100
4484.289551	-53.200424
4486.981201	-53.496216
4489.672852	-52.920494
4492.364502	-52.721485
4495.056152	-54.431255
4497.747803	-52.724274
4500.439453	-54.527527
4503.131104	-52.709019
4505.822754	-53.440853
4508.514404	-52.703159
4511.206055	-52.983471
4513.897705	-53.639111
4516.589355	-54.191753
4519.281006	-54.038029
4521.972656	-53.394283
4524.664307	-55.114063
4527.355957	-53.927246
4530.047607	-54.622757
4532.739258	-53.929451
4535.430908	-54.455418
4538.122559	-55.329105
4540.814209	-55.533039
4543.505859	-54.092281
4546.197510	-53.960869
4548.889160	-53.907013
4551.580811	-53.744453
4554.272461	-54.478516
4556.964111	-53.833324
4559.655762	-53.221935
4562.347412	-53.548374
4565.039062	-54.238106
4567.730713	-53.461899
4570.422363	-53.317318
4573.114014	-52.460251
4575.805664	-52.855003
4578.497314	-53.201733
4581.188965	-52.872807
4583.880615	-51.737568
4586.572266	-53.300751
4589.263916	-53.099907
4591.955566	-53.003010
4594.647217	-53.678467
4597.338867	-53.535503
4600.030518	-53.461353
4602.722168	-54.172951
4605.413818	-52.082256
4608.105469	-52.978031
4610.797119	-52.115276
4613.488770	-51.898663
4616.180420	-52.079945
4618.872070	-51.706493
4621.563721	-52.176128
4624.255371	-53.164688
4626.947021	-51.307926
4629.638672	-49.822586
4632.330322	-50.003101
4635.021973	-50.647263
4637.713623	-51.113243
4640.405273	-50.748760
4643.096924	-51.217079
4645.788574	-49.110542
4648.480225	-48.723183
4651.171875	-49.809258
4653.863525	-51.300587
4656.555176	-50.041080
4659.246826	-47.890381
4661.938477	-48.813927
4664.630127	-49.260754
4667.321777	-47.726795
4670.013428	-46.480331
4672.705078	-47.820202
4675.396729	-48.577366
4678.088379	-47.652691
4680.780029	-46.850258
4683.471680	-46.677578
4686.163330	-46.375332
4688.854980	-45.470570
4691.546631	-46.125351
4694.238281	-44.962395
4696.929932	-44.031780
4699.621582	-45.230076
4702.313232	-44.532246
4705.004883	-44.481071
4707.696533	-43.125351
4710.388184	-41.383472
4713.079834	-41.264233
4715.771484	-41.557079
4718.463135	-41.254086
4721.154785	-42.378502
4723.846436	-43.062107
4726.538086	-41.333748
4729.229736	-41.868710
4731.921387	-41.443596
4734.613037	-40.080193
4737.304688	-40.909481
4739.996338	-42.850258
4742.687988	-43.131821
4745.379639	-42.487293
4748.071289	-42.742329
4750.762939	-44.453247
4753.454590	-41.537624
4756.146240	-42.890862
4758.837891	-43.658184
4761.529541	-43.562714
4764.221191	-44.785702
4766.912842	-45.711517
4769.604492	-45.666256
4772.296143	-46.202522
4774.987793	-47.337379
4777.679443	-46.956139
4780.371094	-46.160259
4783.062744	-46.985600
4785.754395	-48.219383
4788.446045	-48.712612
4791.137695	-48.304371
4793.829346	-49.097897
4796.520996	-48.910767
4799.212646	-49.548004
4801.904297	-49.940712
4804.595947	-47.782673
4807.287598	-50.348831
4809.979248	-49.774391
4812.670898	-50.566120
4815.362549	-48.828148
4818.054199	-48.252899
4820.745850	-51.290085
4823.437500	-51.123631
4826.129150	-51.422943
4828.820801	-51.456123
4831.512451	-51.491138
4834.204102	-50.464890
4836.895752	-51.531113
4839.587402	-52.398560
4842.279053	-51.157024
4844.970703	-53.712811
4847.662354	-51.312695
4850.354004	-52.289913
4853.045654	-52.167660
4855.737305	-51.652824
4858.428955	-53.040081
4861.120605	-52.559998
4863.812256	-52.750450
4866.503906	-52.366325
4869.195557	-52.482616
4871.887207	-51.669052
4874.578857	-52.519081
4877.270508	-53.774628
4879.962158	-53.901485
4882.653809	-53.380367
4885.345459	-54.833904
4888.037109	-52.349720
4890.728760	-53.598881
4893.420410	-53.417393
4896.112061	-54.339855
4898.803711	-53.921566
4901.495361	-53.632149
4904.187012	-52.945644
4906.878662	-52.828663
4909.570312	-54.103752
4912.261963	-52.818031
4914.953613	-53.008080
4917.645264	-53.839977
4920.336914	-53.000824
4923.028564	-53.547535
4925.720215	-52.364834
4928.411865	-53.636261
4931.103516	-51.985897
4933.795166	-52.924065
4936.486816	-52.240383
4939.178467	-53.713085
4941.870117	-53.626450
4944.561768	-52.396172
4947.253418	-52.761246
4949.945068	-52.460114
4952.636719	-52.741215
4955.328369	-52.463707
4958.020020	-51.702076
4960.711670	-53.080406
4963.403320	-52.345768
4966.094971	-51.977123
4968.786621	-53.213791
4971.478271	-52.093906
4974.169922	-52.138111
4976.861572	-52.042370
4979.553223	-53.912079
4982.244873	-52.345600
4984.936523	-50.936409
4987.628174	-50.955326
4990.319824	-52.164471
4993.011475	-52.236870
4995.703125	-52.026752
4998.394775	-51.644585
5001.086426	-51.111351
5003.778076	-51.013165
5006.469727	-50.648548
5009.161377	-50.640167
5011.853027	-50.604862
5014.544678	-49.726772
5017.236328	-50.136860
5019.927979	-49.476852
5022.619629	-49.677826
5025.311279	-50.495502
5028.002930	-50.024475
5030.694580	-50.761353
5033.386230	-49.114098
5036.077881	-49.218468
5038.769531	-48.328392
5041.461182	-48.229649
5044.152832	-49.740696
5046.844482	-48.578175
5049.536133	-48.350502
5052.227783	-47.962997
5054.919434	-47.683727
5057.611084	-46.995075
5060.302734	-47.263748
5062.994385	-46.313953
5065.686035	-46.828678
5068.377686	-46.398228
5071.069336	-46.441059
5073.760986	-46.435776
5076.452637	-44.646400
5079.144287	-44.840221
5081.835938	-44.043552
5084.527588	-44.611702
5087.219238	-43.706001
5089.910889	-42.784050
5092.602539	-42.673351
5095.294189	-40.150265
5097.985840	-40.754112
5100.677490	-40.961124
5103.369141	-40.007484
5106.060791	-40.447903
5108.752441	-40.202938
5111.444092	-38.570538
5114.135742	-40.778652
5116.827393	-39.235317
5119.519043	-40.962349
5122.210693	-41.105141
5124.902344	-39.419243
5127.593994	-40.214909
5130.285645	-39.471287
5132.977295	-40.873898
5135.668945	-41.958988
5138.360596	-41.332127
5141.052246	-42.676239
5143.743896	-41.817860
5146.435547	-42.832523
5149.127197	-42.985569
5151.818848	-42.627998
5154.510498	-43.066353
5157.202148	-44.210461
5159.893799	-44.848797
5162.585449	-44.620998
5165.277100	-44.451668
5167.968750	-45.385429
5170.660400	-46.899490
5173.352051	-46.270714
5176.043701	-47.060932
5178.735352	-48.092915
5181.427002	-48.793262
5184.118652	-48.034409
5186.810303	-48.484344
5189.501953	-46.673832
5192.193604	-47.063339
5194.885254	-47.344028
5197.576904	-47.060238
5200.268555	-48.452770
5202.960205	-50.403931
5205.651855	-48.547897
5208.343506	-49.850006
5211.035156	-47.937599
5213.726807	-48.662502
5216.418457	-49.608978
5219.110107	-50.950863
5221.801758	-51.262196
5224.493408	-50.891891
5227.185059	-50.868668
5229.876709	-50.621975
5232.568359	-49.477219
5235.260010	-49.474342
5237.951660	-50.855946
5240.643311	-50.967152
5243.334961	-51.118122
5246.026611	-50.873066
5248.718262	-52.095921
5251.409912	-51.574024
5254.101562	-51.559105
5256.793213	-51.246185
5259.484863	-50.768738
5262.176514	-50.930168
5264.868164	-50.883167
5267.559814	-50.458855
5270.251465	-50.620899
5272.943115	-51.224167
5275.634766	-50.873768
5278.326416	-50.473068
5281.018066	-50.587288
5283.709717	-51.428429
5286.401367	-52.058529
5289.093018	-52.104618
5291.784668	-51.378353
5294.476318	-52.496265
5297.167969	-52.756310
5299.859619	-51.234234
5302.551270	-50.664581
5305.242920	-51.747662
5307.934570	-51.838020
5310.626221	-51.771950
5313.317871	-50.853607
5316.009521	-50.482174
5318.701172	-50.364227
5321.392822	-50.363716
5324.084473	-50.103493
5326.776123	-51.885330
5329.467773	-51.979530
5332.159424	-51.853603
5334.851074	-52.205982
5337.542725	-52.308395
5340.234375	-51.066124
5342.926025	-51.729008
5345.617676	-52.156158
5348.309326	-51.341400
5351.000977	-51.019909
5353.692627	-51.693913
5356.384277	-51.063763
5359.075928	-50.500416
5361.767578	-50.627350
5364.459229	-50.264679
5367.150879	-50.222446
5369.842529	-50.918705
5372.534180	-50.072941
5375.225830	-50.593143
5377.917480	-50.001129
5380.609131	-50.244358
5383.300781	-50.749374
5385.992432	-49.659451
5388.684082	-49.894817
5391.375732	-50.821377
5394.067383	-49.377415
5396.759033	-49.165829
5399.450684	-48.426853
5402.142334	-48.970306
5404.833984	-48.344913
5407.525635	-48.838840
5410.217285	-48.469864
5412.908936	-47.377529
5415.600586	-48.138256
5418.292236	-47.872467
5420.983887	-47.533901
5423.675537	-48.587692
5426.367188	-47.467285
5429.058838	-46.999790
5431.750488	-45.113350
5434.442139	-46.978672
5437.133789	-47.017101
5439.825439	-46.515732
5442.517090	-45.171425
5445.208740	-46.258579
5447.900391	-45.203716
5450.592041	-45.704437
5453.283691	-45.240662
5455.975342	-45.013325
5458.666992	-45.250618
5461.358643	-44.291103
5464.050293	-42.490170
5466.741943	-43.906006
5469.433594	-43.955437
5472.125244	-42.658371
5474.816895	-41.668316
5477.508545	-43.006962
5480.200195	-43.070015
5482.891846	-40.525494
5485.583496	-40.585732
5488.275146	-41.018768
5490.966797	-41.385796
5493.658447	-39.946980
5496.350098	-39.701145
5499.041748	-38.681290
5501.733398	-39.963619
5504.425049	-39.479984
5507.116699	-38.275913
5509.808350	-38.534386
5512.500000	-40.070889
5515.191650	-39.044514
5517.883301	-39.007477
5520.574951	-39.750164
5523.266602	-40.521324
5525.958252	-41.607960
5528.649902	-40.484493
5531.341553	-41.209202
5534.033203	-41.976280
5536.724854	-41.314362
5539.416504	-42.034679
5542.108154	-42.237724
5544.799805	-43.708862
5547.491455	-44.160244
5550.183105	-44.168453
5552.874756	-43.827915
5555.566406	-43.699154
5558.258057	-44.154602
5560.949707	-44.642647
5563.641357	-44.903538
5566.333008	-46.775391
5569.024658	-45.639240
5571.716309	-45.861469
5574.407959	-46.891079
5577.099609	-47.018333
5579.791260	-46.793617
5582.482910	-46.483536
5585.174561	-47.694408
5587.866211	-47.598331
5590.557861	-46.577549
5593.249512	-47.283092
5595.941162	-45.785637
5598.632812	-48.227291
5601.324463	-48.669182
5604.016113	-48.440659
5606.707764	-50.762459
5609.399414	-48.944584
5612.091064	-49.246429
5614.782715	-49.841766
5617.474365	-50.432953
5620.166016	-49.812088
5622.857666	-50.182571
5625.549316	-49.473572
5628.240967	-49.566845
5630.932617	-49.982639
5633.624268	-49.858688
5636.315918	-50.797138
5639.007568	-52.177368
5641.699219	-51.483253
5644.390869	-50.655567
5647.082520	-50.536201
5649.774170	-50.161301
5652.465820	-51.325596
5655.157471	-50.855110
5657.849121	-50.357162
5660.540771	-51.099133
5663.232422	-50.380135
5665.924072	-50.845562
5668.615723	-50.546207
5671.307373	-50.875141
5673.999023	-52.076317
5676.690674	-51.422768
5679.382324	-50.758007
5682.073975	-49.662727
5684.765625	-52.897659
5687.457275	-51.317177
5690.148926	-52.189533
5692.840576	-52.404167
5695.532227	-51.832390
5698.223877	-52.231365
5700.915527	-52.367725
5703.607178	-52.706486
5706.298828	-50.958164
5708.990479	-51.713444
5711.682129	-53.167599
5714.373779	-51.694408
5717.065430	-50.823330
5719.757080	-52.598774
5722.448730	-51.201721
5725.140381	-52.289127
5727.832031	-51.661518
5730.523682	-50.180870
5733.215332	-51.755455
5735.906982	-51.155518
5738.598633	-51.650642
5741.290283	-49.974716
5743.981934	-50.877407
5746.673584	-51.092190
5749.365234	-51.462856
5752.056885	-50.459534
5754.748535	-49.990326
5757.440186	-50.365681
5760.131836	-49.985653
5762.823486	-50.356613
5765.515137	-51.520203
5768.206787	-50.828957
5770.898438	-49.516975
5773.590088	-50.106342
5776.281738	-49.567112
5778.973389	-50.011246
5781.665039	-49.817001
5784.356689	-50.479313
5787.048340	-50.177319
5789.739990	-49.953419
5792.431641	-49.535179
5795.123291	-49.475170
5797.814941	-48.575974
5800.506592	-49.995525
5803.198242	-49.525925
5805.889893	-47.866680
5808.581543	-49.698078
5811.273193	-46.806095
5813.964844	-46.065590
5816.656494	-47.948761
5819.348145	-46.896255
5822.039795	-47.294769
5824.731445	-46.756424
5827.423096	-47.027168
5830.114746	-47.504353
5832.806396	-46.853821
5835.498047	-46.230221
5838.189697	-46.951641
5840.881348	-45.980736
5843.572998	-46.359402
5846.264648	-45.138783
5848.956299	-44.665062
5851.647949	-45.965370
5854.339600	-45.668411
5857.031250	-43.751553
5859.722900	-43.525578
5862.414551	-42.090496
5865.106201	-42.331356
5867.797852	-42.460281
5870.489502	-43.446442
5873.181152	-41.340900
5875.872803	-41.086697
5878.564453	-40.351650
5881.256104	-42.403042
5883.947754	-39.951027
5886.639404	-40.821861
5889.331055	-39.677288
5892.022705	-41.045391
5894.714355	-41.956593
5897.406006	-42.447159
5900.097656	-42.704124
5902.789307	-40.197338
5905.480957	-40.796352
5908.172607	-41.446613
5910.864258	-40.926159
5913.555908	-41.382160
5916.247559	-42.716503
5918.939209	-41.919281
5921.630859	-41.919037
5924.322510	-42.513897
5927.014160	-43.171303
5929.705811	-43.163651
5932.397461	-43.771030
5935.089111	-43.918983
5937.780762	-43.853054
5940.472412	-44.240993
5943.164062	-45.933517
5945.855713	-46.367504
5948.547363	-45.121330
5951.239014	-46.370583
5953.930664	-46.909531
5956.622314	-46.183239
5959.313965	-48.219948
5962.005615	-48.708794
5964.697266	-48.736088
5967.388916	-47.522205
5970.080566	-47.758781
5972.772217	-48.042400
5975.463867	-48.316074
5978.155518	-48.792210
5980.847168	-48.663437
5983.538818	-47.391224
5986.230469	-48.319557
5988.922119	-48.460354
5991.613770	-48.914791
5994.305420	-48.540085
5996.997070	-49.047718
5999.688721	-49.654099
6002.380371	-50.646061
6005.072021	-51.258720
6007.763672	-49.912552
6010.455322	-50.338539
6013.146973	-50.191406
6015.838623	-49.584454
6018.530273	-51.095795
6021.221924	-51.062351
6023.913574	-51.553951
6026.605225	-50.911274
6029.296875	-51.079659
6031.988525	-52.909275
6034.680176	-51.606361
6037.371826	-52.732201
6040.063477	-51.695400
6042.755127	-52.787323
6045.446777	-51.542313
6048.138428	-51.847157
6050.830078	-52.297668
6053.521729	-51.487499
6056.213379	-51.692074
6058.905029	-51.829254
6061.596680	-53.751148
6064.288330	-53.435318
6066.979980	-53.228050
6069.671631	-51.637012
6072.363281	-52.419773
6075.054932	-52.271191
6077.746582	-52.219879
6080.438232	-51.858246
6083.129883	-51.118820
6085.821533	-53.097965
6088.513184	-52.867046
6091.204834	-52.820618
6093.896484	-54.555962
6096.588135	-51.832542
6099.279785	-53.443199
6101.971436	-53.028782
6104.663086	-52.064171
6107.354736	-53.265366
6110.046387	-54.007454
6112.738037	-54.110340
6115.429688	-53.708488
6118.121338	-52.219616
6120.812988	-52.939423
6123.504639	-52.168568
6126.196289	-52.405231
6128.887939	-51.888199
6131.579590	-52.633587
6134.271240	-53.553497
6136.962891	-52.066612
6139.654541	-51.466545
6142.346191	-52.750530
6145.037842	-52.413303
6147.729492	-53.027966
6150.421143	-51.716885
6153.112793	-52.117714
6155.804443	-52.491470
6158.496094	-53.169533
6161.187744	-52.961823
6163.879395	-52.637390
6166.571045	-52.224335
6169.262695	-53.187111
6171.954346	-51.341316
6174.645996	-51.481556
6177.337646	-52.327454
6180.029297	-49.999916
6182.720947	-52.246037
6185.412598	-51.154171
6188.104248	-51.824310
6190.795898	-50.307487
6193.487549	-50.249557
6196.179199	-49.158627
6198.870850	-49.093273
6201.562500	-49.836361
6204.254150	-49.163822
6206.945801	-49.606316
6209.637451	-48.763306
6212.329102	-49.311523
6215.020752	-48.580761
6217.712402	-49.484077
6220.404053	-48.733967
6223.095703	-47.871864
6225.787354	-48.534031
6228.479004	-46.714764
6231.170654	-47.262726
6233.862305	-46.943344
6236.553955	-47.448280
6239.245605	-47.362724
6241.937256	-46.946854
6244.628906	-48.084015
6247.320557	-46.425354
6250.012207	-47.635174
6252.703857	-46.372215
6255.395508	-45.204361
6258.087158	-45.324802
6260.778809	-46.290478
6263.470459	-45.677868
6266.162109	-44.643990
6268.853760	-43.787331
6271.545410	-44.852913
6274.237061	-42.502811
6276.928711	-42.706074
6279.620361	-44.999699
6282.312012	-43.368179
6285.003662	-41.462807
6287.695312	-43.409225
6290.386963	-42.932144
6293.078613	-42.659737
6295.770264	-43.089684
6298.461914	-43.702942
6301.153564	-42.966469
6303.845215	-42.842369
6306.536865	-43.641575
6309.228516	-44.265354
6311.920166	-43.814991
6314.611816	-44.180218
6317.303467	-46.272926
6319.995117	-45.513672
6322.686768	-44.813835
6325.378418	-46.661175
6328.070068	-45.865005
6330.761719	-46.507385
6333.453369	-46.185204
6336.145020	-46.859077
6338.836670	-47.637413
6341.528320	-47.989582
6344.219971	-46.919762
6346.911621	-48.707348
6349.603271	-49.580959
6352.294922	-48.435207
6354.986572	-47.716240
6357.678223	-49.338032
6360.369873	-47.912949
6363.061523	-49.398781
6365.753174	-50.143368
6368.444824	-49.383457
6371.136475	-51.379265
6373.828125	-49.064510
6376.519775	-50.141071
6379.211426	-50.457211
6381.903076	-50.135937
6384.594727	-52.374023
6387.286377	-50.559887
6389.978027	-52.125412
6392.669678	-51.552246
6395.361328	-51.600243
6398.052979	-51.497967
6400.744629	-51.640430
6403.436279	-52.100548
6406.127930	-51.772884
6408.819580	-52.939816
6411.511230	-51.600086
6414.202881	-52.417320
6416.894531	-52.922501
6419.586182	-52.560787
6422.277832	-53.354336
6424.969482	-52.546429
6427.661133	-53.714272
6430.352783	-53.140022
6433.044434	-52.946392
6435.736084	-52.795544
6438.427734	-52.493931
6441.119385	-53.876228
6443.811035	-53.583561
6446.502686	-53.786285
6449.194336	-52.645817
6451.885986	-53.737370
6454.577637	-54.891544
6457.269287	-54.339775
6459.960938	-54.813934
6462.652588	-53.205746
6465.344238	-52.397861
6468.035889	-54.190552
6470.727539	-54.397957
6473.419189	-53.415440
6476.110840	-52.712379
6478.802490	-55.104332
6481.494141	-53.585415
6484.185791	-53.665657
6486.877441	-53.853069
6489.569092	-52.888870
6492.260742	-54.096661
6494.952393	-52.908413
6497.644043	-54.032482
6500.335693	-54.237877
6503.027344	-54.949306
6505.718994	-53.067123
6508.410645	-55.134716
6511.102295	-53.992889
6513.793945	-53.669308
6516.485596	-54.643528
6519.177246	-54.514809
6521.868896	-53.342060
6524.560547	-53.150978
6527.252197	-54.448048
6529.943848	-53.610569
6532.635498	-52.728977
6535.327148	-54.494999
6538.018799	-54.126228
6540.710449	-53.215897
6543.402100	-52.617512
6546.093750	-52.061359
6548.785400	-52.846096
6551.477051	-53.520996
6554.168701	-51.460705
6556.860352	-53.208248
6559.552002	-52.784542
6562.243652	-53.474792
6564.935303	-53.649086
6567.626953	-52.952610
6570.318604	-52.383045
6573.010254	-52.281483
6575.701904	-52.067425
6578.393555	-52.503975
6581.085205	-51.962814
6583.776855	-52.008263
6586.468506	-50.977310
6589.160156	-50.766544
6591.851807	-51.104321
6594.543457	-51.088875
6597.235107	-50.059341
6599.926758	-50.483089
6602.618408	-50.355648
6605.310059	-50.105656
6608.001709	-51.172745
6610.693359	-50.492275
6613.385010	-49.339382
6616.076660	-48.941933
6618.768311	-51.076984
6621.459961	-48.497715
6624.151611	-48.324486
6626.843262	-49.449715
6629.534912	-48.689617
6632.226562	-48.181923
6634.918213	-49.759289
6637.609863	-47.222511
6640.301514	-48.078850
6642.993164	-48.347950
6645.684814	-47.088120
6648.376465	-47.482468
6651.068115	-46.390625
6653.759766	-46.619499
6656.451416	-45.587688
6659.143066	-45.408741
6661.834717	-46.751957
6664.526367	-47.168873
6667.218018	-45.869308
6669.909668	-45.616787
6672.601318	-43.896694
6675.292969	-44.169849
6677.984619	-45.787914
6680.676270	-44.933987
6683.367920	-44.658554
6686.059570	-45.043945
6688.751221	-43.870926
6691.442871	-45.805412
6694.134521	-45.146942
6696.826172	-44.386425
6699.517822	-44.872875
6702.209473	-45.713810
6704.901123	-45.513351
6707.592773	-47.264362
6710.284424	-45.426826
6712.976074	-46.170303
6715.667725	-45.441517
6718.359375	-46.323059
6721.051025	-46.036213
6723.742676	-47.340679
6726.434326	-48.589966
6729.125977	-47.868820
6731.817627	-49.078678
6734.509277	-49.917706
6737.200928	-48.863060
6739.892578	-48.496582
6742.584229	-50.472355
6745.275879	-50.697502
6747.967529	-49.041183
6750.659180	-48.852585
6753.350830	-50.554409
6756.042480	-50.143131
6758.734131	-49.379230
6761.425781	-48.836876
6764.117432	-49.716633
6766.809082	-50.173508
6769.500732	-51.632603
6772.192383	-49.694115
6774.884033	-50.748703
6777.575684	-51.750381
6780.267334	-52.322666
6782.958984	-51.197876
6785.650635	-51.236271
6788.342285	-51.600231
6791.033936	-54.043686
6793.725586	-53.663033
6796.417236	-54.113853
6799.108887	-52.397533
6801.800537	-53.043873
6804.492188	-53.132683
6807.183838	-52.455097
6809.875488	-53.214428
6812.567139	-53.675301
6815.258789	-52.788021
6817.950439	-53.142586
6820.642090	-54.328983
6823.333740	-54.439598
6826.025391	-55.644249
6828.717041	-53.690247
6831.408691	-55.848942
6834.100342	-56.492577
6836.791992	-54.343910
6839.483643	-52.951900
6842.175293	-54.380997
6844.866943	-54.499699
6847.558594	-54.527840
6850.250244	-54.395035
6852.941895	-54.532177
6855.633545	-53.717014
6858.325195	-55.412197
6861.016846	-54.207363
6863.708496	-54.357147
6866.400146	-54.007004
6869.091797	-55.406048
6871.783447	-54.081638
6874.475098	-54.899307
6877.166748	-54.950417
6879.858398	-54.558304
6882.550049	-54.872631
6885.241699	-54.252377
6887.933350	-54.726040
6890.625000	-53.288643
6893.316650	-54.136677
6896.008301	-54.546715
6898.699951	-53.948818
6901.391602	-53.516457
6904.083252	-54.413517
6906.774902	-55.280495
6909.466553	-55.086933
6912.158203	-53.980961
6914.849854	-55.635796
6917.541504	-53.405464
6920.233154	-54.288971
6922.924805	-53.193897
6925.616455	-53.205280
6928.308105	-54.078644
6930.999756	-54.348476
6933.691406	-52.756359
6936.383057	-54.273685
6939.074707	-53.546486
6941.766357	-53.127758
6944.458008	-53.687786
6947.149658	-53.322548
6949.841309	-53.501682
6952.532959	-53.230488
6955.224609	-53.182175
6957.916260	-52.561974
6960.607910	-53.444500
6963.299561	-52.847610
6965.991211	-52.834927
6968.682861	-52.947948
6971.374512	-51.959709
6974.066162	-53.747421
6976.757812	-52.752827
6979.449463	-52.783993
6982.141113	-51.174599
6984.832764	-52.105335
6987.524414	-51.282738
6990.216064	-51.348068
6992.907715	-50.604858
6995.599365	-50.695549
6998.291016	-51.360374
7000.982666	-50.499638
7003.674316	-50.962337
7006.365967	-50.798660
7009.057617	-50.605816
7011.749268	-49.075798
7014.440918	-49.175449
7017.132568	-49.201866
7019.824219	-49.399460
7022.515869	-50.415817
7025.207520	-50.045456
7027.899170	-48.700485
7030.590820	-48.313576
7033.282471	-47.630196
7035.974121	-47.755413
7038.665771	-47.178211
7041.357422	-46.816807
7044.049072	-47.566341
7046.740723	-46.797016
7049.432373	-46.543205
7052.124023	-47.699615
7054.815674	-47.435131
7057.507324	-46.560970
7060.198975	-46.437981
7062.890625	-46.109985
7065.582275	-45.104939
7068.273926	-44.368958
7070.965576	-44.911762
7073.657227	-45.506588
7076.348877	-45.378746
7079.040527	-45.664524
7081.732178	-45.821507
7084.423828	-44.546066
7087.115479	-44.052780
7089.807129	-44.902473
7092.498779	-46.169407
7095.190430	-44.718098
7097.882080	-44.284286
7100.573730	-45.355961
7103.265381	-45.492699
7105.957031	-45.791245
7108.648682	-46.062298
7111.340332	-45.157761
7114.031982	-48.246029
7116.723633	-46.181114
7119.415283	-47.681820
7122.106934	-49.310440
7124.798584	-46.190247
7127.490234	-48.316174
7130.181885	-47.682861
7132.873535	-48.358986
7135.565186	-49.329678
7138.256836	-48.719070
7140.948486	-49.356243
7143.640137	-49.790413
7146.331787	-50.700237
7149.023438	-50.007904
7151.715088	-51.296043
7154.406738	-50.438450
7157.098389	-50.595573
7159.790039	-51.062481
7162.481689	-51.425602
7165.173340	-50.919785
7167.864990	-50.808151
7170.556641	-52.458454
7173.248291	-51.640518
7175.939941	-52.035324
7178.631592	-52.348206
7181.323242	-51.512508
7184.014893	-51.994728
7186.706543	-53.398521
7189.398193	-52.236336
7192.089844	-52.767647
7194.781494	-53.118916
7197.473145	-52.064983
7200.164795	-54.090851
7202.856445	-54.660923
7205.548096	-53.048008
7208.239746	-53.881794
7210.931396	-53.961582
7213.623047	-53.758415
7216.314697	-53.337105
7219.006348	-53.825630
7221.697998	-54.060703
7224.389648	-54.801739
7227.081299	-53.648693
7229.772949	-53.040684
7232.464600	-53.326145
7235.156250	-53.825428
7237.847900	-54.575588
7240.539551	-55.503784
7243.231201	-54.253841
7245.922852	-54.543037
7248.614502	-53.777039
7251.306152	-54.820759
7253.997803	-54.629951
7256.689453	-55.099873
7259.381104	-54.781921
7262.072754	-54.117653
7264.764404	-55.600529
7267.456055	-56.106449
7270.147705	-54.800900
7272.839355	-54.304310
7275.531006	-54.537445
7278.222656	-54.010792
7280.914307	-55.725384
7283.605957	-54.340652
7286.297607	-53.861202
7288.989258	-54.489670
7291.680908	-54.548534
7294.372559	-54.917095
7297.064209	-54.824188
7299.755859	-54.836052
7302.447510	-54.909275
7305.139160	-55.783443
7307.830811	-56.301922
7310.522461	-54.344975
7313.214111	-54.623074
7315.905762	-53.383549
7318.597412	-54.031384
7321.289062	-54.573856
7323.980713	-53.991543
7326.672363	-54.521622
7329.364014	-54.266758
7332.055664	-54.520054
7334.747314	-53.432945
7337.438965	-53.338104
7340.130615	-54.944046
7342.822266	-54.245716
7345.513916	-53.945797
7348.205566	-54.150669
7350.897217	-52.723927
7353.588867	-54.843464
7356.280518	-53.135189
7358.972168	-54.332096
7361.663818	-53.077408
7364.355469	-52.687897
7367.047119	-52.653034
7369.738770	-52.262115
7372.430420	-51.747318
7375.122070	-52.269833
7377.813721	-52.092525
7380.505371	-51.311855
7383.197021	-53.131317
7385.888672	-50.910381
7388.580322	-52.033340
7391.271973	-51.421677
7393.963623	-51.863998
7396.655273	-52.173557
7399.346924	-50.737957
7402.038574	-51.105228
7404.730225	-50.434494
7407.421875	-50.201931
7410.113525	-48.831371
7412.805176	-49.389553
7415.496826	-50.630718
7418.188477	-50.507122
7420.880127	-48.650612
7423.571777	-47.773499
7426.263428	-48.929768
7428.955078	-48.570168
7431.646729	-48.766159
7434.338379	-47.234516
7437.030029	-48.301849
7439.721680	-47.737782
7442.413330	-46.879684
7445.104980	-46.343769
7447.796631	-46.612747
7450.488281	-45.469357
7453.179932	-45.271954
7455.871582	-46.254547
7458.563232	-46.844376
7461.254883	-44.798931
7463.946533	-43.848721
7466.638184	-45.139343
7469.329834	-44.877781
7472.021484	-44.868488
7474.713135	-44.362034
7477.404785	-44.400894
7480.096436	-44.203663
7482.788086	-45.549885
7485.479736	-46.147240
7488.171387	-45.643349
7490.863037	-45.024185
7493.554688	-45.294701
7496.246338	-44.577789
7498.937988	-46.789486
7501.629639	-46.310387
7504.321289	-45.902367
7507.012939	-46.579372
7509.704590	-47.032551
7512.396240	-48.050110
7515.087891	-47.186668
7517.779541	-48.175816
7520.471191	-49.412689
7523.162842	-48.723888
7525.854492	-48.682411
7528.546143	-49.434048
7531.237793	-49.001705
7533.929443	-48.441242
7536.621094	-49.666622
7539.312744	-49.670509
7542.004395	-49.667927
7544.696045	-50.672924
7547.387695	-51.782627
7550.079346	-50.473698
7552.770996	-51.146416
7555.462646	-50.914883
7558.154297	-51.050926
7560.845947	-51.081806
7563.537598	-51.578236
7566.229248	-52.705357
7568.920898	-51.057514
7571.612549	-51.491596
7574.304199	-51.741055
7576.995850	-52.293293
7579.687500	-53.845161
7582.379150	-53.723701
7585.070801	-53.756157
7587.762451	-54.076500
7590.454102	-54.727142
7593.145752	-52.845730
7595.837402	-53.489460
7598.529053	-53.791168
7601.220703	-54.031178
7603.912354	-52.981606
7606.604004	-53.648571
7609.295654	-53.636021
7611.987305	-53.241219
7614.678955	-54.591564
7617.370605	-54.442101
7620.062256	-54.589680
7622.753906	-55.065964
7625.445557	-55.697994
7628.137207	-55.042171
7630.828857	-54.045082
7633.520508	-54.652340
7636.212158	-54.874634
7638.903809	-54.777962
7641.595459	-55.587505
7644.287109	-54.655457
7646.978760	-54.496830
7649.670410	-55.427235
7652.362061	-54.751850
7655.053711	-56.096405
7657.745361	-54.718147
7660.437012	-54.074150
7663.128662	-55.279816
7665.820312	-54.444431
7668.511963	-54.536072
7671.203613	-54.178379
7673.895264	-54.685734
7676.586914	-53.936729
7679.278564	-54.075260
7681.970215	-53.569954
7684.661865	-54.043503
7687.353516	-55.662319
7690.045166	-54.352962
7692.736816	-53.909782
7695.428467	-54.600613
7698.120117	-56.283901
7700.811768	-55.539242
7703.503418	-54.737549
7706.195068	-53.035786
7708.886719	-54.777088
7711.578369	-54.633907
7714.270020	-54.857250
7716.961670	-54.749210
7719.653320	-55.180531
7722.344971	-55.479961
7725.036621	-53.154392
7727.728271	-54.566055
7730.419922	-54.583878
7733.111572	-52.564949
7735.803223	-54.201847
7738.494873	-54.121212
7741.186523	-54.728638
7743.878174	-53.203903
7746.569824	-52.740437
7749.261475	-53.195087
7751.953125	-52.064106
7754.644775	-53.012108
7757.336426	-51.643635
7760.028076	-51.435169
7762.719727	-52.660164
7765.411377	-52.101322
7768.103027	-52.382820
7770.794678	-52.338810
7773.486328	-52.517509
7776.177979	-52.401947
7778.869629	-51.674953
7781.561279	-51.385681
7784.252930	-51.474499
7786.944580	-50.592709
7789.636230	-51.915264
7792.327881	-50.689114
7795.019531	-50.176331
7797.711182	-50.122490
7800.402832	-50.953087
7803.094482	-51.029053
7805.786133	-50.125038
7808.477783	-49.670483
7811.169434	-49.957565
7813.861084	-48.713894
7816.552734	-49.043686
7819.244385	-47.140274
7821.936035	-48.542213
7824.627686	-47.919861
7827.319336	-48.121159
7830.010986	-47.461475
7832.702637	-46.281269
7835.394287	-47.738541
7838.085938	-46.130539
7840.777588	-45.967953
7843.469238	-45.570057
7846.160889	-45.148960
7848.852539	-44.635517
7851.544189	-45.401653
7854.235840	-44.550625
7856.927490	-43.366161
7859.619141	-43.879124
7862.310791	-43.870956
7865.002441	-43.966118
7867.694092	-44.169189
7870.385742	-42.706676
7873.077393	-44.174046
7875.769043	-45.177479
7878.460693	-43.719090
7881.152344	-44.654224
7883.843994	-44.067219
7886.535645	-45.851425
7889.227295	-44.958160
7891.918945	-45.697723
7894.610596	-45.714195
7897.302246	-45.331158
7899.993896	-45.710278
7902.685547	-45.780838
7905.377197	-47.973881
7908.068848	-47.181355
7910.760498	-47.462482
7913.452148	-47.224785
7916.143799	-47.834595
7918.835449	-47.458172
7921.527100	-48.309475
7924.218750	-48.931839
7926.910400	-48.802219
7929.602051	-49.316784
7932.293701	-49.312721
7934.985352	-49.843987
7937.677002	-49.433960
7940.368652	-49.835236
7943.060303	-51.112213
7945.751953	-50.985878
7948.443604	-50.917446
7951.135254	-51.862309
7953.826904	-50.563229
7956.518555	-51.837646
7959.210205	-51.128716
7961.901855	-52.130230
7964.593506	-52.509945
7967.285156	-53.334045
7969.976807	-53.769962
7972.668457	-52.489216
7975.360107	-52.066200
7978.051758	-52.789970
7980.743408	-51.996998
7983.435059	-52.726818
7986.126709	-52.540451
7988.818359	-53.196098
7991.510010	-53.236320
7994.201660	-54.334698
7996.893311	-53.714283
7999.584961	-53.467564
8002.276611	-53.514782
8004.968262	-53.577751
8007.659912	-52.493923
8010.351562	-54.359280
8013.043213	-54.665329
8015.734863	-54.958744
8018.426514	-54.548904
8021.118164	-54.904346
8023.809814	-54.626022
8026.501465	-55.005764
8029.193115	-54.685535
8031.884766	-55.583817
8034.576416	-55.342571
8037.268066	-55.025082
8039.959717	-53.996613
8042.651367	-55.132294
8045.343018	-56.477932
8048.034668	-54.451717
8050.726318	-53.811241
8053.417969	-54.814281
8056.109619	-53.960949
8058.801270	-55.584953
8061.492920	-55.600929
8064.184570	-55.227779
8066.876221	-54.730915
8069.567871	-55.705017
8072.259521	-54.238194
8074.951172	-54.897739
8077.642822	-54.311295
8080.334473	-54.177212
8083.026123	-54.738682
8085.717773	-54.633228
8088.409424	-53.427151
8091.101074	-53.304443
8093.792725	-55.225071
8096.484375	-54.099342
8099.176025	-53.105976
8101.867676	-53.930607
8104.559326	-55.642994
8107.250977	-53.781086
8109.942627	-54.489399
8112.634277	-55.000187
8115.325928	-53.060772
8118.017578	-53.687870
8120.709229	-52.607044
8123.400879	-54.054127
8126.092529	-54.885643
8128.784180	-54.477005
8131.475830	-52.953678
8134.167480	-52.959496
8136.859131	-53.857437
8139.550781	-54.301785
8142.242432	-53.627502
8144.934082	-51.990139
8147.625732	-52.893887
8150.317383	-52.220089
8153.009033	-53.091591
8155.700684	-51.691280
8158.392334	-52.326447
8161.083984	-52.293419
8163.775635	-52.283142
8166.467285	-52.980240
8169.158936	-52.404327
8171.850586	-51.255997
8174.542236	-50.851658
8177.233887	-51.825306
8179.925537	-51.369209
8182.617188	-50.872955
8185.308838	-49.458641
8188.000488	-48.998711
8190.692139	-50.248047
8193.383789	-50.232719
8196.075439	-49.247131
8198.767090	-48.854301
8201.458740	-49.163582
8204.150391	-47.127739
8206.842041	-48.377895
8209.533691	-48.252869
8212.225342	-47.975147
8214.916992	-47.119164
8217.608643	-47.477760
8220.300293	-45.955994
8222.991943	-46.545879
8225.683594	-45.711040
8228.375244	-45.776001
8231.066895	-45.188892
8233.758545	-44.767006
8236.450195	-45.397175
8239.141846	-43.843632
8241.833496	-44.299213
8244.525146	-43.922131
8247.216797	-43.260567
8249.908447	-43.312256
8252.600098	-43.781372
8255.291748	-43.666676
8257.983398	-42.764771
8260.675049	-42.446045
8263.366699	-42.402500
8266.058350	-42.841824
8268.750000	-43.084091
8271.441650	-44.132008
8274.133301	-42.865807
8276.824951	-43.669395
8279.516602	-45.562229
8282.208252	-44.089912
8284.899902	-45.228329
8287.591553	-45.505650
8290.283203	-45.491009
8292.974854	-45.520424
8295.666504	-46.194229
8298.358154	-46.176537
8301.049805	-46.204483
8303.741455	-46.661629
8306.433105	-47.629723
8309.124756	-48.901752
8311.816406	-49.393307
8314.508057	-48.036282
8317.199707	-49.294632
8319.891357	-49.645809
8322.583008	-50.183300
8325.274658	-50.359905
8327.966309	-50.342533
8330.657959	-51.051945
8333.349609	-50.801632
8336.041260	-49.961300
8338.732910	-51.424698
8341.424561	-50.506054
8344.116211	-50.065872
8346.807861	-50.270840
8349.499512	-50.735645
8352.191162	-50.728230
8354.882812	-50.276089
8357.574463	-51.524471
8360.266113	-52.415985
8362.957764	-53.135067
8365.649414	-52.259335
8368.341064	-53.402546
8371.032715	-54.419449
8373.724365	-53.755482
8376.416016	-52.654900
8379.107666	-52.173206
8381.799316	-54.481403
8384.490967	-52.688496
8387.182617	-52.880638
8389.874268	-53.587086
8392.565918	-53.256149
8395.257568	-54.612324
8397.949219	-54.014797
8400.640869	-53.399025
8403.332520	-53.610584
8406.024170	-53.445251
8408.715820	-54.337578
8411.407471	-54.283104
8414.099121	-54.657825
8416.790771	-54.913315
8419.482422	-54.975578
8422.174072	-54.567036
8424.865723	-53.871002
8427.557373	-54.598019
8430.249023	-53.065369
8432.940674	-54.886772
8435.632324	-53.462566
8438.323975	-55.353058
8441.015625	-53.717220
8443.707275	-54.534878
8446.398926	-54.167900
8449.090576	-54.304905
8451.782227	-54.202671
8454.473877	-53.453846
8457.165527	-54.234962
8459.857178	-56.043598
8462.548828	-54.954472
8465.240479	-55.819870
8467.932129	-54.398720
8470.623779	-54.631920
8473.315430	-53.977734
8476.007080	-54.191673
8478.698730	-56.008686
8481.390381	-55.207256
8484.082031	-55.278069
8486.773682	-54.021416
8489.465332	-55.937077
8492.156982	-54.932941
8494.848633	-54.506870
8497.540283	-54.994312
8500.231934	-53.972416
8502.923584	-54.362312
8505.615234	-53.715076
8508.306885	-54.258865
8510.998535	-53.890858
8513.690186	-53.820511
8516.381836	-53.398808
8519.073486	-53.928738
8521.765137	-52.508198
8524.456787	-52.800301
8527.148438	-53.815254
8529.840088	-53.983231
8532.531738	-53.326420
8535.223389	-52.939999
8537.915039	-52.610832
8540.606689	-52.280735
8543.298340	-52.460819
8545.989990	-52.422401
8548.681641	-52.687080
8551.373291	-52.820080
8554.064941	-52.572723
8556.756592	-52.125675
8559.448242	-51.696419
8562.139893	-51.799625
8564.831543	-52.041454
8567.523193	-52.270802
8570.214844	-52.171196
8572.906494	-50.892471
8575.598145	-50.623718
8578.289795	-50.508057
8580.981445	-49.684414
8583.673096	-51.449856
8586.364746	-49.256855
8589.056396	-49.727169
8591.748047	-49.753525
8594.439697	-48.986423
8597.131348	-48.708900
8599.822998	-48.715130
8602.514648	-47.461559
8605.206299	-47.951748
8607.897949	-46.593906
8610.589600	-46.247227
8613.281250	-46.340691
8615.972900	-45.718376
8618.664551	-46.070606
8621.356201	-46.257374
8624.047852	-44.111874
8626.739502	-42.759586
8629.431152	-44.103298
8632.122803	-43.126232
8634.814453	-43.252388
8637.506104	-42.674244
8640.197754	-42.851368
8642.889404	-42.697056
8645.581055	-40.982769
8648.272705	-42.699684
8650.964355	-43.362488
8653.656006	-42.323601
8656.347656	-41.885315
8659.039307	-42.310570
8661.730957	-42.726482
8664.422607	-42.777218
8667.114258	-44.318588
8669.805908	-44.364437
8672.497559	-43.385014
8675.189209	-45.129986
8677.880859	-45.252892
8680.572510	-46.094574
8683.264160	-46.043346
8685.955811	-47.130348
8688.647461	-45.523129
8691.339111	-46.428730
8694.030762	-47.410206
8696.722412	-47.723255
8699.414062	-48.062675
8702.105713	-47.394016
8704.797363	-47.980145
8707.489014	-48.816605
8710.180664	-50.284451
8712.872314	-50.658676
8715.563965	-49.651096
8718.255615	-48.139416
8720.947266	-50.359623
8723.638916	-51.284237
8726.330566	-51.011501
8729.022217	-51.253658
8731.713867	-50.085918
8734.405518	-50.441933
8737.097168	-50.952332
8739.788818	-52.076035
8742.480469	-51.433620
8745.172119	-51.605347
8747.863770	-52.496063
8750.555420	-52.077057
8753.247070	-51.414421
8755.938721	-52.313515
8758.630371	-52.363010
8761.322021	-51.456757
8764.013672	-51.958603
8766.705322	-52.369946
8769.396973	-52.162834
8772.088623	-51.678635
8774.780273	-53.306049
8777.471924	-52.204300
8780.163574	-52.946022
8782.855225	-55.859638
8785.546875	-53.796688
8788.238525	-54.101326
8790.930176	-53.519722
8793.621826	-53.201122
8796.313477	-53.046719
8799.005127	-53.865456
8801.696777	-54.394260
8804.388428	-54.452267
8807.080078	-52.862110
8809.771729	-53.205788
8812.463379	-54.152481
8815.155029	-52.924664
8817.846680	-53.555752
8820.538330	-53.127998
8823.229980	-53.787113
8825.921631	-54.550735
8828.613281	-54.992229
8831.304932	-54.752628
8833.996582	-53.837967
8836.688232	-55.222801
8839.379883	-53.825642
8842.071533	-54.079826
8844.763184	-53.861256
8847.454834	-54.485943
8850.146484	-54.685940
8852.838135	-54.609978
8855.529785	-54.215271
8858.221436	-53.967953
8860.913086	-53.192585
8863.604736	-53.242134
8866.296387	-54.462139
8868.988037	-54.526337
8871.679688	-53.992878
8874.371338	-53.795643
8877.062988	-54.041805
8879.754639	-53.637474
8882.446289	-54.192490
8885.137939	-53.373379
8887.829590	-53.548557
8890.521240	-54.912083
8893.212891	-54.222301
8895.904541	-54.318493
8898.596191	-53.042622
8901.287842	-53.328396
8903.979492	-53.271709
8906.671143	-52.970352
8909.362793	-52.975872
8912.054443	-52.875698
8914.746094	-53.298416
8917.437744	-52.104584
8920.129395	-52.664303
8922.821045	-52.037270
8925.512695	-52.653866
8928.204346	-51.380314
8930.895996	-53.319550
8933.587646	-51.742764
8936.279297	-53.414696
8938.970947	-52.874481
8941.662598	-52.100430
8944.354248	-51.250725
8947.045898	-51.078220
8949.737549	-52.911488
8952.429199	-50.567326
8955.120850	-50.564259
8957.812500	-50.642563
8960.504150	-50.931950
8963.195801	-50.170448
8965.887451	-50.187023
8968.579102	-49.223602
8971.270752	-50.162636
8973.962402	-49.445259
8976.654053	-50.155334
8979.345703	-49.374241
8982.037354	-48.288830
8984.729004	-48.760288
8987.420654	-46.908325
8990.112305	-47.309368
8992.803955	-48.562016
8995.495605	-47.821312
8998.187256	-47.413540
9000.878906	-45.466671
9003.570557	-46.337353
9006.262207	-46.556187
9008.953857	-45.732010
9011.645508	-44.340191
9014.337158	-44.892197
9017.028809	-44.805382
9019.720459	-43.688652
9022.412109	-44.440907
9025.103760	-43.154327
9027.795410	-42.390148
9030.487061	-42.489029
9033.178711	-42.381184
9035.870361	-41.500320
9038.562012	-41.902142
9041.253662	-42.464916
9043.945312	-44.009613
9046.636963	-42.868458
9049.328613	-43.481674
9052.020264	-41.533276
9054.711914	-42.246944
9057.403564	-41.078590
9060.095215	-42.526459
9062.786865	-43.755608
9065.478516	-42.358452
9068.170166	-42.858227
9070.861816	-44.626575
9073.553467	-45.347569
9076.245117	-44.286720
9078.936768	-44.108459
9081.628418	-46.371536
9084.320068	-45.509644
9087.011719	-45.637695
9089.703369	-48.040913
9092.395020	-46.059288
9095.086670	-48.084034
9097.778320	-48.710007
9100.469971	-47.566063
9103.161621	-47.222221
9105.853271	-48.192989
9108.544922	-50.007542
9111.236572	-50.795235
9113.928223	-48.735271
9116.619873	-49.439564
9119.311523	-49.863159
9122.003174	-49.508080
9124.694824	-49.227848
9127.386475	-50.050144
9130.078125	-50.362232
9132.769775	-49.227497
9135.461426	-50.517574
9138.153076	-52.510956
9140.844727	-52.478405
9143.536377	-51.284714
9146.228027	-51.877613
9148.919678	-52.170166
9151.611328	-52.730610
9154.302979	-52.569279
9156.994629	-52.576069
9159.686279	-51.856163
9162.377930	-54.091816
9165.069580	-52.843761
9167.761230	-52.139050
9170.452881	-53.291016
9173.144531	-53.863934
9175.836182	-52.465969
9178.527832	-52.652962
9181.219482	-52.570217
9183.911133	-53.788326
9186.602783	-53.011414
9189.294434	-53.140923
9191.986084	-53.551472
9194.677734	-53.829334
9197.369385	-53.773346
9200.061035	-52.828331
9202.752686	-53.594444
9205.444336	-53.957520
9208.135986	-53.701160
9210.827637	-53.580235
9213.519287	-54.191544
9216.210938	-55.736252
9218.902588	-53.507828
9221.594238	-54.049572
9224.285889	-54.224243
9226.977539	-53.460514
9229.669189	-53.485291
9232.360840	-53.770042
9235.052490	-54.279156
9237.744141	-54.032478
9240.435791	-53.740913
9243.127441	-54.276485
9245.819092	-54.011074
9248.510742	-54.248718
9251.202393	-54.582184
9253.894043	-53.107582
9256.585693	-55.665932
9259.277344	-54.387783
9261.968994	-54.256382
9264.660645	-53.841259
9267.352295	-55.742607
9270.043945	-54.130901
9272.735596	-52.510021
9275.427246	-54.735931
9278.118896	-53.853909
9280.810547	-52.029594
9283.502197	-53.797127
9286.193848	-53.178471
9288.885498	-52.767643
9291.577148	-52.015736
9294.268799	-52.744019
9296.960449	-52.367729
9299.652100	-52.690624
9302.343750	-52.369057
9305.035400	-53.644203
9307.727051	-53.339081
9310.418701	-53.004265
9313.110352	-51.208736
9315.802002	-51.688862
9318.493652	-51.116104
9321.185303	-51.288124
9323.876953	-52.520630
9326.568604	-50.828354
9329.260254	-51.200809
9331.951904	-52.053417
9334.643555	-50.341789
9337.335205	-51.994320
9340.026855	-50.901806
9342.718506	-50.931194
9345.410156	-50.243488
9348.101807	-51.263737
9350.793457	-49.996975
9353.485107	-50.485191
9356.176758	-48.918365
9358.868408	-49.962517
9361.560059	-47.167805
9364.251709	-47.448586
9366.943359	-48.723759
9369.635010	-46.790169
9372.326660	-47.252254
9375.018311	-47.299778
9377.709961	-47.373470
9380.401611	-48.007896
9383.093262	-46.273701
9385.784912	-45.940857
9388.476562	-44.153439
9391.168213	-45.102154
9393.859863	-45.562920
9396.551514	-44.765808
9399.243164	-44.933876
9401.934814	-44.653172
9404.626465	-42.787994
9407.318115	-43.020905
9410.009766	-41.738621
9412.701416	-42.524765
9415.393066	-43.426991
9418.084717	-40.745136
9420.776367	-42.605659
9423.468018	-40.942181
9426.159668	-41.752911
9428.851318	-40.822002
9431.542969	-40.538555
9434.234619	-40.048512
9436.926270	-41.496712
9439.617920	-40.373692
9442.309570	-40.710106
9445.001221	-40.569386
9447.692871	-40.939407
9450.384521	-43.064724
9453.076172	-41.347225
9455.767822	-41.886780
9458.459473	-43.900764
9461.151123	-44.885544
9463.842773	-44.175297
9466.534424	-44.098263
9469.226074	-43.933231
9471.917725	-45.605953
9474.609375	-47.012215
9477.301025	-46.719051
9479.992676	-47.027325
9482.684326	-46.274738
9485.375977	-47.697800
9488.067627	-47.634140
9490.759277	-47.193466
9493.450928	-47.314495
9496.142578	-47.999439
9498.834229	-47.090557
9501.525879	-48.996895
9504.217529	-49.443027
9506.909180	-50.117989
9509.600830	-49.759384
9512.292480	-49.559563
9514.984131	-50.818962
9517.675781	-50.180195
9520.367432	-49.589645
9523.059082	-50.169090
9525.750732	-50.431576
9528.442383	-50.476128
9531.134033	-51.444057
9533.825684	-50.996124
9536.517334	-50.901722
9539.208984	-51.731335
9541.900635	-52.737286
9544.592285	-51.392994
9547.283936	-51.171440
9549.975586	-51.890720
9552.667236	-53.530495
9555.358887	-52.352959
9558.050537	-53.617088
9560.742188	-52.298428
9563.433838	-52.443504
9566.125488	-51.792080
9568.817139	-51.454945
9571.508789	-53.141022
9574.200439	-52.921940
9576.892090	-53.123699
9579.583740	-51.508930
9582.275391	-52.731915
9584.967041	-53.119316
9587.658691	-53.602669
9590.350342	-53.306259
9593.041992	-52.475750
9595.733643	-54.089336
9598.425293	-53.840496
9601.116943	-54.305389
9603.808594	-54.431923
9606.500244	-53.803459
9609.191895	-54.007549
9611.883545	-54.766911
9614.575195	-54.265671
9617.266846	-53.607365
9619.958496	-54.356049
9622.650146	-54.582176
9625.341797	-52.891876
9628.033447	-55.108086
9630.725098	-55.063725
9633.416748	-54.502888
9636.108398	-53.288776
9638.800049	-53.412609
9641.491699	-54.690392
9644.183350	-54.176327
9646.875000	-53.989986
9649.566650	-53.401421
9652.258301	-52.372055
9654.949951	-54.191883
9657.641602	-53.567429
9660.333252	-51.896103
9663.024902	-54.977692
9665.716553	-52.943874
9668.408203	-53.468727
9671.099854	-53.708748
9673.791504	-53.674145
9676.483154	-52.123531
9679.174805	-53.215309
9681.866455	-53.303925
9684.558105	-52.942780
9687.249756	-53.964981
9689.941406	-52.478424
9692.633057	-52.003166
9695.324707	-52.577759
9698.016357	-53.355160
9700.708008	-52.066978
9703.399658	-51.972633
9706.091309	-52.148983
9708.782959	-50.873344
9711.474609	-52.656487
9714.166260	-52.563442
9716.857910	-50.934055
9719.549561	-50.835728
9722.241211	-51.700871
9724.932861	-51.482861
9727.624512	-50.727329
9730.316162	-50.325657
9733.007812	-50.026138
9735.699463	-50.381821
9738.391113	-50.170177
9741.082764	-50.235470
9743.774414	-49.989105
9746.466064	-49.939117
9749.157715	-48.674301
9751.849365	-48.061661
9754.541016	-47.393711
9757.232666	-48.103909
9759.924316	-47.603878
9762.615967	-48.323360
9765.307617	-47.765148
9767.999268	-47.415142
9770.690918	-46.250301
9773.382568	-46.871754
9776.074219	-46.267242
9778.765869	-45.643631
9781.457520	-44.919407
9784.149170	-44.473965
9786.840820	-43.681889
9789.532471	-45.511017
9792.224121	-43.329094
9794.915771	-42.469612
9797.607422	-43.808945
9800.299072	-43.642628
9802.990723	-41.230576
9805.682373	-40.668694
9808.374023	-42.364899
9811.065674	-42.437183
9813.757324	-40.587421
9816.448975	-40.683586
9819.140625	-40.808895
9821.832275	-39.613186
9824.523926	-41.105286
9827.215576	-40.785915
9829.907227	-41.260014
9832.598877	-41.157631
9835.290527	-41.634857
9837.982178	-40.861156
9840.673828	-42.012444
9843.365479	-42.301434
9846.057129	-42.975800
9848.748779	-43.889843
9851.440430	-44.123863
9854.132080	-44.888386
9856.823730	-43.189575
9859.515381	-45.866535
9862.207031	-46.014721
9864.898682	-45.493244
9867.590332	-47.792198
9870.281982	-45.306622
9872.973633	-46.653343
9875.665283	-48.259911
9878.356934	-48.981964
9881.048584	-47.937958
9883.740234	-48.721832
9886.431885	-49.214844
9889.123535	-47.719223
9891.815186	-48.416878
9894.506836	-50.109879
9897.198486	-50.957851
9899.890137	-49.274815
9902.581787	-50.850403
9905.273438	-50.355408
9907.965088	-51.432068
9910.656738	-50.119656
9913.348389	-51.214840
9916.040039	-50.611336
9918.731689	-51.692097
9921.423340	-52.719959
9924.114990	-51.195438
9926.806641	-53.184731
9929.498291	-51.509094
9932.189941	-52.098484
9934.881592	-52.748322
9937.573242	-52.073620
9940.264893	-52.496552
9942.956543	-52.134762
9945.648193	-52.466637
9948.339844	-53.995167
9951.031494	-53.208256
9953.723145	-52.190319
9956.414795	-53.061916
9959.106445	-52.844418
9961.798096	-52.945011
9964.489746	-53.624413
9967.181396	-54.610329
9969.873047	-53.155479
9972.564697	-53.169689
9975.256348	-53.004284
9977.947998	-54.101967
9980.639648	-53.982666
9983.331299	-53.689102
9986.022949	-53.934811
9988.714600	-54.749550
9991.406250	-53.422321
9994.097900	-54.883041
9996.789551	-52.820583
9999.481201	-53.971188
10002.172852	-54.602131
10004.864502	-53.808784
10007.556152	-53.023388
10010.247803	-53.176853
10012.939453	-52.847439
10015.631104	-53.691006
10018.322754	-53.797459
10021.014404	-52.358326
10023.706055	-52.267281
10026.397705	-53.877033
10029.089355	-54.072247
10031.781006	-55.465450
10034.472656	-54.334763
10037.164307	-54.331612
10039.855957	-54.501442
10042.547607	-54.523293
10045.239258	-54.880444
10047.930908	-54.407299
10050.622559	-54.168056
10053.314209	-53.947212
10056.005859	-55.152805
10058.697510	-53.670780
10061.389160	-54.542713
10064.080811	-54.887051
10066.772461	-54.310143
10069.464111	-54.362595
10072.155762	-53.615173
10074.847412	-54.235172
10077.539062	-54.911224
10080.230713	-53.031147
10082.922363	-54.032810
10085.614014	-54.848644
10088.305664	-53.814030
10090.997314	-53.066315
10093.688965	-53.664070
10096.380615	-53.641968
10099.072266	-51.572212
10101.763916	-52.500805
10104.455566	-53.121941
10107.147217	-53.086582
10109.838867	-51.999069
10112.530518	-51.929359
10115.222168	-51.601894
10117.913818	-52.445663
10120.605469	-51.825695
10123.297119	-51.797165
10125.988770	-50.009579
10128.680420	-50.726177
10131.372070	-51.596348
10134.063721	-50.711380
10136.755371	-51.369015
10139.447021	-49.867779
10142.138672	-50.185066
10144.830322	-50.983849
10147.521973	-50.859501
10150.213623	-50.092140
10152.905273	-49.046944
10155.596924	-49.651989
10158.288574	-48.384472
10160.980225	-48.320053
10163.671875	-48.947952
10166.363525	-47.619873
10169.055176	-46.401096
10171.746826	-46.907310
10174.438477	-47.062222
10177.130127	-45.888962
10179.821777	-46.301945
10182.513428	-45.475971
10185.205078	-44.841770
10187.896729	-44.016376
10190.588379	-44.006908
10193.280029	-44.541412
10195.971680	-44.539024
10198.663330	-42.468052
10201.354980	-43.241005
10204.046631	-43.499683
10206.738281	-42.368435
10209.429932	-42.520962
10212.121582	-41.232040
10214.813232	-41.809269
10217.504883	-43.651482
10220.196533	-42.685818
10222.888184	-42.701607
10225.579834	-43.305656
10228.271484	-43.941357
10230.963135	-44.774338
10233.654785	-45.921036
10236.346436	-45.139523
10239.038086	-45.180088
10241.729736	-46.462757
10244.421387	-46.953056
10247.113037	-47.089603
10249.804688	-48.263672
10252.496338	-47.060036
10255.187988	-46.966797
10257.879639	-48.624176
10260.571289	-48.472324
10263.262939	-48.706703
10265.954590	-49.151627
10268.646240	-49.749569
10271.337891	-49.959541
10274.029541	-51.471687
10276.721191	-50.177250
10279.412842	-51.448849
10282.104492	-50.920963
10284.796143	-51.588650
10287.487793	-52.297379
10290.179443	-52.283237
10292.871094	-51.435314
10295.562744	-53.247589
10298.254395	-54.237919
10300.946045	-52.764553
10303.637695	-53.870644
10306.329346	-53.809105
10309.020996	-53.185146
10311.712646	-53.547932
10314.404297	-53.514896
10317.095947	-54.676952
10319.787598	-54.290424
10322.479248	-53.790047
10325.170898	-55.305862
10327.862549	-56.075191
10330.554199	-54.430813
10333.245850	-56.013443
10335.937500	-54.582943
10338.629150	-55.004593
10341.320801	-55.523197
10344.012451	-56.112114
10346.704102	-57.173031
10349.395752	-56.323742
10352.087402	-56.110184
10354.779053	-56.340458
10357.470703	-56.642189
10360.162354	-56.422832
10362.854004	-55.476925
10365.545654	-55.942280
10368.237305	-56.427326
10370.928955	-58.002602
10373.620605	-57.265953
10376.312256	-57.412857
10379.003906	-57.401096
10381.695557	-57.348480
10384.387207	-57.357780
10387.078857	-57.317020
10389.770508	-58.574402
10392.462158	-58.434315
10395.153809	-58.481331
10397.845459	-57.333588
10400.537109	-57.174068
10403.228760	-58.392849
10405.920410	-57.238373
10408.612061	-59.785061
10411.303711	-58.286533
10413.995361	-58.024555
10416.687012	-58.406380
10419.378662	-58.725426
10422.070312	-57.384151
10424.761963	-58.473316
10427.453613	-59.825802
10430.145264	-58.895561
10432.836914	-58.034134
10435.528564	-57.189949
10438.220215	-58.789299
10440.911865	-57.554066
10443.603516	-59.031773
10446.295166	-58.331036
10448.986816	-58.565399
10451.678467	-57.457237
10454.370117	-57.704170
10457.061768	-58.085060
10459.753418	-58.700729
10462.445068	-58.346813
10465.136719	-59.057808
10467.828369	-59.195511
10470.520020	-57.174923
10473.211670	-58.362919
10475.903320	-58.762966
10478.594971	-56.837063
10481.286621	-58.068367
10483.978271	-57.096256
10486.669922	-58.676914
10489.361572	-57.563824
10492.053223	-57.841324
10494.744873	-57.732121
10497.436523	-58.676815
10500.128174	-59.126335
10502.819824	-58.075520
10505.511475	-57.649994
10508.203125	-57.585648
10510.894775	-56.749641
10513.586426	-58.869812
10516.278076	-56.581730
10518.969727	-56.764507
10521.661377	-57.087051
10524.353027	-57.554436
10527.044678	-56.372574
10529.736328	-58.009251
10532.427979	-57.018513
10535.119629	-56.116158
10537.811279	-56.064781
10540.502930	-56.120068
10543.194580	-56.296959
10545.886230	-56.782249
10548.577881	-55.716732
10551.269531	-55.471645
10553.961182	-55.045086
10556.652832	-55.971306
10559.344482	-54.536648
10562.036133	-54.483925
10564.727783	-52.685604
10567.419434	-52.899075
10570.111084	-53.659710
10572.802734	-51.858803
10575.494385	-53.221794
10578.186035	-52.120083
10580.877686	-52.196957
10583.569336	-52.325638
10586.260986	-50.866791
10588.952637	-49.821476
10591.644287	-51.376945
10594.335938	-49.441269
10597.027588	-50.388718
10599.719238	-50.265366
10602.410889	-49.788204
10605.102539	-49.347858
10607.794189	-50.605026
10610.485840	-50.670483
10613.177490	-51.527431
10615.869141	-50.728939
10618.560791	-52.369164
10621.252441	-53.470039
10623.944092	-52.085407
10626.635742	-53.182194
10629.327393	-53.146339
10632.019043	-55.073898
10634.710693	-55.000404
10637.402344	-56.158962
10640.093994	-56.896763
10642.785645	-56.145283
10645.477295	-56.450920
10648.168945	-57.231239
10650.860596	-58.975414
10653.552246	-58.290516
10656.243896	-58.433659
10658.935547	-58.877277
10661.627197	-59.010609
10664.318848	-60.421955
10667.010498	-60.285149
10669.702148	-60.112583
10672.393799	-60.888622
10675.085449	-61.515305
10677.777100	-61.846447
10680.468750	-61.447220
10683.160400	-62.872433
10685.852051	-61.764297
10688.543701	-62.803951
10691.235352	-63.172531
10693.927002	-63.067436
10696.618652	-63.143944
10699.310303	-63.108044
10702.001953	-63.005695
10704.693604	-62.355946
10707.385254	-64.337677
10710.076904	-64.805328
10712.768555	-65.720879
10715.460205	-64.607162
10718.151855	-65.212845
10720.843506	-64.985016
10723.535156	-65.518951
10726.226807	-64.459892
10728.918457	-66.309151
10731.610107	-66.314117
10734.301758	-66.316376
10736.993408	-66.384102
10739.685059	-68.532585
10742.376709	-66.947006
10745.068359	-67.030602
10747.760010	-68.343636
10750.451660	-67.322319
10753.143311	-68.725494
10755.834961	-67.031158
10758.526611	-69.058197
10761.218262	-67.427895
10763.909912	-68.162254
10766.601562	-68.158981
10769.293213	-68.885162
10771.984863	-68.952858
10774.676514	-69.217682
10777.368164	-70.606468
10780.059814	-69.781075
10782.751465	-69.914993
10785.443115	-69.474564
10788.134766	-70.730064
10790.826416	-70.720322
10793.518066	-71.168922
10796.209717	-70.770470
10798.901367	-71.002632
10801.593018	-71.091293
10804.284668	-71.172531
10806.976318	-70.397171
10809.667969	-70.407173
10812.359619	-71.334167
10815.051270	-71.778534
10817.742920	-71.521873
10820.434570	-72.132759
10823.126221	-71.559227
10825.817871	-71.041618
10828.509521	-71.398567
10831.201172	-71.833580
10833.892822	-72.252640
10836.584473	-72.536629
10839.276123	-71.689735
10841.967773	-71.781860
10844.659424	-72.200409
10847.351074	-71.904037
10850.042725	-74.056618
10852.734375	-71.552162
10855.426025	-72.575890
10858.117676	-73.068092
10860.809326	-71.971916
10863.500977	-72.676544
10866.192627	-72.818825
10868.884277	-74.062683
10871.575928	-72.286240
10874.267578	-72.133057
10876.959229	-75.146011
10879.650879	-72.426788
10882.342529	-71.891052
10885.034180	-73.437454
10887.725830	-72.027489
10890.417480	-73.962929
10893.109131	-72.506958
10895.800781	-72.822571
10898.492432	-72.836571
10901.184082	-72.833817
10903.875732	-73.692802
10906.567383	-74.036057
10909.259033	-73.570129
10911.950684	-73.969566
10914.642334	-73.428253
10917.333984	-72.872475
10920.025635	-72.638504
10922.717285	-72.153816
10925.408936	-72.896263
10928.100586	-74.134956
10930.792236	-72.287056
10933.483887	-72.278816
10936.175537	-72.561127
10938.867188	-72.621651
10941.558838	-72.618477
10944.250488	-72.621964
10946.942139	-71.338539
10949.633789	-73.327301
10952.325439	-72.006065
10955.017090	-69.889275
10957.708740	-71.460579
10960.400391	-72.205063
10963.092041	-70.998734
10965.783691	-71.980125
10968.475342	-70.237152
10971.166992	-71.148941
10973.858643	-71.199448
10976.550293	-69.522774
10979.241943	-70.293869
10981.933594	-69.112427
10984.625244	-69.001930
10987.316895	-70.290741
10990.008545	-68.894623
10992.700195	-69.297783
10995.391846	-69.922630
10998.083496	-70.010674
11000.775146	-69.640953
11003.466797	-69.243912
11006.158447	-69.868446
11008.850098	-71.333435
11011.541748	-70.939606
11014.233398	-71.316116
11016.925049	-71.919815
11019.616699	-71.704422
11022.308350	-71.767815
