Frequency (Hz)	Level (dB)
2.691650	-72.885612
5.383301	-72.643860
8.074951	-72.667473
10.766602	-70.992767
13.458252	-69.063240
16.149902	-71.476067
18.841553	-69.915474
21.533203	-71.095535
24.224854	-67.090149
26.916504	-67.156914
29.608154	-67.761124
32.299805	-67.378265
34.991455	-66.997498
37.683105	-66.401726
40.374756	-66.299263
43.066406	-67.124092
45.758057	-66.772263
48.449707	-66.697098
51.141357	-67.183525
53.833008	-67.348625
56.524658	-66.712410
59.216309	-67.314644
61.907959	-66.726501
64.599609	-66.880669
67.291260	-66.689857
69.982910	-67.260269
72.674561	-67.130577
75.366211	-68.346489
78.057861	-66.597946
80.749512	-66.625458
83.441162	-66.242119
86.132812	-66.037132
88.824463	-66.318222
91.516113	-65.868851
94.207764	-66.571236
96.899414	-66.879166
99.591064	-65.884338
102.282715	-67.217216
104.974365	-66.131004
107.666016	-66.300957
110.357666	-65.940224
113.049316	-65.844299
115.740967	-66.906418
118.432617	-67.260010
121.124268	-65.553139
123.815918	-65.610519
126.507568	-66.420784
129.199219	-66.306633
131.890869	-65.178444
134.582520	-65.768593
137.274170	-66.031059
139.965820	-66.202858
142.657471	-65.993057
145.349121	-65.387321
148.040771	-65.442291
150.732422	-64.385468
153.424072	-66.080513
156.115723	-66.451988
158.807373	-65.343933
161.499023	-63.586914
164.190674	-65.105019
166.882324	-64.761749
169.573975	-65.761971
172.265625	-65.707832
174.957275	-65.252457
177.648926	-65.010674
180.340576	-65.740326
183.032227	-64.402908
185.723877	-66.311081
188.415527	-64.825699
191.107178	-63.926640
193.798828	-64.309097
196.490479	-64.291870
199.182129	-64.188171
201.873779	-64.718491
204.565430	-64.720406
207.257080	-64.849167
209.948730	-65.817055
212.640381	-63.953789
215.332031	-63.696152
218.023682	-63.789436
220.715332	-62.967888
223.406982	-64.432770
226.098633	-62.829376
228.790283	-61.463474
231.481934	-63.080208
234.173584	-62.238033
236.865234	-63.926655
239.556885	-61.213799
242.248535	-61.460556
244.940186	-62.001038
247.631836	-60.822872
250.323486	-60.650806
253.015137	-60.356083
255.706787	-59.769527
258.398438	-59.616760
261.090088	-58.572556
263.781738	-57.441120
266.473389	-58.464687
269.165039	-57.534306
271.856689	-55.720955
274.548340	-55.470249
277.239990	-54.461376
279.931641	-54.523403
282.623291	-52.965797
285.314941	-52.773304
288.006592	-51.425911
290.698242	-50.145481
293.389893	-48.999916
296.081543	-50.238071
298.773193	-50.366428
301.464844	-48.777958
304.156494	-48.134056
306.848145	-49.009121
309.539795	-46.874176
312.231445	-46.524258
314.923096	-46.183655
317.614746	-46.773918
320.306396	-46.805901
322.998047	-47.305714
325.689697	-48.435444
328.381348	-49.108543
331.072998	-49.086617
333.764648	-49.612232
336.456299	-48.968300
339.147949	-49.855663
341.839600	-49.374557
344.531250	-51.483650
347.222900	-49.703480
349.914551	-50.743267
352.606201	-51.013847
355.297852	-51.340588
357.989502	-51.985157
360.681152	-53.207802
363.372803	-53.433449
366.064453	-52.450283
368.756104	-51.402138
371.447754	-52.351917
374.139404	-52.444954
376.831055	-52.081860
379.522705	-52.510338
382.214355	-51.667877
384.906006	-51.466454
387.597656	-52.122128
390.289307	-52.221706
392.980957	-52.281616
395.672607	-51.670593
398.364258	-52.345718
401.055908	-51.218319
403.747559	-52.388466
406.439209	-51.831779
409.130859	-52.416107
411.822510	-52.599110
414.514160	-52.609901
417.205811	-51.515079
419.897461	-51.460045
422.589111	-51.335224
425.280762	-51.135399
427.972412	-51.491253
430.664062	-51.041996
433.355713	-50.223133
436.047363	-51.125187
438.739014	-49.820156
441.430664	-50.290146
444.122314	-51.587643
446.813965	-50.674503
449.505615	-49.405212
452.197266	-48.426094
454.888916	-50.774113
457.580566	-50.510162
460.272217	-49.585144
462.963867	-50.624447
465.655518	-48.987148
468.347168	-50.116737
471.038818	-49.282555
473.730469	-47.578037
476.422119	-48.804104
479.113770	-48.463337
481.805420	-48.233990
484.497070	-47.898655
487.188721	-48.600620
489.880371	-47.586540
492.572021	-45.903294
495.263672	-46.730450
497.955322	-46.767067
500.646973	-45.760082
503.338623	-48.260075
506.030273	-45.663712
508.721924	-45.073059
511.413574	-45.556015
514.105225	-43.463646
516.796875	-44.429264
519.488525	-42.844936
522.180176	-43.194355
524.871826	-43.294762
527.563477	-42.984222
530.255127	-43.550640
532.946777	-43.226246
535.638428	-41.821983
538.330078	-43.158924
541.021729	-41.559719
543.713379	-41.296021
546.405029	-41.793739
549.096680	-40.652699
551.788330	-43.101639
554.479980	-41.426781
557.171631	-41.545528
559.863281	-41.803806
562.554932	-41.468155
565.246582	-41.086494
567.938232	-40.050747
570.629883	-40.743801
573.321533	-40.399250
576.013184	-40.587326
578.704834	-39.548382
581.396484	-38.852036
584.088135	-42.223839
586.779785	-41.345589
589.471436	-40.643147
592.163086	-42.196476
594.854736	-40.342274
597.546387	-40.933495
600.238037	-41.226753
602.929688	-41.218552
605.621338	-41.269604
608.312988	-41.467083
611.004639	-39.913136
613.696289	-41.624741
616.387939	-40.168667
619.079590	-40.765923
621.771240	-41.230289
624.462891	-41.834637
627.154541	-41.338512
629.846191	-40.918846
632.537842	-42.345684
635.229492	-42.606407
637.921143	-41.059719
640.612793	-41.441090
643.304443	-42.084164
645.996094	-43.274212
648.687744	-42.310444
651.379395	-41.136700
654.071045	-42.701935
656.762695	-41.298557
659.454346	-42.217163
662.145996	-42.277576
664.837646	-42.155525
667.529297	-42.982750
670.220947	-42.288822
672.912598	-42.500210
675.604248	-41.790173
678.295898	-42.639973
680.987549	-41.764484
683.679199	-42.836090
686.370850	-42.265865
689.062500	-41.325787
691.754150	-42.692013
694.445801	-41.387718
697.137451	-42.857342
699.829102	-42.633770
702.520752	-43.376171
705.212402	-42.611996
707.904053	-41.344505
710.595703	-43.029636
713.287354	-41.880779
715.979004	-41.866127
718.670654	-42.745941
721.362305	-41.930111
724.053955	-42.852379
726.745605	-42.360264
729.437256	-43.326370
732.128906	-45.094952
734.820557	-42.224335
737.512207	-42.166256
740.203857	-44.271660
742.895508	-42.566254
745.587158	-42.352020
748.278809	-43.333122
750.970459	-43.128819
753.662109	-43.116848
756.353760	-42.970207
759.045410	-42.733841
761.737061	-43.887905
764.428711	-44.471336
767.120361	-42.934338
769.812012	-43.214661
772.503662	-43.978230
775.195312	-42.879936
777.886963	-43.563850
780.578613	-43.271320
783.270264	-43.041462
785.961914	-43.250282
788.653564	-43.238182
791.345215	-44.028797
794.036865	-43.557381
796.728516	-42.485207
799.420166	-41.657185
802.111816	-43.785271
804.803467	-44.128712
807.495117	-44.456169
810.186768	-43.042637
812.878418	-41.976776
815.570068	-42.587643
818.261719	-42.492073
820.953369	-41.583630
823.645020	-41.786461
826.336670	-42.262772
829.028320	-42.231564
831.719971	-42.255718
834.411621	-41.619602
837.103271	-42.579292
839.794922	-40.669529
842.486572	-41.356163
845.178223	-42.043850
847.869873	-42.257198
850.561523	-42.270325
853.253174	-41.129215
855.944824	-40.927547
858.636475	-40.588173
861.328125	-40.552299
864.019775	-41.264015
866.711426	-41.675453
869.403076	-41.055000
872.094727	-40.665653
874.786377	-39.988014
877.478027	-41.901806
880.169678	-40.625462
882.861328	-40.465065
885.552979	-41.964809
888.244629	-40.750381
890.936279	-40.646847
893.627930	-39.699554
896.319580	-39.563328
899.011230	-40.225498
901.702881	-41.081764
904.394531	-42.080967
907.086182	-39.366226
909.777832	-38.534241
912.469482	-38.833149
915.161133	-39.270458
917.852783	-38.984035
920.544434	-39.856789
923.236084	-40.594673
925.927734	-38.830074
928.619385	-40.325302
931.311035	-37.623760
934.002686	-37.984966
936.694336	-39.068951
939.385986	-38.261017
942.077637	-38.202938
944.769287	-37.420547
947.460938	-38.002644
950.152588	-39.016724
952.844238	-37.868279
955.535889	-38.149391
958.227539	-39.089947
960.919189	-37.366821
963.610840	-36.629654
966.302490	-37.054474
968.994141	-37.314857
971.685791	-35.970512
974.377441	-35.572521
977.069092	-35.085869
979.760742	-37.749466
982.452393	-36.691166
985.144043	-36.949337
987.835693	-37.489799
990.527344	-37.410721
993.218994	-36.503246
995.910645	-37.215740
998.602295	-36.362850
1001.293945	-38.174656
1003.985596	-37.705215
1006.677246	-37.606113
1009.368896	-36.966953
1012.060547	-37.177055
1014.752197	-37.344685
1017.443848	-36.955475
1020.135498	-38.127094
1022.827148	-38.293724
1025.518799	-38.119183
1028.210449	-37.740185
1030.902100	-37.264065
1033.593750	-38.355045
1036.285400	-38.061600
1038.977051	-39.163891
1041.668701	-37.878349
1044.360352	-38.559139
1047.052002	-38.907082
1049.743652	-38.434067
1052.435303	-38.898544
1055.126953	-38.946529
1057.818604	-38.687355
1060.510254	-38.919918
1063.201904	-39.297798
1065.893555	-39.480137
1068.585205	-40.069809
1071.276855	-40.076351
1073.968506	-40.286266
1076.660156	-39.373421
1079.351807	-39.823792
1082.043457	-39.659653
1084.735107	-40.588932
1087.426758	-41.863121
1090.118408	-41.436314
1092.810059	-40.266464
1095.501709	-41.807804
1098.193359	-40.836155
1100.885010	-41.524143
1103.576660	-41.133541
1106.268311	-40.401165
1108.959961	-40.665901
1111.651611	-40.058254
1114.343262	-42.481651
1117.034912	-41.790569
1119.726562	-41.276581
1122.418213	-42.184853
1125.109863	-42.112068
1127.801514	-43.028061
1130.493164	-42.597816
1133.184814	-41.510811
1135.876465	-42.275948
1138.568115	-39.994247
1141.259766	-39.683090
1143.951416	-41.610397
1146.643066	-41.164013
1149.334717	-42.926830
1152.026367	-42.276672
1154.718018	-41.319595
1157.409668	-41.762169
1160.101318	-40.664787
1162.792969	-41.234463
1165.484619	-39.812992
1168.176270	-41.724518
1170.867920	-41.294491
1173.559570	-40.472515
1176.251221	-40.799458
1178.942871	-39.586571
1181.634521	-41.343769
1184.326172	-40.636032
1187.017822	-40.222374
1189.709473	-40.895500
1192.401123	-40.199059
1195.092773	-40.239269
1197.784424	-40.592979
1200.476074	-40.732441
1203.167725	-41.280605
1205.859375	-40.500431
1208.551025	-39.418060
1211.242676	-38.252934
1213.934326	-38.728237
1216.625977	-39.226021
1219.317627	-37.963196
1222.009277	-38.915829
1224.700928	-39.283363
1227.392578	-39.127510
1230.084229	-38.867073
1232.775879	-39.605679
1235.467529	-38.196766
1238.159180	-38.043522
1240.850830	-38.353260
1243.542480	-37.279057
1246.234131	-36.149891
1248.925781	-37.051750
1251.617432	-36.436329
1254.309082	-35.840645
1257.000732	-36.566483
1259.692383	-36.882797
1262.384033	-35.362926
1265.075684	-35.344837
1267.767334	-36.180656
1270.458984	-35.759525
1273.150635	-34.749069
1275.842285	-34.360275
1278.533936	-34.824585
1281.225586	-33.982269
1283.917236	-33.883930
1286.608887	-34.075489
1289.300537	-34.007381
1291.992188	-35.422840
1294.683838	-36.042725
1297.375488	-34.995251
1300.067139	-35.019928
1302.758789	-35.253384
1305.450439	-34.901901
1308.142090	-37.143330
1310.833740	-36.267521
1313.525391	-37.380753
1316.217041	-38.431103
1318.908691	-36.384678
1321.600342	-37.843307
1324.291992	-38.577213
1326.983643	-37.348068
1329.675293	-36.970856
1332.366943	-39.811867
1335.058594	-38.349930
1337.750244	-39.625690
1340.441895	-38.132076
1343.133545	-39.982819
1345.825195	-40.022354
1348.516846	-40.097248
1351.208496	-39.893021
1353.900146	-40.814095
1356.591797	-41.117031
1359.283447	-39.803989
1361.975098	-40.882568
1364.666748	-40.440884
1367.358398	-42.245274
1370.050049	-39.965031
1372.741699	-39.696980
1375.433350	-41.936966
1378.125000	-43.236645
1380.816650	-43.468784
1383.508301	-43.135632
1386.199951	-41.923538
1388.891602	-41.997631
1391.583252	-43.201786
1394.274902	-42.363384
1396.966553	-43.193390
1399.658203	-43.594383
1402.349854	-42.860989
1405.041504	-42.328632
1407.733154	-43.297016
1410.424805	-45.032665
1413.116455	-43.935127
1415.808105	-44.138252
1418.499756	-43.382351
1421.191406	-44.464642
1423.883057	-43.758053
1426.574707	-43.726509
1429.266357	-43.187916
1431.958008	-43.987015
1434.649658	-44.609425
1437.341309	-44.104992
1440.032959	-44.407310
1442.724609	-43.759930
1445.416260	-44.385128
1448.107910	-45.009354
1450.799561	-46.035778
1453.491211	-45.102459
1456.182861	-44.538616
1458.874512	-44.278080
1461.566162	-44.546543
1464.257812	-44.320652
1466.949463	-45.397270
1469.641113	-44.275578
1472.332764	-45.140713
1475.024414	-45.953960
1477.716064	-45.313175
1480.407715	-44.737629
1483.099365	-46.199409
1485.791016	-45.231262
1488.482666	-45.841393
1491.174316	-45.907814
1493.865967	-46.615097
1496.557617	-46.669704
1499.249268	-45.230633
1501.940918	-44.761269
1504.632568	-44.915478
1507.324219	-44.535248
1510.015869	-44.472931
1512.707520	-45.013405
1515.399170	-44.979408
1518.090820	-44.709431
1520.782471	-44.212257
1523.474121	-44.675747
1526.165771	-43.138378
1528.857422	-43.155445
1531.549072	-43.938080
1534.240723	-44.770050
1536.932373	-44.333389
1539.624023	-45.699440
1542.315674	-44.299450
1545.007324	-44.393703
1547.698975	-43.544682
1550.390625	-44.105114
1553.082275	-43.066036
1555.773926	-44.364185
1558.465576	-43.989635
1561.157227	-43.543633
1563.848877	-42.106010
1566.540527	-43.167538
1569.232178	-41.974285
1571.923828	-43.068237
1574.615479	-41.083870
1577.307129	-42.074322
1579.998779	-42.166512
1582.690430	-41.826000
1585.382080	-41.187321
1588.073730	-39.655499
1590.765381	-39.989449
1593.457031	-40.879299
1596.148682	-40.291763
1598.840332	-42.043705
1601.531982	-39.773449
1604.223633	-39.569202
1606.915283	-39.383587
1609.606934	-38.209396
1612.298584	-38.637913
1614.990234	-36.600800
1617.681885	-36.924965
1620.373535	-37.238777
1623.065186	-36.895065
1625.756836	-37.233620
1628.448486	-37.373619
1631.140137	-36.966957
1633.831787	-36.386490
1636.523438	-37.499046
1639.215088	-35.417339
1641.906738	-36.132046
1644.598389	-36.393177
1647.290039	-37.300026
1649.981689	-36.623615
1652.673340	-37.511253
1655.364990	-37.868221
1658.056641	-35.834373
1660.748291	-37.125191
1663.439941	-36.980511
1666.131592	-38.220402
1668.823242	-39.258663
1671.514893	-39.480465
1674.206543	-39.377346
1676.898193	-39.385300
1679.589844	-38.997608
1682.281494	-39.372059
1684.973145	-41.204933
1687.664795	-40.250317
1690.356445	-40.873108
1693.048096	-42.022602
1695.739746	-41.789005
1698.431396	-41.737091
1701.123047	-41.924309
1703.814697	-42.981655
1706.506348	-42.181393
1709.197998	-44.021828
1711.889648	-42.181400
1714.581299	-43.840466
1717.272949	-43.140236
1719.964600	-42.408394
1722.656250	-43.607246
1725.347900	-43.272842
1728.039551	-42.693806
1730.731201	-44.418365
1733.422852	-44.670158
1736.114502	-45.107632
1738.806152	-46.255466
1741.497803	-45.193165
1744.189453	-45.275326
1746.881104	-45.482361
1749.572754	-46.228970
1752.264404	-46.219036
1754.956055	-45.956928
1757.647705	-47.308716
1760.339355	-47.288528
1763.031006	-47.427216
1765.722656	-47.876503
1768.414307	-48.190548
1771.105957	-46.313808
1773.797607	-47.020412
1776.489258	-46.184872
1779.180908	-47.428101
1781.872559	-47.784477
1784.564209	-48.108166
1787.255859	-47.074799
1789.947510	-49.150612
1792.639160	-49.056580
1795.330811	-48.333447
1798.022461	-47.552490
1800.714111	-48.283436
1803.405762	-47.976940
1806.097412	-48.485065
1808.789062	-48.888100
1811.480713	-49.470688
1814.172363	-47.071777
1816.864014	-48.285744
1819.555664	-48.094173
1822.247314	-47.572109
1824.938965	-47.386642
1827.630615	-49.193054
1830.322266	-48.827465
1833.013916	-47.870663
1835.705566	-50.101730
1838.397217	-48.154736
1841.088867	-48.367954
1843.780518	-49.227013
1846.472168	-49.066608
1849.163818	-49.692326
1851.855469	-48.638454
1854.547119	-48.194324
1857.238770	-49.841763
1859.930420	-49.519695
1862.622070	-48.835102
1865.313721	-47.349953
1868.005371	-48.303719
1870.697021	-47.688690
1873.388672	-47.222813
1876.080322	-47.973175
1878.771973	-46.327900
1881.463623	-48.269878
1884.155273	-49.453861
1886.846924	-48.140465
1889.538574	-47.051453
1892.230225	-48.281715
1894.921875	-49.712574
1897.613525	-47.731926
1900.305176	-47.610489
1902.996826	-46.744621
1905.688477	-46.435055
1908.380127	-48.082291
1911.071777	-46.715706
1913.763428	-45.710625
1916.455078	-46.183563
1919.146729	-45.600307
1921.838379	-46.473698
1924.530029	-45.127335
1927.221680	-44.707623
1929.913330	-44.873516
1932.604980	-45.676151
1935.296631	-43.982494
1937.988281	-45.145504
1940.679932	-44.237427
1943.371582	-44.606686
1946.063232	-45.286999
1948.754883	-44.052586
1951.446533	-43.889019
1954.138184	-43.937794
1956.829834	-43.874954
1959.521484	-41.501282
1962.213135	-41.933479
1964.904785	-42.975033
1967.596436	-41.786064
1970.288086	-42.823803
1972.979736	-41.741882
1975.671387	-41.937847
1978.363037	-41.041687
1981.054688	-39.600651
1983.746338	-40.204979
1986.437988	-40.536839
1989.129639	-39.124275
1991.821289	-37.978992
1994.512939	-38.260384
1997.204590	-39.769524
1999.896240	-39.763172
2002.587891	-38.536697
2005.279541	-39.007763
2007.971191	-37.423855
2010.662842	-38.511395
2013.354492	-38.305683
2016.046143	-36.451561
2018.737793	-38.060905
2021.429443	-38.235470
2024.121094	-38.903423
2026.812744	-38.429226
2029.504395	-39.585587
2032.196045	-39.374485
2034.887695	-40.097134
2037.579346	-39.654003
2040.270996	-39.407864
2042.962646	-41.721626
2045.654297	-39.567131
2048.345947	-40.472725
2051.037598	-40.091202
2053.729248	-41.551048
2056.420898	-41.765919
2059.112549	-41.751732
2061.804199	-41.970627
2064.495850	-42.910320
2067.187500	-43.881409
2069.879150	-44.341175
2072.570801	-44.015823
2075.262451	-43.927479
2077.954102	-44.284710
2080.645752	-46.485493
2083.337402	-45.524380
2086.029053	-45.828903
2088.720703	-44.425480
2091.412354	-46.264755
2094.104004	-45.813503
2096.795654	-46.917027
2099.487305	-46.583805
2102.178955	-46.157707
2104.870605	-47.103432
2107.562256	-47.531372
2110.253906	-47.574722
2112.945557	-48.238213
2115.637207	-47.607830
2118.328857	-47.809711
2121.020508	-47.948021
2123.712158	-47.148460
2126.403809	-47.609695
2129.095459	-48.669247
2131.787109	-48.579357
2134.478760	-47.630787
2137.170410	-48.158718
2139.862061	-48.632320
2142.553711	-47.807465
2145.245361	-47.780540
2147.937012	-48.337029
2150.628662	-49.614254
2153.320312	-49.067822
2156.011963	-48.446621
2158.703613	-49.206718
2161.395264	-49.400013
2164.086914	-49.780117
2166.778564	-49.638149
2169.470215	-50.191921
2172.161865	-49.850830
2174.853516	-49.122749
2177.545166	-49.614422
2180.236816	-49.534412
2182.928467	-49.714581
2185.620117	-49.230877
2188.311768	-49.862442
2191.003418	-50.496826
2193.695068	-49.343739
2196.386719	-52.400848
2199.078369	-49.191288
2201.770020	-49.273342
2204.461670	-49.669792
2207.153320	-49.354897
2209.844971	-48.815182
2212.536621	-49.600494
2215.228271	-50.615726
2217.919922	-50.514507
2220.611572	-49.784466
2223.303223	-50.545986
2225.994873	-51.817978
2228.686523	-49.793461
2231.378174	-49.967762
2234.069824	-51.031387
2236.761475	-50.036945
2239.453125	-49.133694
2242.144775	-49.992645
2244.836426	-50.543774
2247.528076	-49.414806
2250.219727	-48.753567
2252.911377	-49.550411
2255.603027	-49.863380
2258.294678	-48.624226
2260.986328	-49.278030
2263.677979	-49.128353
2266.369629	-48.740761
2269.061279	-49.165119
2271.752930	-50.226879
2274.444580	-48.871273
2277.136230	-48.841560
2279.827881	-47.366993
2282.519531	-48.643291
2285.211182	-47.848228
2287.902832	-47.526600
2290.594482	-48.364662
2293.286133	-47.471153
2295.977783	-47.872581
2298.669434	-48.356117
2301.361084	-48.987190
2304.052734	-46.937935
2306.744385	-47.112667
2309.436035	-48.432716
2312.127686	-47.057903
2314.819336	-46.007736
2317.510986	-46.389656
2320.202637	-47.243549
2322.894287	-47.542442
2325.585938	-45.698448
2328.277588	-45.343029
2330.969238	-46.021049
2333.660889	-44.930500
2336.352539	-43.757885
2339.044189	-43.307884
2341.735840	-43.187263
2344.427490	-45.617870
2347.119141	-42.654747
2349.810791	-42.861595
2352.502441	-42.823086
2355.194092	-44.565445
2357.885742	-43.116295
2360.577393	-42.258617
2363.269043	-43.182919
2365.960693	-41.313301
2368.652344	-42.118496
2371.343994	-41.001312
2374.035645	-40.327633
2376.727295	-39.906914
2379.418945	-40.433491
2382.110596	-41.393608
2384.802246	-39.398659
2387.493896	-38.619461
2390.185547	-40.162418
2392.877197	-38.643047
2395.568848	-37.988422
2398.260498	-37.985958
2400.952148	-37.935120
2403.643799	-37.260456
2406.335449	-39.156696
2409.027100	-38.517635
2411.718750	-40.844971
2414.410400	-38.916103
2417.102051	-39.495304
2419.793701	-40.012787
2422.485352	-39.787178
2425.177002	-40.487461
2427.868652	-43.099808
2430.560303	-42.822693
2433.251953	-41.550583
2435.943604	-41.951664
2438.635254	-44.160141
2441.326904	-42.489937
2444.018555	-43.508854
2446.710205	-44.805065
2449.401855	-44.570335
2452.093506	-45.948364
2454.785156	-45.682602
2457.476807	-46.876453
2460.168457	-46.211052
2462.860107	-45.927917
2465.551758	-45.511265
2468.243408	-46.023266
2470.935059	-47.195446
2473.626709	-48.288609
2476.318359	-47.454208
2479.010010	-47.657490
2481.701660	-47.498062
2484.393311	-46.746513
2487.084961	-47.303226
2489.776611	-46.813591
2492.468262	-49.075470
2495.159912	-48.497868
2497.851562	-50.237041
2500.543213	-48.827595
2503.234863	-50.028755
2505.926514	-48.794899
2508.618164	-50.000347
2511.309814	-49.074615
2514.001465	-47.905392
2516.693115	-48.918808
2519.384766	-49.135445
2522.076416	-50.542351
2524.768066	-50.506508
2527.459717	-49.310707
2530.151367	-51.547455
2532.843018	-50.370277
2535.534668	-50.048233
2538.226318	-51.422649
2540.917969	-51.935516
2543.609619	-51.342415
2546.301270	-51.515247
2548.992920	-51.371311
2551.684570	-51.295017
2554.376221	-51.195545
2557.067871	-51.760948
2559.759521	-50.837929
2562.451172	-51.262146
2565.142822	-50.450809
2567.834473	-52.077473
2570.526123	-51.376015
2573.217773	-51.294117
2575.909424	-49.636692
2578.601074	-50.486912
2581.292725	-50.992950
2583.984375	-49.706337
2586.676025	-51.472321
2589.367676	-50.915661
2592.059326	-51.404221
2594.750977	-51.704018
2597.442627	-51.574085
2600.134277	-53.027222
2602.825928	-50.723183
2605.517578	-51.630371
2608.209229	-50.563431
2610.900879	-50.534927
2613.592529	-51.526318
2616.284180	-50.421230
2618.975830	-51.189827
2621.667480	-53.305325
2624.359131	-51.039375
2627.050781	-49.699768
2629.742432	-50.993553
2632.434082	-51.966175
2635.125732	-50.559872
2637.817383	-49.496765
2640.509033	-49.341949
2643.200684	-50.899265
2645.892334	-50.267689
2648.583984	-50.194248
2651.275635	-50.360081
2653.967285	-52.097122
2656.658936	-48.128857
2659.350586	-50.428299
2662.042236	-49.565540
2664.733887	-50.586792
2667.425537	-48.749149
2670.117188	-48.675621
2672.808838	-48.989735
2675.500488	-50.032875
2678.192139	-49.323383
2680.883789	-49.482307
2683.575439	-48.198925
2686.267090	-48.243698
2688.958740	-47.954880
2691.650391	-48.913280
2694.342041	-48.514427
2697.033691	-48.421005
2699.725342	-47.244286
2702.416992	-49.289268
2705.108643	-47.396923
2707.800293	-48.094894
2710.491943	-48.295723
2713.183594	-47.373253
2715.875244	-47.452286
2718.566895	-46.400520
2721.258545	-45.442734
2723.950195	-46.456741
2726.641846	-45.729115
2729.333496	-46.049736
2732.025146	-44.034843
2734.716797	-46.068085
2737.408447	-43.980762
2740.100098	-43.873009
2742.791748	-42.554977
2745.483398	-43.654774
2748.175049	-43.470497
2750.866699	-43.189106
2753.558350	-42.573334
2756.250000	-42.616833
2758.941650	-42.758514
2761.633301	-41.588333
2764.324951	-41.971828
2767.016602	-40.327026
2769.708252	-41.191467
2772.399902	-40.789185
2775.091553	-40.434608
2777.783203	-39.223854
2780.474854	-39.789280
2783.166504	-39.919128
2785.858154	-40.970501
2788.549805	-39.988125
2791.241455	-41.380322
2793.933105	-40.332573
2796.624756	-40.988110
2799.316406	-40.866325
2802.008057	-40.500740
2804.699707	-42.578396
2807.391357	-43.069862
2810.083008	-42.482208
2812.774658	-42.344734
2815.466309	-43.078522
2818.157959	-44.902721
2820.849609	-44.423485
2823.541260	-45.111355
2826.232910	-43.895905
2828.924561	-45.582092
2831.616211	-45.228107
2834.307861	-45.577312
2836.999512	-46.233364
2839.691162	-47.894783
2842.382812	-47.026096
2845.074463	-46.896721
2847.766113	-48.319481
2850.457764	-48.441063
2853.149414	-48.556263
2855.841064	-47.911877
2858.532715	-48.770706
2861.224365	-49.398693
2863.916016	-48.826069
2866.607666	-49.716896
2869.299316	-47.393559
2871.990967	-49.231533
2874.682617	-50.422707
2877.374268	-51.340721
2880.065918	-49.724197
2882.757568	-51.541767
2885.449219	-53.085636
2888.140869	-52.192810
2890.832520	-49.861771
2893.524170	-50.892014
2896.215820	-51.607658
2898.907471	-51.335938
2901.599121	-51.689011
2904.290771	-50.832222
2906.982422	-51.520390
2909.674072	-51.102295
2912.365723	-51.305717
2915.057373	-52.436722
2917.749023	-51.118065
2920.440674	-51.148029
2923.132324	-52.506855
2925.823975	-54.229897
2928.515625	-50.933182
2931.207275	-52.684639
2933.898926	-52.386166
2936.590576	-52.692871
2939.282227	-52.688000
2941.973877	-53.720043
2944.665527	-53.538357
2947.357178	-53.140556
2950.048828	-53.670841
2952.740479	-51.986477
2955.432129	-52.056545
2958.123779	-51.681580
2960.815430	-52.305050
2963.507080	-54.056252
2966.198730	-52.680901
2968.890381	-52.248611
2971.582031	-53.004799
2974.273682	-52.693542
2976.965332	-51.831905
2979.656982	-53.026154
2982.348633	-52.780125
2985.040283	-52.521046
2987.731934	-52.459370
2990.423584	-52.161991
2993.115234	-52.553608
2995.806885	-52.590420
2998.498535	-51.082996
3001.190186	-51.790554
3003.881836	-52.966606
3006.573486	-52.467678
3009.265137	-52.005840
3011.956787	-52.507023
3014.648438	-51.664246
3017.340088	-50.978565
3020.031738	-51.138779
3022.723389	-51.479065
3025.415039	-50.287457
3028.106689	-51.317364
3030.798340	-52.135254
3033.489990	-52.144821
3036.181641	-52.822598
3038.873291	-52.091007
3041.564941	-51.140415
3044.256592	-52.519535
3046.948242	-52.019642
3049.639893	-49.780678
3052.331543	-50.592602
3055.023193	-50.965694
3057.714844	-50.118320
3060.406494	-50.516388
3063.098145	-51.177044
3065.789795	-49.833996
3068.481445	-50.506954
3071.173096	-50.367661
3073.864746	-48.714455
3076.556396	-49.721004
3079.248047	-50.157322
3081.939697	-49.035202
3084.631348	-48.977711
3087.322998	-47.911308
3090.014648	-46.794029
3092.706299	-48.118111
3095.397949	-48.915947
3098.089600	-48.113758
3100.781250	-47.560150
3103.472900	-48.404739
3106.164551	-46.617649
3108.856201	-46.853153
3111.547852	-45.178162
3114.239502	-47.171745
3116.931152	-45.068619
3119.622803	-45.227810
3122.314453	-45.569283
3125.006104	-45.333317
3127.697754	-44.521488
3130.389404	-43.893700
3133.081055	-45.171303
3135.772705	-45.512444
3138.464355	-43.984188
3141.156006	-43.287086
3143.847656	-44.052364
3146.539307	-42.457882
3149.230957	-42.267868
3151.922607	-43.419743
3154.614258	-42.154808
3157.305908	-40.073315
3159.997559	-42.555122
3162.689209	-41.354053
3165.380859	-41.647644
3168.072510	-41.034832
3170.764160	-42.557266
3173.455811	-41.950130
3176.147461	-40.425419
3178.839111	-42.805534
3181.530762	-41.006874
3184.222412	-41.932072
3186.914062	-42.489540
3189.605713	-43.564842
3192.297363	-43.065834
3194.989014	-42.839859
3197.680664	-43.637653
3200.372314	-44.262203
3203.063965	-45.232224
3205.755615	-44.684155
3208.447266	-44.324936
3211.138916	-45.126400
3213.830566	-45.431114
3216.522217	-45.255730
3219.213867	-45.190235
3221.905518	-46.739376
3224.597168	-46.392879
3227.288818	-45.871792
3229.980469	-46.667862
3232.672119	-48.981514
3235.363770	-48.862488
3238.055420	-48.901520
3240.747070	-48.919262
3243.438721	-49.657131
3246.130371	-49.554680
3248.822021	-48.533890
3251.513672	-48.965862
3254.205322	-48.143105
3256.896973	-49.262478
3259.588623	-49.323608
3262.280273	-50.357166
3264.971924	-50.538620
3267.663574	-49.507877
3270.355225	-49.988064
3273.046875	-49.909920
3275.738525	-50.632244
3278.430176	-51.603241
3281.121826	-51.334236
3283.813477	-49.395699
3286.505127	-51.691544
3289.196777	-51.801086
3291.888428	-50.814457
3294.580078	-49.941204
3297.271729	-51.434841
3299.963379	-51.548229
3302.655029	-50.444798
3305.346680	-50.990593
3308.038330	-52.487804
3310.729980	-51.899380
3313.421631	-52.340797
3316.113281	-52.087410
3318.804932	-52.889725
3321.496582	-51.597660
3324.188232	-52.983116
3326.879883	-53.276218
3329.571533	-51.698429
3332.263184	-53.350903
3334.954834	-51.556065
3337.646484	-52.852585
3340.338135	-52.165928
3343.029785	-52.515270
3345.721436	-52.090153
3348.413086	-53.364117
3351.104736	-53.622257
3353.796387	-53.991913
3356.488037	-53.831944
3359.179688	-51.630035
3361.871338	-52.402077
3364.562988	-52.346390
3367.254639	-53.099842
3369.946289	-51.900505
3372.637939	-54.200367
3375.329590	-52.157673
3378.021240	-52.366295
3380.712891	-52.602749
3383.404541	-51.542263
3386.096191	-52.430527
3388.787842	-53.630016
3391.479492	-53.697739
3394.171143	-52.257671
3396.862793	-52.124134
3399.554443	-52.479462
3402.246094	-54.144653
3404.937744	-53.638954
3407.629395	-52.744003
3410.321045	-53.752243
3413.012695	-52.237213
3415.704346	-52.130779
3418.395996	-52.868690
3421.087646	-52.309517
3423.779297	-50.596146
3426.470947	-51.714287
3429.162598	-51.941551
3431.854248	-51.365219
3434.545898	-51.599937
3437.237549	-52.063839
3439.929199	-51.859623
3442.620850	-50.481037
3445.312500	-50.381027
3448.004150	-50.811218
3450.695801	-51.447563
3453.387451	-51.244804
3456.079102	-50.225822
3458.770752	-49.362194
3461.462402	-50.406506
3464.154053	-50.424534
3466.845703	-49.074314
3469.537354	-48.754276
3472.229004	-49.862278
3474.920654	-48.199574
3477.612305	-49.579536
3480.303955	-48.341904
3482.995605	-48.549839
3485.687256	-48.805141
3488.378906	-47.460293
3491.070557	-48.107742
3493.762207	-46.644093
3496.453857	-47.664001
3499.145508	-48.524822
3501.837158	-46.663639
3504.528809	-47.026001
3507.220459	-47.248341
3509.912109	-45.140514
3512.603760	-45.096607
3515.295410	-44.367405
3517.987061	-45.328629
3520.678711	-45.205658
3523.370361	-44.118912
3526.062012	-43.945747
3528.753662	-43.969589
3531.445312	-44.825901
3534.136963	-43.800209
3536.828613	-41.825775
3539.520264	-42.040398
3542.211914	-41.873009
3544.903564	-41.105591
3547.595215	-41.939671
3550.286865	-40.983356
3552.978516	-41.176701
3555.670166	-40.358582
3558.361816	-40.626450
3561.053467	-41.292744
3563.745117	-42.183540
3566.436768	-41.899925
3569.128418	-42.955593
3571.820068	-41.711048
3574.511719	-42.429276
3577.203369	-42.041000
3579.895020	-43.227097
3582.586670	-43.658714
3585.278320	-42.825222
3587.969971	-42.788097
3590.661621	-42.858032
3593.353271	-44.337257
3596.044922	-44.469784
3598.736572	-45.575058
3601.428223	-45.761776
3604.119873	-46.115501
3606.811523	-47.915222
3609.503174	-46.796177
3612.194824	-46.739502
3614.886475	-47.261288
3617.578125	-46.483810
3620.269775	-48.931591
3622.961426	-46.429626
3625.653076	-48.022991
3628.344727	-48.175682
3631.036377	-48.111641
3633.728027	-48.363899
3636.419678	-49.237232
3639.111328	-49.416191
3641.802979	-49.012085
3644.494629	-52.120483
3647.186279	-50.182236
3649.877930	-50.179195
3652.569580	-51.108673
3655.261230	-50.620613
3657.952881	-50.278667
3660.644531	-49.895271
3663.336182	-50.354771
3666.027832	-50.794567
3668.719482	-50.561371
3671.411133	-51.894165
3674.102783	-49.913849
3676.794434	-50.875156
3679.486084	-51.473389
3682.177734	-52.049782
3684.869385	-51.501637
3687.561035	-51.746948
3690.252686	-52.097698
3692.944336	-51.747124
3695.635986	-52.837128
3698.327637	-51.363396
3701.019287	-52.633266
3703.710938	-53.850052
3706.402588	-53.931896
3709.094238	-52.408485
3711.785889	-51.620819
3714.477539	-52.717052
3717.169189	-53.477745
3719.860840	-52.531071
3722.552490	-52.850822
3725.244141	-52.094273
3727.935791	-52.463425
3730.627441	-53.571285
3733.319092	-53.930347
3736.010742	-52.446590
3738.702393	-52.737797
3741.394043	-53.312588
3744.085693	-54.237049
3746.777344	-52.514221
3749.468994	-54.256527
3752.160645	-52.982742
3754.852295	-51.764721
3757.543945	-52.948715
3760.235596	-53.372749
3762.927246	-52.605679
3765.618896	-52.351227
3768.310547	-52.850918
3771.002197	-52.651974
3773.693848	-53.279194
3776.385498	-52.968361
3779.077148	-52.224876
3781.768799	-53.348022
3784.460449	-53.273975
3787.152100	-52.569782
3789.843750	-53.871628
3792.535400	-53.000843
3795.227051	-52.900784
3797.918701	-53.385006
3800.610352	-53.071205
3803.302002	-52.439449
3805.993652	-51.967064
3808.685303	-52.304398
3811.376953	-52.482494
3814.068604	-52.791264
3816.760254	-51.843189
3819.451904	-51.092121
3822.143555	-51.515804
3824.835205	-50.876396
3827.526855	-51.257881
3830.218506	-52.983681
3832.910156	-51.876060
3835.601807	-51.230949
3838.293457	-51.963215
3840.985107	-50.185608
3843.676758	-50.259521
3846.368408	-50.450417
3849.060059	-51.757565
3851.751709	-50.632187
3854.443359	-49.274162
3857.135010	-52.213924
3859.826660	-50.906734
3862.518311	-49.932991
3865.209961	-48.350468
3867.901611	-49.446228
3870.593262	-49.599823
3873.284912	-48.934155
3875.976562	-49.172775
3878.668213	-49.709106
3881.359863	-48.775719
3884.051514	-49.027382
3886.743164	-49.102451
3889.434814	-48.341133
3892.126465	-47.131744
3894.818115	-47.317535
3897.509766	-46.048386
3900.201416	-47.369392
3902.893066	-46.680828
3905.584717	-44.642662
3908.276367	-44.995419
3910.968018	-45.371567
3913.659668	-44.848534
3916.351318	-43.274734
3919.042969	-44.267727
3921.734619	-42.376007
3924.426270	-43.065006
3927.117920	-43.680729
3929.809570	-43.455864
3932.501221	-42.411354
3935.192871	-42.005436
3937.884521	-41.868771
3940.576172	-41.437801
3943.267822	-42.501518
3945.959473	-42.558460
3948.651123	-42.330917
3951.342773	-41.645855
3954.034424	-40.710484
3956.726074	-41.237228
3959.417725	-42.939114
3962.109375	-42.391018
3964.801025	-41.650852
3967.492676	-42.088802
3970.184326	-42.605160
3972.875977	-43.147903
3975.567627	-43.562202
3978.259277	-42.987907
3980.950928	-44.364967
3983.642578	-44.345875
3986.334229	-45.792095
3989.025879	-45.051323
3991.717529	-45.457878
3994.409180	-44.926567
3997.100830	-44.865387
3999.792480	-46.703671
4002.484131	-46.933758
4005.175781	-47.092117
4007.867432	-48.544525
4010.559082	-47.154228
4013.250732	-49.874615
4015.942383	-48.596600
4018.634033	-48.292667
4021.325684	-49.676521
4024.017334	-47.889843
4026.708984	-48.944607
4029.400635	-48.980213
4032.092285	-48.919518
4034.783936	-49.193489
4037.475586	-50.278328
4040.167236	-49.298229
4042.858887	-50.119770
4045.550537	-50.238644
4048.242188	-51.068554
4050.933838	-50.236687
4053.625488	-50.584423
4056.317139	-50.798454
4059.008789	-51.577320
4061.700439	-52.163319
4064.392090	-52.306293
4067.083740	-52.082283
4069.775391	-54.683472
4072.467041	-52.700108
4075.158691	-52.657032
4077.850342	-53.466866
4080.541992	-51.836338
4083.233643	-52.469925
4085.925293	-51.945503
4088.616943	-52.744190
4091.308594	-53.308495
4094.000244	-52.982254
4096.691895	-52.342937
4099.383545	-52.859257
4102.075195	-52.948158
4104.766846	-52.939678
4107.458496	-51.817371
4110.150146	-54.408947
4112.841797	-53.794147
4115.533447	-53.996742
4118.225098	-54.314068
4120.916748	-52.918175
4123.608398	-53.564285
4126.300049	-53.485504
4128.991699	-53.560760
4131.683350	-52.812016
4134.375000	-52.843098
4137.066650	-54.290741
4139.758301	-54.388500
4142.449951	-53.487438
4145.141602	-53.711735
4147.833252	-54.031097
4150.524902	-52.483818
4153.216553	-52.680542
4155.908203	-53.829201
4158.599854	-54.653133
4161.291504	-53.334774
4163.983154	-52.948086
4166.674805	-52.589371
4169.366455	-52.913761
4172.058105	-54.117992
4174.749756	-52.452873
4177.441406	-54.140602
4180.133057	-53.320564
4182.824707	-53.219246
4185.516357	-53.672928
4188.208008	-53.579586
4190.899658	-52.162983
4193.591309	-53.258083
4196.282959	-54.131241
4198.974609	-53.085232
4201.666260	-52.305225
4204.357910	-51.806778
4207.049561	-52.595375
4209.741211	-51.528889
4212.432861	-53.208130
4215.124512	-51.279663
4217.816162	-52.483540
4220.507812	-51.217175
4223.199463	-51.624748
4225.891113	-51.912495
4228.582764	-50.659355
4231.274414	-51.945515
4233.966064	-51.506775
4236.657715	-52.371750
4239.349365	-50.358982
4242.041016	-51.020023
4244.732666	-51.276890
4247.424316	-49.734467
4250.115967	-50.868801
4252.807617	-50.146950
4255.499268	-50.738819
4258.190918	-50.191452
4260.882568	-50.373249
4263.574219	-49.685516
4266.265869	-49.368496
4268.957520	-48.955429
4271.649170	-47.333939
4274.340820	-47.861904
4277.032471	-48.495770
4279.724121	-47.758282
4282.415771	-47.384071
4285.107422	-47.201267
4287.799072	-46.973415
4290.490723	-49.124550
4293.182373	-46.359692
4295.874023	-46.783947
4298.565674	-44.602257
4301.257324	-45.869297
4303.948975	-45.962078
4306.640625	-44.694672
4309.332275	-44.646214
4312.023926	-44.010651
4314.715576	-43.157368
4317.407227	-42.591007
4320.098877	-43.066025
4322.790527	-42.432487
4325.482178	-41.070316
4328.173828	-41.019859
4330.865479	-41.438881
4333.557129	-40.801376
4336.248779	-40.395283
4338.940430	-40.094341
4341.632080	-41.294239
4344.323730	-41.631657
4347.015381	-41.352562
4349.707031	-41.357056
4352.398682	-42.590721
4355.090332	-42.303761
4357.781982	-42.226631
4360.473633	-43.745731
4363.165283	-43.286934
4365.856934	-43.036282
4368.548584	-43.384968
4371.240234	-44.550354
4373.931885	-45.090195
4376.623535	-44.931648
4379.315186	-46.148071
4382.006836	-45.206661
4384.698486	-45.896557
4387.390137	-46.781261
4390.081787	-45.442455
4392.773438	-47.434132
4395.465088	-47.904533
4398.156738	-48.758152
4400.848389	-48.172905
4403.540039	-48.679123
4406.231689	-48.058014
4408.923340	-48.962967
4411.614990	-48.518360
4414.306641	-49.879738
4416.998291	-50.010754
4419.689941	-49.917362
4422.381592	-49.152180
4425.073242	-49.774960
4427.764893	-48.639637
4430.456543	-51.324173
4433.148193	-51.854584
4435.839844	-50.416294
4438.531494	-50.595104
4441.223145	-51.827454
4443.914795	-51.394886
4446.606445	-52.486271
4449.298096	-52.534252
4451.989746	-50.848949
4454.681396	-51.881752
4457.373047	-52.000275
4460.064697	-52.527092
4462.756348	-51.514347
4465.447998	-53.959885
4468.139648	-52.062634
4470.831299	-52.936451
4473.522949	-52.512436
4476.214600	-51.961479
4478.906250	-53.981312
4481.597900	-53.484108
4484.289551	-52.994934
4486.981201	-52.875233
4489.672852	-52.848373
4492.364502	-52.423626
4495.056152	-53.968704
4497.747803	-52.749950
4500.439453	-53.918621
4503.131104	-52.600044
4505.822754	-52.311722
4508.514404	-52.693989
4511.206055	-52.730999
4513.897705	-53.345715
4516.589355	-53.909145
4519.281006	-53.442455
4521.972656	-53.097778
4524.664307	-55.025776
4527.355957	-53.719532
4530.047607	-54.509449
4532.739258	-53.545189
4535.430908	-54.560165
4538.122559	-55.219543
4540.814209	-54.411453
4543.505859	-53.655308
4546.197510	-53.784367
4548.889160	-53.554283
4551.580811	-53.510143
4554.272461	-53.747990
4556.964111	-53.067738
4559.655762	-52.566391
4562.347412	-53.155220
4565.039062	-53.686337
4567.730713	-53.179615
4570.422363	-52.819412
4573.114014	-51.848877
4575.805664	-52.424709
4578.497314	-52.694508
4581.188965	-52.547211
4583.880615	-51.632767
4586.572266	-52.579876
4589.263916	-52.544655
4591.955566	-52.409283
4594.647217	-52.732510
4597.338867	-53.236324
4600.030518	-53.004467
4602.722168	-53.183670
4605.413818	-51.917995
4608.105469	-52.729572
4610.797119	-51.434711
4613.488770	-51.650208
4616.180420	-51.674397
4618.872070	-50.793900
4621.563721	-51.719303
4624.255371	-52.383209
4626.947021	-50.889347
4629.638672	-49.035198
4632.330322	-49.773182
4635.021973	-50.477150
4637.713623	-50.902496
4640.405273	-50.394508
4643.096924	-50.798782
4645.788574	-48.265045
4648.480225	-48.565090
4651.171875	-49.649445
4653.863525	-50.760906
4656.555176	-49.723927
4659.246826	-47.009399
4661.938477	-48.383186
4664.630127	-48.926975
4667.321777	-47.121967
4670.013428	-46.273048
4672.705078	-47.579853
4675.396729	-47.906757
4678.088379	-46.786461
4680.780029	-46.085426
4683.471680	-46.196777
4686.163330	-45.701225
4688.854980	-45.269665
4691.546631	-45.078243
4694.238281	-44.338047
4696.929932	-43.316010
4699.621582	-44.612141
4702.313232	-43.907013
4705.004883	-43.786850
4707.696533	-42.085712
4710.388184	-40.450771
4713.079834	-40.516918
4715.771484	-40.728966
4718.463135	-40.581589
4721.154785	-41.429287
4723.846436	-42.301571
4726.538086	-40.684902
4729.229736	-41.023312
4731.921387	-40.868855
4734.613037	-39.687012
4737.304688	-40.403790
4739.996338	-42.312168
4742.687988	-43.000366
4745.379639	-41.823830
4748.071289	-42.362530
4750.762939	-44.312904
4753.454590	-41.148102
4756.146240	-42.960133
4758.837891	-43.162701
4761.529541	-43.366699
4764.221191	-44.881699
4766.912842	-45.165710
4769.604492	-45.608116
4772.296143	-46.006516
4774.987793	-47.162888
4777.679443	-46.765522
4780.371094	-45.902969
4783.062744	-46.745182
4785.754395	-48.289543
4788.446045	-48.161427
4791.137695	-48.468361
4793.829346	-48.945126
4796.520996	-48.578278
4799.212646	-49.303944
4801.904297	-49.218437
4804.595947	-47.746593
4807.287598	-50.709812
4809.979248	-48.964645
4812.670898	-50.914726
4815.362549	-48.391655
4818.054199	-47.957638
4820.745850	-51.266212
4823.437500	-50.351929
4826.129150	-51.801620
4828.820801	-51.123158
4831.512451	-50.974976
4834.204102	-50.894531
4836.895752	-51.183147
4839.587402	-52.060043
4842.279053	-51.267418
4844.970703	-52.766388
4847.662354	-51.034050
4850.354004	-51.741730
4853.045654	-51.910061
4855.737305	-50.994812
4858.428955	-52.701786
4861.120605	-52.243496
4863.812256	-52.786797
4866.503906	-51.972298
4869.195557	-52.120537
4871.887207	-51.591572
4874.578857	-52.366753
4877.270508	-53.202393
4879.962158	-53.567192
4882.653809	-53.099812
4885.345459	-54.141640
4888.037109	-52.032944
4890.728760	-53.066090
4893.420410	-53.289936
4896.112061	-54.421638
4898.803711	-53.533401
4901.495361	-53.595654
4904.187012	-52.834663
4906.878662	-52.411629
4909.570312	-52.938904
4912.261963	-52.557850
4914.953613	-53.096519
4917.645264	-53.332989
4920.336914	-52.603012
4923.028564	-53.141239
4925.720215	-51.796558
4928.411865	-53.328659
4931.103516	-51.550690
4933.795166	-52.424290
4936.486816	-51.918911
4939.178467	-53.197876
4941.870117	-53.071739
4944.561768	-51.950748
4947.253418	-52.168629
4949.945068	-51.712753
4952.636719	-52.244278
4955.328369	-51.504524
4958.020020	-51.643532
4960.711670	-53.010433
4963.403320	-51.909225
4966.094971	-51.844524
4968.786621	-52.381516
4971.478271	-51.788296
4974.169922	-51.666397
4976.861572	-52.145908
4979.553223	-52.728870
4982.244873	-51.585594
4984.936523	-50.555649
4987.628174	-50.668091
4990.319824	-52.036781
4993.011475	-51.647915
4995.703125	-51.624393
4998.394775	-51.227760
5001.086426	-50.629807
5003.778076	-50.361382
5006.469727	-50.368324
5009.161377	-50.279289
5011.853027	-50.342281
5014.544678	-49.171501
5017.236328	-49.745583
5019.927979	-48.998138
5022.619629	-49.233147
5025.311279	-50.297607
5028.002930	-49.751202
5030.694580	-50.429661
5033.386230	-48.168240
5036.077881	-48.488419
5038.769531	-47.968086
5041.461182	-47.700821
5044.152832	-49.438976
5046.844482	-47.815075
5049.536133	-47.588749
5052.227783	-47.600540
5054.919434	-47.283691
5057.611084	-46.633904
5060.302734	-46.284222
5062.994385	-45.763969
5065.686035	-46.523529
5068.377686	-45.946465
5071.069336	-46.173367
5073.760986	-45.841763
5076.452637	-43.553452
5079.144287	-43.913822
5081.835938	-43.461823
5084.527588	-43.969658
5087.219238	-43.173851
5089.910889	-42.021568
5092.602539	-41.559788
5095.294189	-39.418694
5097.985840	-39.784492
5100.677490	-40.543171
5103.369141	-39.261890
5106.060791	-39.101910
5108.752441	-39.474762
5111.444092	-37.581638
5114.135742	-40.101318
5116.827393	-38.729248
5119.519043	-40.400143
5122.210693	-40.693520
5124.902344	-39.100136
5127.593994	-39.621674
5130.285645	-39.102802
5132.977295	-40.239601
5135.668945	-41.888321
5138.360596	-41.018681
5141.052246	-42.527241
5143.743896	-41.783127
5146.435547	-43.056393
5149.127197	-42.850941
5151.818848	-42.350090
5154.510498	-42.748905
5157.202148	-43.900215
5159.893799	-44.361443
5162.585449	-44.496002
5165.277100	-44.349014
5167.968750	-45.027069
5170.660400	-46.477230
5173.352051	-45.743103
5176.043701	-47.090912
5178.735352	-47.382336
5181.427002	-48.433502
5184.118652	-48.009426
5186.810303	-48.406094
5189.501953	-46.246067
5192.193604	-47.003277
5194.885254	-47.239079
5197.576904	-46.965343
5200.268555	-48.481888
5202.960205	-50.045807
5205.651855	-48.279255
5208.343506	-49.608765
5211.035156	-47.933449
5213.726807	-48.363720
5216.418457	-48.929932
5219.110107	-50.580521
5221.801758	-50.691952
5224.493408	-50.280323
5227.185059	-50.857567
5229.876709	-50.172234
5232.568359	-49.480019
5235.260010	-49.337383
5237.951660	-50.382622
5240.643311	-50.527519
5243.334961	-50.554523
5246.026611	-50.280006
5248.718262	-52.080780
5251.409912	-51.237972
5254.101562	-50.945171
5256.793213	-50.684971
5259.484863	-50.432983
5262.176514	-50.873394
5264.868164	-50.936977
5267.559814	-50.344643
5270.251465	-50.150520
5272.943115	-50.966125
5275.634766	-50.447960
5278.326416	-50.086109
5281.018066	-50.174938
5283.709717	-51.658710
5286.401367	-51.363930
5289.093018	-51.620018
5291.784668	-50.947414
5294.476318	-51.859875
5297.167969	-51.531044
5299.859619	-50.781494
5302.551270	-50.495781
5305.242920	-51.135372
5307.934570	-51.690384
5310.626221	-51.026794
5313.317871	-50.293411
5316.009521	-49.944611
5318.701172	-49.916214
5321.392822	-49.861580
5324.084473	-49.095230
5326.776123	-51.338795
5329.467773	-51.592735
5332.159424	-51.040424
5334.851074	-51.332272
5337.542725	-52.125877
5340.234375	-50.509739
5342.926025	-50.888367
5345.617676	-51.384426
5348.309326	-50.292286
5351.000977	-50.589607
5353.692627	-50.379398
5356.384277	-51.445282
5359.075928	-50.187328
5361.767578	-50.705566
5364.459229	-50.351730
5367.150879	-49.724476
5369.842529	-50.346886
5372.534180	-49.462074
5375.225830	-49.444859
5377.917480	-49.439636
5380.609131	-49.749256
5383.300781	-49.986019
5385.992432	-49.421288
5388.684082	-48.787464
5391.375732	-49.858547
5394.067383	-48.453667
5396.759033	-48.731163
5399.450684	-47.634289
5402.142334	-48.411316
5404.833984	-47.889233
5407.525635	-47.917667
5410.217285	-47.749249
5412.908936	-47.162239
5415.600586	-47.307987
5418.292236	-46.727482
5420.983887	-46.825668
5423.675537	-48.287292
5426.367188	-46.627022
5429.058838	-46.269577
5431.750488	-44.271320
5434.442139	-45.946934
5437.133789	-46.297215
5439.825439	-45.228352
5442.517090	-44.858391
5445.208740	-45.549210
5447.900391	-44.526508
5450.592041	-44.977112
5453.283691	-44.345932
5455.975342	-44.275715
5458.666992	-44.838409
5461.358643	-43.422081
5464.050293	-41.714287
5466.741943	-42.541714
5469.433594	-43.177967
5472.125244	-41.190826
5474.816895	-40.802818
5477.508545	-41.826817
5480.200195	-42.227547
5482.891846	-39.998287
5485.583496	-39.321053
5488.275146	-40.214821
5490.966797	-40.189167
5493.658447	-38.604408
5496.350098	-38.619347
5499.041748	-37.563637
5501.733398	-39.105225
5504.425049	-38.605797
5507.116699	-37.341866
5509.808350	-37.800735
5512.500000	-39.305584
5515.191650	-38.457321
5517.883301	-38.301659
5520.574951	-39.119621
5523.266602	-39.841213
5525.958252	-41.353302
5528.649902	-39.687695
5531.341553	-40.363201
5534.033203	-41.594963
5536.724854	-40.814869
5539.416504	-41.857719
5542.108154	-42.046558
5544.799805	-43.722172
5547.491455	-43.942760
5550.183105	-43.602501
5552.874756	-43.883907
5555.566406	-43.187782
5558.258057	-43.670746
5560.949707	-44.396347
5563.641357	-44.295570
5566.333008	-46.140656
5569.024658	-45.235565
5571.716309	-44.725471
5574.407959	-46.731476
5577.099609	-46.795498
5579.791260	-46.303955
5582.482910	-46.434513
5585.174561	-46.873257
5587.866211	-47.116322
5590.557861	-46.188377
5593.249512	-47.040047
5595.941162	-45.463650
5598.632812	-47.310314
5601.324463	-48.331108
5604.016113	-48.061489
5606.707764	-49.898914
5609.399414	-48.921032
5612.091064	-48.556561
5614.782715	-49.330929
5617.474365	-49.923523
5620.166016	-49.211964
5622.857666	-49.545624
5625.549316	-48.883068
5628.240967	-49.100094
5630.932617	-49.212807
5633.624268	-49.100529
5636.315918	-50.575081
5639.007568	-51.073761
5641.699219	-50.576237
5644.390869	-49.897129
5647.082520	-49.610432
5649.774170	-49.628803
5652.465820	-50.670624
5655.157471	-50.311001
5657.849121	-49.585899
5660.540771	-50.262157
5663.232422	-49.748291
5665.924072	-50.459057
5668.615723	-49.673901
5671.307373	-50.206726
5673.999023	-51.684677
5676.690674	-50.262840
5679.382324	-49.811882
5682.073975	-48.952480
5684.765625	-52.055050
5687.457275	-50.769474
5690.148926	-51.739063
5692.840576	-51.201958
5695.532227	-51.097889
5698.223877	-51.183270
5700.915527	-50.782330
5703.607178	-51.758663
5706.298828	-49.885941
5708.990479	-51.186501
5711.682129	-52.665318
5714.373779	-51.184635
5717.065430	-49.986057
5719.757080	-52.048252
5722.448730	-51.050045
5725.140381	-51.778889
5727.832031	-50.691875
5730.523682	-49.391136
5733.215332	-50.500771
5735.906982	-50.653057
5738.598633	-50.713707
5741.290283	-48.962067
5743.981934	-50.067799
5746.673584	-50.056679
5749.365234	-50.412479
5752.056885	-49.435890
5754.748535	-49.102100
5757.440186	-49.618313
5760.131836	-49.126694
5762.823486	-49.683037
5765.515137	-50.627712
5768.206787	-50.274525
5770.898438	-48.962364
5773.590088	-49.117096
5776.281738	-48.476158
5778.973389	-49.088238
5781.665039	-48.870834
5784.356689	-49.328022
5787.048340	-49.148502
5789.739990	-48.935917
5792.431641	-48.798267
5795.123291	-48.583672
5797.814941	-47.817196
5800.506592	-48.978184
5803.198242	-48.809711
5805.889893	-46.766018
5808.581543	-48.454323
5811.273193	-45.751369
5813.964844	-45.170139
5816.656494	-46.847126
5819.348145	-45.615177
5822.039795	-46.433411
5824.731445	-46.182846
5827.423096	-46.033722
5830.114746	-46.555973
5832.806396	-45.828568
5835.498047	-45.326637
5838.189697	-46.172081
5840.881348	-45.020451
5843.572998	-45.018944
5846.264648	-43.951237
5848.956299	-43.201878
5851.647949	-44.151566
5854.339600	-44.706486
5857.031250	-42.618706
5859.722900	-42.429359
5862.414551	-40.948761
5865.106201	-41.191444
5867.797852	-41.814625
5870.489502	-42.096977
5873.181152	-40.410732
5875.872803	-40.038319
5878.564453	-39.246140
5881.256104	-41.014351
5883.947754	-38.754143
5886.639404	-40.240608
5889.331055	-38.832794
5892.022705	-40.123024
5894.714355	-40.872593
5897.406006	-41.532825
5900.097656	-41.651566
5902.789307	-39.544472
5905.480957	-40.181610
5908.172607	-40.698685
5910.864258	-40.749550
5913.555908	-40.872528
5916.247559	-42.441921
5918.939209	-41.517029
5921.630859	-41.427727
5924.322510	-42.058079
5927.014160	-42.740646
5929.705811	-42.602551
5932.397461	-43.285030
5935.089111	-43.624729
5937.780762	-43.629333
5940.472412	-44.021118
5943.164062	-45.606709
5945.855713	-45.692348
5948.547363	-44.805698
5951.239014	-46.449486
5953.930664	-46.469086
5956.622314	-45.747181
5959.313965	-47.972851
5962.005615	-47.733158
5964.697266	-48.310905
5967.388916	-47.152241
5970.080566	-47.391205
5972.772217	-47.458466
5975.463867	-48.104305
5978.155518	-48.160370
5980.847168	-48.331219
5983.538818	-47.148941
5986.230469	-47.377052
5988.922119	-48.131214
5991.613770	-48.249615
5994.305420	-48.579536
5996.997070	-48.458588
5999.688721	-49.236744
6002.380371	-49.535309
6005.072021	-50.344223
6007.763672	-49.464569
6010.455322	-49.787853
6013.146973	-50.062145
6015.838623	-49.439415
6018.530273	-49.919273
6021.221924	-49.928387
6023.913574	-51.502773
6026.605225	-50.429070
6029.296875	-50.209770
6031.988525	-51.575035
6034.680176	-51.299793
6037.371826	-52.674446
6040.063477	-51.271149
6042.755127	-52.630470
6045.446777	-50.985111
6048.138428	-50.909073
6050.830078	-51.779446
6053.521729	-51.089577
6056.213379	-51.096249
6058.905029	-51.291862
6061.596680	-53.111431
6064.288330	-52.151993
6066.979980	-52.273067
6069.671631	-50.886791
6072.363281	-51.574997
6075.054932	-51.865967
6077.746582	-50.998508
6080.438232	-51.085934
6083.129883	-50.526104
6085.821533	-52.667961
6088.513184	-52.352135
6091.204834	-52.272911
6093.896484	-53.990074
6096.588135	-51.204308
6099.279785	-52.731514
6101.971436	-52.336189
6104.663086	-51.002193
6107.354736	-52.987789
6110.046387	-53.055038
6112.738037	-53.067078
6115.429688	-52.626034
6118.121338	-51.914116
6120.812988	-52.097450
6123.504639	-51.228687
6126.196289	-51.851841
6128.887939	-50.830791
6131.579590	-52.272026
6134.271240	-52.448895
6136.962891	-51.378418
6139.654541	-50.848652
6142.346191	-52.208046
6145.037842	-51.742455
6147.729492	-51.739605
6150.421143	-51.277542
6153.112793	-51.080791
6155.804443	-51.314850
6158.496094	-52.060131
6161.187744	-52.178223
6163.879395	-51.662086
6166.571045	-51.386250
6169.262695	-52.476257
6171.954346	-50.915344
6174.645996	-50.848808
6177.337646	-51.182735
6180.029297	-49.274204
6182.720947	-50.905163
6185.412598	-50.697388
6188.104248	-50.594074
6190.795898	-49.608814
6193.487549	-49.453407
6196.179199	-48.549831
6198.870850	-48.089798
6201.562500	-49.146961
6204.254150	-48.765705
6206.945801	-48.226124
6209.637451	-47.858780
6212.329102	-48.931278
6215.020752	-47.831062
6217.712402	-48.761078
6220.404053	-47.595448
6223.095703	-46.727642
6225.787354	-47.676277
6228.479004	-46.160477
6231.170654	-46.202026
6233.862305	-46.120625
6236.553955	-46.385033
6239.245605	-46.598614
6241.937256	-46.109718
6244.628906	-47.172989
6247.320557	-45.683002
6250.012207	-46.221550
6252.703857	-45.004517
6255.395508	-44.025455
6258.087158	-44.775452
6260.778809	-45.068012
6263.470459	-44.314816
6266.162109	-43.597012
6268.853760	-42.956608
6271.545410	-44.175938
6274.237061	-41.811493
6276.928711	-41.991234
6279.620361	-43.813629
6282.312012	-43.101524
6285.003662	-40.999214
6287.695312	-42.708046
6290.386963	-42.577812
6293.078613	-42.109852
6295.770264	-42.715004
6298.461914	-43.150787
6301.153564	-42.480450
6303.845215	-42.698082
6306.536865	-43.374683
6309.228516	-43.993229
6311.920166	-43.550194
6314.611816	-44.013668
6317.303467	-45.855370
6319.995117	-45.637058
6322.686768	-44.979374
6325.378418	-46.434090
6328.070068	-46.104801
6330.761719	-46.085419
6333.453369	-46.176697
6336.145020	-46.363766
6338.836670	-46.909897
6341.528320	-47.610439
6344.219971	-46.413628
6346.911621	-48.812870
6349.603271	-49.024796
6352.294922	-48.362617
6354.986572	-47.609657
6357.678223	-49.507545
6360.369873	-47.774727
6363.061523	-48.665379
6365.753174	-49.508152
6368.444824	-49.093880
6371.136475	-50.580502
6373.828125	-48.716419
6376.519775	-50.021194
6379.211426	-49.615536
6381.903076	-49.862537
6384.594727	-51.529480
6387.286377	-50.469196
6389.978027	-51.338051
6392.669678	-51.039555
6395.361328	-50.657940
6398.052979	-50.662628
6400.744629	-51.397053
6403.436279	-52.053703
6406.127930	-51.400181
6408.819580	-51.862530
6411.511230	-51.199802
6414.202881	-51.767914
6416.894531	-52.738750
6419.586182	-52.368214
6422.277832	-52.713444
6424.969482	-52.160515
6427.661133	-52.952797
6430.352783	-52.830238
6433.044434	-52.098221
6435.736084	-52.363571
6438.427734	-51.689365
6441.119385	-53.040077
6443.811035	-52.967720
6446.502686	-53.264931
6449.194336	-52.454121
6451.885986	-53.194691
6454.577637	-53.825298
6457.269287	-53.787212
6459.960938	-54.084896
6462.652588	-52.742611
6465.344238	-51.566376
6468.035889	-53.886501
6470.727539	-53.706852
6473.419189	-53.099586
6476.110840	-52.256737
6478.802490	-54.346085
6481.494141	-53.378403
6484.185791	-52.635002
6486.877441	-53.651482
6489.569092	-52.320282
6492.260742	-53.300877
6494.952393	-52.318619
6497.644043	-53.658760
6500.335693	-53.419403
6503.027344	-54.228329
6505.718994	-52.832264
6508.410645	-54.069702
6511.102295	-53.611233
6513.793945	-53.155991
6516.485596	-54.027679
6519.177246	-53.586590
6521.868896	-52.955593
6524.560547	-52.631664
6527.252197	-53.537727
6529.943848	-52.851261
6532.635498	-52.326519
6535.327148	-54.189972
6538.018799	-52.911617
6540.710449	-52.734085
6543.402100	-52.000240
6546.093750	-51.062447
6548.785400	-51.718590
6551.477051	-52.899719
6554.168701	-50.946579
6556.860352	-52.632702
6559.552002	-52.140373
6562.243652	-53.066074
6564.935303	-53.173023
6567.626953	-51.976696
6570.318604	-51.435150
6573.010254	-51.623135
6575.701904	-50.981026
6578.393555	-51.865574
6581.085205	-51.258591
6583.776855	-51.772903
6586.468506	-50.196369
6589.160156	-49.682812
6591.851807	-50.220699
6594.543457	-50.209629
6597.235107	-49.831253
6599.926758	-49.901588
6602.618408	-50.143364
6605.310059	-49.196030
6608.001709	-50.158638
6610.693359	-49.426750
6613.385010	-48.196312
6616.076660	-48.183102
6618.768311	-49.893242
6621.459961	-47.799236
6624.151611	-47.762390
6626.843262	-48.743389
6629.534912	-47.733131
6632.226562	-47.220707
6634.918213	-48.671535
6637.609863	-46.454201
6640.301514	-47.099720
6642.993164	-47.432755
6645.684814	-46.458149
6648.376465	-46.434196
6651.068115	-45.717873
6653.759766	-46.174652
6656.451416	-44.641357
6659.143066	-44.654381
6661.834717	-46.015232
6664.526367	-46.756443
6667.218018	-45.642551
6669.909668	-44.753120
6672.601318	-43.623833
6675.292969	-43.688648
6677.984619	-45.272530
6680.676270	-44.982971
6683.367920	-44.212685
6686.059570	-44.500214
6688.751221	-43.864315
6691.442871	-45.101810
6694.134521	-45.017963
6696.826172	-44.796638
6699.517822	-45.066174
6702.209473	-45.783703
6704.901123	-45.145924
6707.592773	-46.803486
6710.284424	-45.295719
6712.976074	-45.454033
6715.667725	-45.725483
6718.359375	-46.214321
6721.051025	-46.097404
6723.742676	-47.202461
6726.434326	-48.249203
6729.125977	-47.870842
6731.817627	-48.869255
6734.509277	-49.703819
6737.200928	-48.521301
6739.892578	-48.118187
6742.584229	-50.053688
6745.275879	-50.057766
6747.967529	-49.317650
6750.659180	-48.893127
6753.350830	-50.326004
6756.042480	-50.330734
6758.734131	-48.810127
6761.425781	-48.663612
6764.117432	-49.631886
6766.809082	-50.165329
6769.500732	-51.161472
6772.192383	-49.965546
6774.884033	-50.167435
6777.575684	-51.421085
6780.267334	-51.935753
6782.958984	-51.009632
6785.650635	-51.304436
6788.342285	-51.445656
6791.033936	-54.085274
6793.725586	-52.994354
6796.417236	-53.723595
6799.108887	-51.945110
6801.800537	-52.558670
6804.492188	-52.846653
6807.183838	-52.406021
6809.875488	-52.643032
6812.567139	-53.612274
6815.258789	-52.585701
6817.950439	-52.956757
6820.642090	-54.054096
6823.333740	-54.142963
6826.025391	-54.988857
6828.717041	-53.167774
6831.408691	-55.520477
6834.100342	-56.292286
6836.791992	-53.587624
6839.483643	-52.484589
6842.175293	-54.518192
6844.866943	-53.606361
6847.558594	-53.535339
6850.250244	-54.355568
6852.941895	-54.341511
6855.633545	-52.961197
6858.325195	-55.013294
6861.016846	-53.934113
6863.708496	-53.975399
6866.400146	-53.389771
6869.091797	-54.478558
6871.783447	-53.253571
6874.475098	-54.786446
6877.166748	-54.148453
6879.858398	-53.714741
6882.550049	-54.131500
6885.241699	-54.073269
6887.933350	-54.356934
6890.625000	-52.448254
6893.316650	-54.100079
6896.008301	-54.530373
6898.699951	-52.909386
6901.391602	-52.817818
6904.083252	-54.546265
6906.774902	-54.195660
6909.466553	-54.676914
6912.158203	-53.485603
6914.849854	-54.486629
6917.541504	-53.451042
6920.233154	-53.724487
6922.924805	-52.524025
6925.616455	-52.496895
6928.308105	-53.084274
6930.999756	-53.964947
6933.691406	-52.081104
6936.383057	-53.241711
6939.074707	-52.935078
6941.766357	-52.858910
6944.458008	-52.942703
6947.149658	-52.233555
6949.841309	-52.770279
6952.532959	-52.626289
6955.224609	-52.753181
6957.916260	-52.037544
6960.607910	-53.392143
6963.299561	-52.209770
6965.991211	-52.565594
6968.682861	-52.360340
6971.374512	-51.484234
6974.066162	-53.233562
6976.757812	-52.825100
6979.449463	-51.875637
6982.141113	-50.700382
6984.832764	-51.180187
6987.524414	-51.283024
6990.216064	-50.778244
6992.907715	-50.049694
6995.599365	-49.975883
6998.291016	-50.563854
7000.982666	-49.720741
7003.674316	-50.100353
7006.365967	-49.874191
7009.057617	-49.720417
7011.749268	-48.198509
7014.440918	-48.167885
7017.132568	-48.867859
7019.824219	-48.162052
7022.515869	-49.834831
7025.207520	-49.583866
7027.899170	-47.452744
7030.590820	-47.881706
7033.282471	-47.368595
7035.974121	-47.029148
7038.665771	-47.075569
7041.357422	-46.174416
7044.049072	-47.304550
7046.740723	-46.273514
7049.432373	-45.942909
7052.124023	-47.379986
7054.815674	-46.754501
7057.507324	-45.955147
7060.198975	-46.176292
7062.890625	-45.800068
7065.582275	-44.487934
7068.273926	-43.988739
7070.965576	-45.011257
7073.657227	-45.293877
7076.348877	-45.194256
7079.040527	-45.651943
7081.732178	-45.892815
7084.423828	-44.795227
7087.115479	-44.460270
7089.807129	-44.628925
7092.498779	-46.112064
7095.190430	-44.198151
7097.882080	-44.163906
7100.573730	-45.885113
7103.265381	-45.473667
7105.957031	-45.942272
7108.648682	-46.219299
7111.340332	-45.378963
7114.031982	-48.209938
7116.723633	-46.269600
7119.415283	-47.351208
7122.106934	-48.722481
7124.798584	-46.328758
7127.490234	-48.357445
7130.181885	-47.087685
7132.873535	-48.170353
7135.565186	-49.449352
7138.256836	-48.276985
7140.948486	-49.296711
7143.640137	-49.363682
7146.331787	-50.494728
7149.023438	-49.836201
7151.715088	-50.561382
7154.406738	-50.170776
7157.098389	-50.303410
7159.790039	-50.638088
7162.481689	-50.583313
7165.173340	-50.932915
7167.864990	-50.425701
7170.556641	-51.838097
7173.248291	-51.177959
7175.939941	-51.401840
7178.631592	-52.023293
7181.323242	-51.296501
7184.014893	-51.263256
7186.706543	-53.148022
7189.398193	-52.263496
7192.089844	-52.397686
7194.781494	-52.691319
7197.473145	-51.144539
7200.164795	-53.225754
7202.856445	-54.498154
7205.548096	-52.595551
7208.239746	-53.415749
7210.931396	-53.569798
7213.623047	-53.306770
7216.314697	-52.196243
7219.006348	-53.690460
7221.697998	-52.727585
7224.389648	-55.249214
7227.081299	-53.217991
7229.772949	-52.989677
7232.464600	-52.334827
7235.156250	-53.105915
7237.847900	-53.700726
7240.539551	-54.298702
7243.231201	-53.840542
7245.922852	-54.204166
7248.614502	-53.874638
7251.306152	-53.445782
7253.997803	-54.382526
7256.689453	-53.873146
7259.381104	-54.455540
7262.072754	-53.232925
7264.764404	-55.559444
7267.456055	-55.400883
7270.147705	-54.145847
7272.839355	-53.297256
7275.531006	-53.916553
7278.222656	-54.225712
7280.914307	-54.924690
7283.605957	-53.598118
7286.297607	-53.314224
7288.989258	-53.881416
7291.680908	-54.007557
7294.372559	-54.371857
7297.064209	-54.257225
7299.755859	-54.379910
7302.447510	-54.114876
7305.139160	-54.983074
7307.830811	-55.761070
7310.522461	-53.501266
7313.214111	-54.087162
7315.905762	-52.514355
7318.597412	-53.518406
7321.289062	-53.689400
7323.980713	-53.856552
7326.672363	-53.864235
7329.364014	-54.197784
7332.055664	-53.707508
7334.747314	-52.549358
7337.438965	-52.779255
7340.130615	-54.249107
7342.822266	-53.479820
7345.513916	-53.373901
7348.205566	-53.485149
7350.897217	-52.008560
7353.588867	-54.302261
7356.280518	-53.040859
7358.972168	-53.650513
7361.663818	-52.427032
7364.355469	-51.460030
7367.047119	-51.741524
7369.738770	-52.218662
7372.430420	-51.479488
7375.122070	-51.805313
7377.813721	-51.121433
7380.505371	-50.377491
7383.197021	-52.560131
7385.888672	-50.855160
7388.580322	-51.379269
7391.271973	-51.204781
7393.963623	-51.585911
7396.655273	-51.229824
7399.346924	-50.014099
7402.038574	-50.785427
7404.730225	-49.752995
7407.421875	-49.762978
7410.113525	-48.054077
7412.805176	-48.314583
7415.496826	-50.081795
7418.188477	-49.854416
7420.880127	-47.704346
7423.571777	-47.600613
7426.263428	-48.646870
7428.955078	-47.339935
7431.646729	-48.787289
7434.338379	-46.848892
7437.030029	-47.525406
7439.721680	-47.460415
7442.413330	-45.957500
7445.104980	-45.907715
7447.796631	-46.260410
7450.488281	-44.824005
7453.179932	-44.953587
7455.871582	-45.991531
7458.563232	-45.655079
7461.254883	-44.426834
7463.946533	-43.846516
7466.638184	-44.871624
7469.329834	-44.539169
7472.021484	-44.169601
7474.713135	-44.322575
7477.404785	-44.409672
7480.096436	-44.033619
7482.788086	-45.587391
7485.479736	-46.241470
7488.171387	-45.260086
7490.863037	-45.016953
7493.554688	-44.936398
7496.246338	-44.648815
7498.937988	-46.866364
7501.629639	-46.010994
7504.321289	-45.789124
7507.012939	-46.244652
7509.704590	-46.719700
7512.396240	-47.756306
7515.087891	-47.070007
7517.779541	-47.680435
7520.471191	-49.468449
7523.162842	-48.498199
7525.854492	-48.018791
7528.546143	-49.346352
7531.237793	-48.620407
7533.929443	-48.637077
7536.621094	-48.913887
7539.312744	-50.160023
7542.004395	-49.372402
7544.696045	-49.907051
7547.387695	-51.676411
7550.079346	-50.059265
7552.770996	-50.806927
7555.462646	-50.788246
7558.154297	-50.327526
7560.845947	-50.777843
7563.537598	-51.276634
7566.229248	-52.242222
7568.920898	-50.775181
7571.612549	-50.855873
7574.304199	-51.097946
7576.995850	-51.924007
7579.687500	-53.555672
7582.379150	-52.921543
7585.070801	-53.447380
7587.762451	-53.727345
7590.454102	-53.913128
7593.145752	-53.101036
7595.837402	-53.097862
7598.529053	-53.121738
7601.220703	-53.012527
7603.912354	-52.474232
7606.604004	-52.846718
7609.295654	-53.060650
7611.987305	-53.003933
7614.678955	-53.490391
7617.370605	-53.535801
7620.062256	-54.064327
7622.753906	-53.939617
7625.445557	-55.503803
7628.137207	-54.577747
7630.828857	-53.588074
7633.520508	-54.237484
7636.212158	-54.520802
7638.903809	-53.997047
7641.595459	-55.430832
7644.287109	-54.251785
7646.978760	-53.784218
7649.670410	-55.215515
7652.362061	-54.201675
7655.053711	-55.678455
7657.745361	-54.190620
7660.437012	-53.908100
7663.128662	-54.893295
7665.820312	-54.332016
7668.511963	-53.951916
7671.203613	-53.631870
7673.895264	-54.067902
7676.586914	-53.271366
7679.278564	-53.409847
7681.970215	-53.002808
7684.661865	-53.263027
7687.353516	-55.117714
7690.045166	-54.130074
7692.736816	-53.174274
7695.428467	-54.017429
7698.120117	-55.655373
7700.811768	-54.728523
7703.503418	-53.965061
7706.195068	-52.712765
7708.886719	-53.878517
7711.578369	-53.772919
7714.270020	-53.937805
7716.961670	-54.142494
7719.653320	-54.376411
7722.344971	-54.851612
7725.036621	-52.302948
7727.728271	-54.367443
7730.419922	-54.021542
7733.111572	-51.855614
7735.803223	-53.719128
7738.494873	-53.879181
7741.186523	-54.422516
7743.878174	-52.255299
7746.569824	-51.672218
7749.261475	-52.580845
7751.953125	-51.933826
7754.644775	-52.611183
7757.336426	-50.608822
7760.028076	-51.182964
7762.719727	-52.149910
7765.411377	-51.786079
7768.103027	-52.109356
7770.794678	-51.511948
7773.486328	-51.583950
7776.177979	-51.379871
7778.869629	-51.513077
7781.561279	-50.853779
7784.252930	-51.042923
7786.944580	-50.005020
7789.636230	-51.192917
7792.327881	-50.633747
7795.019531	-49.293617
7797.711182	-49.228729
7800.402832	-50.232380
7803.094482	-50.005615
7805.786133	-49.865219
7808.477783	-48.979427
7811.169434	-49.339748
7813.861084	-48.181400
7816.552734	-48.122402
7819.244385	-46.705940
7821.936035	-48.255901
7824.627686	-47.587345
7827.319336	-48.011902
7830.010986	-46.883293
7832.702637	-45.839645
7835.394287	-47.184486
7838.085938	-45.647930
7840.777588	-45.380875
7843.469238	-45.522320
7846.160889	-44.301083
7848.852539	-44.172295
7851.544189	-45.079559
7854.235840	-44.386543
7856.927490	-43.070446
7859.619141	-43.292942
7862.310791	-43.618355
7865.002441	-43.503483
7867.694092	-44.192783
7870.385742	-42.576859
7873.077393	-43.597149
7875.769043	-45.008602
7878.460693	-43.321560
7881.152344	-44.347347
7883.843994	-43.730553
7886.535645	-45.712154
7889.227295	-44.566238
7891.918945	-45.422241
7894.610596	-45.145164
7897.302246	-45.487740
7899.993896	-45.546387
7902.685547	-45.449902
7905.377197	-47.551968
7908.068848	-46.967075
7910.760498	-46.410061
7913.452148	-46.870968
7916.143799	-46.962727
7918.835449	-47.074787
7921.527100	-48.043884
7924.218750	-48.751102
7926.910400	-48.628532
7929.602051	-48.622322
7932.293701	-48.803818
7934.985352	-49.208347
7937.677002	-49.320347
7940.368652	-49.489578
7943.060303	-50.001820
7945.751953	-50.477322
7948.443604	-50.534191
7951.135254	-51.139393
7953.826904	-50.148613
7956.518555	-50.529510
7959.210205	-50.891998
7961.901855	-51.738609
7964.593506	-51.964905
7967.285156	-52.683189
7969.976807	-53.009029
7972.668457	-51.544666
7975.360107	-52.241257
7978.051758	-52.274578
7980.743408	-51.616142
7983.435059	-52.929768
7986.126709	-52.035789
7988.818359	-52.482212
7991.510010	-52.828262
7994.201660	-53.618275
7996.893311	-53.170174
7999.584961	-53.030628
8002.276611	-52.902004
8004.968262	-53.563431
8007.659912	-51.840984
8010.351562	-53.829201
8013.043213	-54.080250
8015.734863	-54.157871
8018.426514	-54.091011
8021.118164	-54.510994
8023.809814	-53.566959
8026.501465	-54.233246
8029.193115	-53.987171
8031.884766	-54.999481
8034.576416	-54.635460
8037.268066	-54.787834
8039.959717	-53.344276
8042.651367	-54.225677
8045.343018	-55.434689
8048.034668	-53.869709
8050.726318	-53.188313
8053.417969	-54.168823
8056.109619	-53.451500
8058.801270	-54.948864
8061.492920	-55.078381
8064.184570	-54.371864
8066.876221	-54.094105
8069.567871	-55.341469
8072.259521	-53.422016
8074.951172	-54.640793
8077.642822	-53.706791
8080.334473	-53.450432
8083.026123	-53.888409
8085.717773	-53.727936
8088.409424	-52.926273
8091.101074	-52.642742
8093.792725	-54.235325
8096.484375	-53.422070
8099.176025	-52.855587
8101.867676	-53.500919
8104.559326	-54.345280
8107.250977	-53.321083
8109.942627	-53.708069
8112.634277	-54.128139
8115.325928	-52.343910
8118.017578	-53.216618
8120.709229	-51.863571
8123.400879	-53.352848
8126.092529	-54.118092
8128.784180	-53.602711
8131.475830	-52.126202
8134.167480	-52.380299
8136.859131	-52.996826
8139.550781	-53.359219
8142.242432	-52.985531
8144.934082	-51.731419
8147.625732	-51.916973
8150.317383	-51.851177
8153.009033	-52.501568
8155.700684	-50.797348
8158.392334	-51.502174
8161.083984	-51.542431
8163.775635	-51.573807
8166.467285	-52.774292
8169.158936	-51.516186
8171.850586	-50.456310
8174.542236	-50.309872
8177.233887	-50.783180
8179.925537	-50.908550
8182.617188	-49.575504
8185.308838	-49.300716
8188.000488	-48.352417
8190.692139	-49.868889
8193.383789	-49.027546
8196.075439	-48.315063
8198.767090	-48.016804
8201.458740	-48.485161
8204.150391	-46.215363
8206.842041	-47.658451
8209.533691	-47.295097
8212.225342	-47.537544
8214.916992	-46.303486
8217.608643	-46.664951
8220.300293	-45.333809
8222.991943	-45.913979
8225.683594	-45.126980
8228.375244	-44.804485
8231.066895	-44.445526
8233.758545	-44.008251
8236.450195	-44.838757
8239.141846	-43.221539
8241.833496	-43.578789
8244.525146	-43.348839
8247.216797	-42.639782
8249.908447	-42.596924
8252.600098	-42.932972
8255.291748	-43.124748
8257.983398	-42.318333
8260.675049	-41.606178
8263.366699	-42.109833
8266.058350	-42.556644
8268.750000	-42.391354
8271.441650	-43.623249
8274.133301	-42.166340
8276.824951	-43.327244
8279.516602	-45.292667
8282.208252	-43.486809
8284.899902	-44.844025
8287.591553	-44.766304
8290.283203	-44.723911
8292.974854	-45.105648
8295.666504	-45.931370
8298.358154	-45.996120
8301.049805	-45.568356
8303.741455	-46.420570
8306.433105	-46.929218
8309.124756	-47.804348
8311.816406	-48.314983
8314.508057	-47.754253
8317.199707	-48.546558
8319.891357	-49.194038
8322.583008	-50.175659
8325.274658	-48.938759
8327.966309	-50.078915
8330.657959	-50.591927
8333.349609	-49.879829
8336.041260	-49.743221
8338.732910	-50.790379
8341.424561	-50.075645
8344.116211	-49.205383
8346.807861	-50.061325
8349.499512	-50.120094
8352.191162	-50.154602
8354.882812	-49.631184
8357.574463	-50.757973
8360.266113	-52.000027
8362.957764	-52.006283
8365.649414	-51.543911
8368.341064	-52.653782
8371.032715	-53.603985
8373.724365	-53.032520
8376.416016	-52.253712
8379.107666	-51.800220
8381.799316	-53.684204
8384.490967	-52.106716
8387.182617	-52.231373
8389.874268	-52.921902
8392.565918	-52.635834
8395.257568	-53.722092
8397.949219	-53.163406
8400.640869	-52.843098
8403.332520	-52.908665
8406.024170	-52.593250
8408.715820	-53.777111
8411.407471	-53.112003
8414.099121	-53.366379
8416.790771	-54.001850
8419.482422	-54.358360
8422.174072	-53.618118
8424.865723	-53.397747
8427.557373	-53.696690
8430.249023	-52.341270
8432.940674	-53.928631
8435.632324	-52.776131
8438.323975	-54.673634
8441.015625	-53.085632
8443.707275	-53.433384
8446.398926	-53.594051
8449.090576	-53.441574
8451.782227	-53.436905
8454.473877	-53.107719
8457.165527	-53.477127
8459.857178	-55.659256
8462.548828	-53.958973
8465.240479	-55.435581
8467.932129	-53.450714
8470.623779	-53.877266
8473.315430	-53.423374
8476.007080	-53.760681
8478.698730	-54.968502
8481.390381	-54.074894
8484.082031	-54.156586
8486.773682	-52.999989
8489.465332	-55.480453
8492.156982	-54.423721
8494.848633	-53.575619
8497.540283	-54.305431
8500.231934	-53.223087
8502.923584	-53.217621
8505.615234	-53.352028
8508.306885	-53.407799
8510.998535	-52.764275
8513.690186	-53.156044
8516.381836	-53.047966
8519.073486	-52.860889
8521.765137	-52.072468
8524.456787	-52.130802
8527.148438	-53.079205
8529.840088	-52.670528
8532.531738	-51.982166
8535.223389	-52.077572
8537.915039	-51.719112
8540.606689	-51.629993
8543.298340	-51.636917
8545.989990	-51.164062
8548.681641	-51.436577
8551.373291	-52.209015
8554.064941	-51.802071
8556.756592	-52.191792
8559.448242	-50.499809
8562.139893	-50.618378
8564.831543	-51.577461
8567.523193	-51.762703
8570.214844	-51.485703
8572.906494	-50.442459
8575.598145	-50.017094
8578.289795	-49.446228
8580.981445	-48.799561
8583.673096	-50.305782
8586.364746	-48.499344
8589.056396	-49.008778
8591.748047	-49.255535
8594.439697	-48.179047
8597.131348	-47.399429
8599.822998	-47.873341
8602.514648	-46.593662
8605.206299	-47.134228
8607.897949	-45.540665
8610.589600	-45.186508
8613.281250	-45.769253
8615.972900	-45.082451
8618.664551	-45.281536
8621.356201	-45.682743
8624.047852	-43.447220
8626.739502	-42.149193
8629.431152	-42.795979
8632.122803	-42.285404
8634.814453	-41.738094
8637.506104	-41.936760
8640.197754	-42.464806
8642.889404	-41.713886
8645.581055	-40.570148
8648.272705	-42.132359
8650.964355	-42.902180
8653.656006	-41.623711
8656.347656	-40.867489
8659.039307	-42.023647
8661.730957	-41.916721
8664.422607	-42.443829
8667.114258	-43.491356
8669.805908	-43.624268
8672.497559	-43.028038
8675.189209	-44.587437
8677.880859	-44.665028
8680.572510	-45.523544
8683.264160	-46.305893
8685.955811	-46.626740
8688.647461	-45.388882
8691.339111	-45.766918
8694.030762	-46.372692
8696.722412	-47.231110
8699.414062	-47.415558
8702.105713	-47.305927
8704.797363	-46.896427
8707.489014	-48.419411
8710.180664	-49.517147
8712.872314	-50.348164
8715.563965	-48.947300
8718.255615	-47.899780
8720.947266	-49.674778
8723.638916	-50.359913
8726.330566	-50.924126
8729.022217	-50.662689
8731.713867	-49.496632
8734.405518	-49.997120
8737.097168	-50.223026
8739.788818	-51.791153
8742.480469	-50.988441
8745.172119	-51.045506
8747.863770	-52.496231
8750.555420	-51.552063
8753.247070	-51.001915
8755.938721	-51.718399
8758.630371	-51.572411
8761.322021	-51.260990
8764.013672	-51.654007
8766.705322	-51.688549
8769.396973	-51.804798
8772.088623	-50.748665
8774.780273	-52.563385
8777.471924	-51.636002
8780.163574	-52.162495
8782.855225	-54.577385
8785.546875	-52.961845
8788.238525	-53.473671
8790.930176	-52.979534
8793.621826	-52.324482
8796.313477	-52.475399
8799.005127	-53.223118
8801.696777	-53.732628
8804.388428	-53.797901
8807.080078	-52.274498
8809.771729	-53.064346
8812.463379	-53.387939
8815.155029	-52.770901
8817.846680	-53.052181
8820.538330	-53.059677
8823.229980	-52.560287
8825.921631	-53.949131
8828.613281	-54.295265
8831.304932	-54.678314
8833.996582	-53.645851
8836.688232	-54.668667
8839.379883	-53.471359
8842.071533	-52.675446
8844.763184	-53.218346
8847.454834	-53.402622
8850.146484	-53.718819
8852.838135	-54.168606
8855.529785	-53.690514
8858.221436	-53.431568
8860.913086	-52.835133
8863.604736	-52.676533
8866.296387	-53.671207
8868.988037	-53.388599
8871.679688	-53.290474
8874.371338	-53.331520
8877.062988	-53.013283
8879.754639	-53.159458
8882.446289	-53.314796
8885.137939	-52.454578
8887.829590	-52.884346
8890.521240	-54.147617
8893.212891	-53.300072
8895.904541	-53.750946
8898.596191	-52.101971
8901.287842	-52.374401
8903.979492	-52.875027
8906.671143	-51.610302
8909.362793	-52.868515
8912.054443	-52.282093
8914.746094	-53.006229
8917.437744	-51.653019
8920.129395	-51.981594
8922.821045	-51.322399
8925.512695	-51.800793
8928.204346	-50.506958
8930.895996	-53.099285
8933.587646	-50.906311
8936.279297	-52.560131
8938.970947	-51.831474
8941.662598	-51.205223
8944.354248	-51.113850
8947.045898	-50.435036
8949.737549	-51.147739
8952.429199	-50.581402
8955.120850	-49.956841
8957.812500	-49.927765
8960.504150	-50.280220
8963.195801	-49.397018
8965.887451	-49.330284
8968.579102	-48.650070
8971.270752	-49.047863
8973.962402	-48.552204
8976.654053	-49.510078
8979.345703	-49.122200
8982.037354	-47.172405
8984.729004	-47.311974
8987.420654	-46.440250
8990.112305	-46.615318
8992.803955	-47.867577
8995.495605	-46.910221
8998.187256	-46.850361
9000.878906	-44.725124
9003.570557	-45.328381
9006.262207	-45.530983
9008.953857	-44.704418
9011.645508	-43.274048
9014.337158	-44.144730
9017.028809	-44.043633
9019.720459	-42.984509
9022.412109	-43.318951
9025.103760	-42.662937
9027.795410	-41.623631
9030.487061	-41.721409
9033.178711	-41.857594
9035.870361	-40.743019
9038.562012	-40.940945
9041.253662	-41.517551
9043.945312	-42.941681
9046.636963	-42.369820
9049.328613	-42.884029
9052.020264	-41.191750
9054.711914	-41.672932
9057.403564	-40.736980
9060.095215	-41.937691
9062.786865	-43.349667
9065.478516	-41.915909
9068.170166	-42.119762
9070.861816	-44.509926
9073.553467	-45.095566
9076.245117	-43.665127
9078.936768	-43.989407
9081.628418	-45.908905
9084.320068	-45.538509
9087.011719	-45.521057
9089.703369	-47.308746
9092.395020	-45.687969
9095.086670	-47.474518
9097.778320	-48.257324
9100.469971	-47.485943
9103.161621	-46.798832
9105.853271	-47.724392
9108.544922	-50.193626
9111.236572	-50.104294
9113.928223	-48.074913
9116.619873	-48.706890
9119.311523	-49.463200
9122.003174	-48.597065
9124.694824	-49.225800
9127.386475	-49.505257
9130.078125	-49.617447
9132.769775	-49.118809
9135.461426	-50.195938
9138.153076	-51.942787
9140.844727	-51.834270
9143.536377	-51.163494
9146.228027	-51.710758
9148.919678	-51.312881
9151.611328	-52.360699
9154.302979	-52.082722
9156.994629	-52.060875
9159.686279	-50.992214
9162.377930	-53.299530
9165.069580	-51.799530
9167.761230	-51.283188
9170.452881	-52.636024
9173.144531	-53.485413
9175.836182	-51.815620
9178.527832	-52.646225
9181.219482	-52.273594
9183.911133	-53.384148
9186.602783	-52.686157
9189.294434	-52.528946
9191.986084	-52.968624
9194.677734	-53.151253
9197.369385	-52.816261
9200.061035	-52.457203
9202.752686	-52.948643
9205.444336	-53.063053
9208.135986	-53.102917
9210.827637	-52.769501
9213.519287	-53.505493
9216.210938	-54.939274
9218.902588	-52.516224
9221.594238	-53.586628
9224.285889	-53.519379
9226.977539	-52.800972
9229.669189	-53.243317
9232.360840	-53.123394
9235.052490	-53.646584
9237.744141	-53.608093
9240.435791	-53.108269
9243.127441	-53.717896
9245.819092	-53.768917
9248.510742	-53.556187
9251.202393	-54.229607
9253.894043	-52.675476
9256.585693	-55.135616
9259.277344	-53.712601
9261.968994	-54.245491
9264.660645	-53.162891
9267.352295	-55.256428
9270.043945	-53.761127
9272.735596	-51.903172
9275.427246	-53.977348
9278.118896	-53.007019
9280.810547	-51.563381
9283.502197	-53.557816
9286.193848	-52.556568
9288.885498	-52.205593
9291.577148	-51.547131
9294.268799	-51.891666
9296.960449	-51.757603
9299.652100	-51.718533
9302.343750	-51.506268
9305.035400	-53.075699
9307.727051	-52.179504
9310.418701	-51.943516
9313.110352	-50.690613
9315.802002	-50.991577
9318.493652	-50.109581
9321.185303	-50.383808
9323.876953	-52.006359
9326.568604	-50.072540
9329.260254	-50.336121
9331.951904	-51.645050
9334.643555	-49.910252
9337.335205	-52.063656
9340.026855	-49.498543
9342.718506	-50.431854
9345.410156	-49.073288
9348.101807	-50.540276
9350.793457	-48.964539
9353.485107	-49.283127
9356.176758	-48.300972
9358.868408	-48.808292
9361.560059	-46.323429
9364.251709	-46.759716
9366.943359	-47.366848
9369.635010	-46.078442
9372.326660	-46.804493
9375.018311	-46.188175
9377.709961	-46.683456
9380.401611	-46.595840
9383.093262	-44.876900
9385.784912	-45.393627
9388.476562	-43.617081
9391.168213	-44.527508
9393.859863	-44.452099
9396.551514	-43.886497
9399.243164	-43.472832
9401.934814	-43.536007
9404.626465	-41.989601
9407.318115	-41.670353
9410.009766	-40.968357
9412.701416	-41.407803
9415.393066	-42.057327
9418.084717	-39.874443
9420.776367	-41.659637
9423.468018	-40.219078
9426.159668	-40.029274
9428.851318	-39.677429
9431.542969	-39.348274
9434.234619	-39.484715
9436.926270	-41.218777
9439.617920	-39.316303
9442.309570	-40.385544
9445.001221	-40.064022
9447.692871	-40.382366
9450.384521	-42.947266
9453.076172	-41.081573
9455.767822	-41.561394
9458.459473	-43.814236
9461.151123	-44.021645
9463.842773	-43.524097
9466.534424	-43.480251
9469.226074	-44.186295
9471.917725	-45.098186
9474.609375	-46.479256
9477.301025	-46.073826
9479.992676	-46.323307
9482.684326	-46.187328
9485.375977	-46.842716
9488.067627	-47.369709
9490.759277	-46.958965
9493.450928	-46.739330
9496.142578	-47.466221
9498.834229	-46.982479
9501.525879	-48.079163
9504.217529	-49.006481
9506.909180	-49.518230
9509.600830	-49.159252
9512.292480	-48.793751
9514.984131	-50.249149
9517.675781	-49.593235
9520.367432	-48.754902
9523.059082	-49.504616
9525.750732	-49.927753
9528.442383	-49.618481
9531.134033	-51.088242
9533.825684	-49.787827
9536.517334	-50.925232
9539.208984	-51.036518
9541.900635	-52.508144
9544.592285	-50.784286
9547.283936	-50.434654
9549.975586	-51.071259
9552.667236	-52.522808
9555.358887	-52.409145
9558.050537	-53.422821
9560.742188	-51.448322
9563.433838	-52.092785
9566.125488	-51.462425
9568.817139	-51.119438
9571.508789	-52.053360
9574.200439	-52.098385
9576.892090	-52.568192
9579.583740	-50.530258
9582.275391	-52.357918
9584.967041	-52.827404
9587.658691	-52.846600
9590.350342	-52.614975
9593.041992	-51.706875
9595.733643	-53.497185
9598.425293	-53.078735
9601.116943	-53.723221
9603.808594	-53.702702
9606.500244	-53.052082
9609.191895	-52.959133
9611.883545	-53.988731
9614.575195	-53.554455
9617.266846	-53.290817
9619.958496	-53.414177
9622.650146	-53.168926
9625.341797	-51.982471
9628.033447	-53.986607
9630.725098	-54.261860
9633.416748	-53.389862
9636.108398	-52.785690
9638.800049	-52.659023
9641.491699	-53.964634
9644.183350	-53.461170
9646.875000	-53.085892
9649.566650	-52.628288
9652.258301	-51.675556
9654.949951	-53.454319
9657.641602	-52.531399
9660.333252	-51.597424
9663.024902	-53.946297
9665.716553	-51.945347
9668.408203	-52.752502
9671.099854	-53.095592
9673.791504	-52.993629
9676.483154	-51.417423
9679.174805	-52.075451
9681.866455	-51.868584
9684.558105	-52.293022
9687.249756	-53.205566
9689.941406	-51.534107
9692.633057	-50.545158
9695.324707	-51.780720
9698.016357	-52.413128
9700.708008	-51.264076
9703.399658	-51.082432
9706.091309	-50.913841
9708.782959	-50.016853
9711.474609	-51.688820
9714.166260	-51.097958
9716.857910	-50.059826
9719.549561	-49.442265
9722.241211	-50.991245
9724.932861	-50.718197
9727.624512	-50.291595
9730.316162	-49.230137
9733.007812	-48.925156
9735.699463	-49.496212
9738.391113	-48.951813
9741.082764	-49.317467
9743.774414	-49.141193
9746.466064	-48.452255
9749.157715	-48.055744
9751.849365	-47.412388
9754.541016	-46.226837
9757.232666	-47.236752
9759.924316	-46.558907
9762.615967	-47.779228
9765.307617	-47.298370
9767.999268	-45.628654
9770.690918	-44.829144
9773.382568	-46.174595
9776.074219	-45.344994
9778.765869	-44.345272
9781.457520	-43.601570
9784.149170	-43.407101
9786.840820	-42.391281
9789.532471	-44.053886
9792.224121	-42.084949
9794.915771	-41.340687
9797.607422	-42.596832
9800.299072	-42.654118
9802.990723	-39.878902
9805.682373	-39.559044
9808.374023	-41.404102
9811.065674	-41.366474
9813.757324	-39.542641
9816.448975	-39.470890
9819.140625	-39.361420
9821.832275	-38.871670
9824.523926	-40.109089
9827.215576	-40.267708
9829.907227	-40.302952
9832.598877	-40.685051
9835.290527	-40.984379
9837.982178	-40.319347
9840.673828	-41.581554
9843.365479	-41.437691
9846.057129	-42.714596
9848.748779	-43.166172
9851.440430	-43.150677
9854.132080	-44.307602
9856.823730	-42.489040
9859.515381	-45.880215
9862.207031	-45.315994
9864.898682	-44.561165
9867.590332	-46.831966
9870.281982	-44.908749
9872.973633	-46.353645
9875.665283	-47.236473
9878.356934	-48.407169
9881.048584	-47.852764
9883.740234	-48.232441
9886.431885	-48.281700
9889.123535	-47.271656
9891.815186	-47.643856
9894.506836	-49.241264
9897.198486	-50.120270
9899.890137	-48.408794
9902.581787	-49.825115
9905.273438	-50.221653
9907.965088	-50.439926
9910.656738	-49.311275
9913.348389	-50.684135
9916.040039	-50.131622
9918.731689	-50.722439
9921.423340	-51.958481
9924.114990	-50.490639
9926.806641	-52.856476
9929.498291	-51.205425
9932.189941	-51.717812
9934.881592	-51.696018
9937.573242	-51.100838
9940.264893	-51.536911
9942.956543	-52.244072
9945.648193	-51.772194
9948.339844	-53.704613
9951.031494	-52.253422
9953.723145	-51.472919
9956.414795	-52.911789
9959.106445	-51.517155
9961.798096	-51.819061
9964.489746	-52.833439
9967.181396	-53.834450
9969.873047	-52.289154
9972.564697	-52.541885
9975.256348	-52.414570
9977.947998	-53.401100
9980.639648	-53.395245
9983.331299	-52.821091
9986.022949	-53.499607
9988.714600	-53.983700
9991.406250	-53.409542
9994.097900	-53.848278
9996.789551	-52.160622
9999.481201	-53.581806
10002.172852	-53.209816
10004.864502	-53.083939
10007.556152	-52.481419
10010.247803	-52.453777
10012.939453	-51.989460
10015.631104	-52.399391
10018.322754	-52.596767
10021.014404	-51.455524
10023.706055	-51.776463
10026.397705	-52.959785
10029.089355	-52.872326
10031.781006	-54.483368
10034.472656	-53.310760
10037.164307	-53.698200
10039.855957	-53.774158
10042.547607	-53.884682
10045.239258	-54.139000
10047.930908	-53.631001
10050.622559	-53.243507
10053.314209	-53.538643
10056.005859	-53.367699
10058.697510	-52.771694
10061.389160	-53.194397
10064.080811	-53.734814
10066.772461	-53.443920
10069.464111	-53.321224
10072.155762	-53.151398
10074.847412	-53.223457
10077.539062	-53.380447
10080.230713	-52.159954
10082.922363	-52.942249
10085.614014	-53.767895
10088.305664	-53.010685
10090.997314	-52.353722
10093.688965	-52.673203
10096.380615	-52.075813
10099.072266	-50.799515
10101.763916	-51.780685
10104.455566	-52.502201
10107.147217	-51.885132
10109.838867	-51.053280
10112.530518	-50.935635
10115.222168	-50.091576
10117.913818	-51.500092
10120.605469	-50.394962
10123.297119	-50.561886
10125.988770	-49.254776
10128.680420	-49.846886
10131.372070	-50.713852
10134.063721	-49.072403
10136.755371	-50.360268
10139.447021	-49.080116
10142.138672	-49.126919
10144.830322	-49.924706
10147.521973	-49.283291
10150.213623	-48.749493
10152.905273	-47.671253
10155.596924	-48.557194
10158.288574	-47.288979
10160.980225	-46.978466
10163.671875	-47.266811
10166.363525	-46.124630
10169.055176	-45.196877
10171.746826	-45.512398
10174.438477	-45.898773
10177.130127	-44.537411
10179.821777	-45.253384
10182.513428	-43.669888
10185.205078	-43.689003
10187.896729	-42.765270
10190.588379	-42.851368
10193.280029	-42.883926
10195.971680	-42.855980
10198.663330	-41.204952
10201.354980	-41.589661
10204.046631	-42.197639
10206.738281	-41.263893
10209.429932	-41.147274
10212.121582	-40.213840
10214.813232	-40.525337
10217.504883	-42.291908
10220.196533	-41.853237
10222.888184	-41.929459
10225.579834	-42.541386
10228.271484	-43.165890
10230.963135	-44.540417
10233.654785	-45.538830
10236.346436	-44.458515
10239.038086	-44.336521
10241.729736	-46.187634
10244.421387	-46.300560
10247.113037	-46.630867
10249.804688	-46.893604
10252.496338	-46.453503
10255.187988	-46.666698
10257.879639	-47.777733
10260.571289	-48.053593
10263.262939	-48.034313
10265.954590	-48.918083
10268.646240	-49.027374
10271.337891	-48.937035
10274.029541	-50.920238
10276.721191	-49.144787
10279.412842	-50.358257
10282.104492	-51.004192
10284.796143	-51.298180
10287.487793	-51.485813
10290.179443	-51.123997
10292.871094	-50.814377
10295.562744	-52.603424
10298.254395	-52.806744
10300.946045	-52.576206
10303.637695	-52.575489
10306.329346	-53.334579
10309.020996	-52.707680
10311.712646	-52.612465
10314.404297	-53.101681
10317.095947	-53.119423
10319.787598	-53.826038
10322.479248	-52.639507
10325.170898	-54.618454
10327.862549	-55.368076
10330.554199	-53.699978
10333.245850	-54.742977
10335.937500	-53.904255
10338.629150	-53.996822
10341.320801	-55.210361
10344.012451	-54.678715
10346.704102	-56.772671
10349.395752	-55.218811
10352.087402	-55.196342
10354.779053	-55.537983
10357.470703	-56.008038
10360.162354	-55.705418
10362.854004	-54.237740
10365.545654	-55.595642
10368.237305	-55.514610
10370.928955	-57.326550
10373.620605	-56.021572
10376.312256	-56.530163
10379.003906	-56.490364
10381.695557	-56.391277
10384.387207	-56.330326
10387.078857	-56.413216
10389.770508	-57.217144
10392.462158	-57.547134
10395.153809	-57.770115
10397.845459	-56.561020
10400.537109	-56.071026
10403.228760	-57.766258
10405.920410	-55.947773
10408.612061	-58.485413
10411.303711	-57.501282
10413.995361	-57.176815
10416.687012	-57.445316
10419.378662	-57.931316
10422.070312	-57.036209
10424.761963	-56.914806
10427.453613	-58.337189
10430.145264	-57.891865
10432.836914	-56.842045
10435.528564	-55.838360
10438.220215	-57.774883
10440.911865	-56.545559
10443.603516	-57.811546
10446.295166	-57.334473
10448.986816	-58.053272
10451.678467	-56.357433
10454.370117	-56.703327
10457.061768	-56.745892
10459.753418	-57.550888
10462.445068	-57.003578
10465.136719	-58.318806
10467.828369	-58.065964
10470.520020	-55.688152
10473.211670	-57.441986
10475.903320	-57.535812
10478.594971	-55.748043
10481.286621	-56.951649
10483.978271	-55.817142
10486.669922	-57.760502
10489.361572	-56.275169
10492.053223	-56.664680
10494.744873	-56.885792
10497.436523	-57.487133
10500.128174	-58.246876
10502.819824	-57.040031
10505.511475	-56.571465
10508.203125	-56.437740
10510.894775	-55.818306
10513.586426	-57.417728
10516.278076	-55.005432
10518.969727	-55.702400
10521.661377	-56.149525
10524.353027	-56.326176
10527.044678	-55.080338
10529.736328	-56.257641
10532.427979	-55.820522
10535.119629	-54.870853
10537.811279	-54.274826
10540.502930	-55.122604
10543.194580	-55.181011
10545.886230	-55.328400
10548.577881	-54.404366
10551.269531	-54.106873
10553.961182	-53.390190
10556.652832	-55.099319
10559.344482	-53.126205
10562.036133	-53.622444
10564.727783	-51.055107
10567.419434	-51.452618
10570.111084	-51.542763
10572.802734	-50.666565
10575.494385	-51.581028
10578.186035	-50.319210
10580.877686	-50.905025
10583.569336	-51.247135
10586.260986	-49.158981
10588.952637	-47.988426
10591.644287	-49.166622
10594.335938	-48.236031
10597.027588	-49.294693
10599.719238	-48.998997
10602.410889	-48.466385
10605.102539	-48.285042
10607.794189	-48.912426
10610.485840	-49.857536
10613.177490	-50.002895
10615.869141	-50.075607
10618.560791	-51.782681
10621.252441	-52.417370
10623.944092	-51.735298
10626.635742	-52.661819
10629.327393	-52.627750
10632.019043	-54.582130
10634.710693	-54.881870
10637.402344	-55.204346
10640.093994	-55.447647
10642.785645	-55.560139
10645.477295	-56.248508
10648.168945	-56.703224
10650.860596	-57.724945
10653.552246	-57.858444
10656.243896	-57.308079
10658.935547	-57.726021
10661.627197	-58.207012
10664.318848	-59.318760
10667.010498	-59.590237
10669.702148	-59.794960
10672.393799	-60.574768
10675.085449	-60.159145
10677.777100	-60.883110
10680.468750	-60.983250
10683.160400	-61.835049
10685.852051	-60.725266
10688.543701	-61.781433
10691.235352	-62.745613
10693.927002	-62.134083
10696.618652	-62.271488
10699.310303	-62.307472
10702.001953	-61.814346
10704.693604	-61.973930
10707.385254	-63.704563
10710.076904	-64.624374
10712.768555	-64.119461
10715.460205	-63.400532
10718.151855	-64.895706
10720.843506	-64.296906
10723.535156	-64.946434
10726.226807	-63.914791
10728.918457	-64.816002
10731.610107	-66.244354
10734.301758	-65.181076
10736.993408	-64.649857
10739.685059	-66.827484
10742.376709	-66.025291
10745.068359	-65.536507
10747.760010	-67.501854
10750.451660	-66.255035
10753.143311	-67.238144
10755.834961	-66.658882
10758.526611	-67.377914
10761.218262	-67.170929
10763.909912	-67.493195
10766.601562	-67.227570
10769.293213	-68.404205
10771.984863	-67.829742
10774.676514	-68.645279
10777.368164	-69.977493
10780.059814	-68.718605
10782.751465	-69.005936
10785.443115	-68.211998
10788.134766	-69.264648
10790.826416	-69.164192
10793.518066	-70.822792
10796.209717	-69.668167
10798.901367	-69.632019
10801.593018	-69.751747
10804.284668	-69.948532
10806.976318	-69.392670
10809.667969	-69.987740
10812.359619	-70.716888
10815.051270	-70.495583
10817.742920	-70.926170
10820.434570	-70.714561
10823.126221	-71.214569
10825.817871	-70.680977
10828.509521	-70.369774
10831.201172	-71.085617
10833.892822	-71.572762
10836.584473	-70.553391
10839.276123	-70.953773
10841.967773	-70.463493
10844.659424	-70.987907
10847.351074	-71.343010
10850.042725	-72.592094
10852.734375	-71.200905
10855.426025	-71.677666
10858.117676	-71.531837
10860.809326	-70.668839
10863.500977	-71.255455
10866.192627	-71.933334
10868.884277	-71.502815
10871.575928	-71.944229
10874.267578	-71.422867
10876.959229	-72.192459
10879.650879	-72.006340
10882.342529	-71.115051
10885.034180	-71.653191
10887.725830	-71.533821
10890.417480	-72.931541
10893.109131	-72.323456
10895.800781	-71.456810
10898.492432	-71.323631
10901.184082	-72.593750
10903.875732	-72.417534
10906.567383	-73.313232
10909.259033	-71.723572
10911.950684	-72.593719
10914.642334	-72.158844
10917.333984	-71.674431
10920.025635	-71.129410
10922.717285	-71.220177
10925.408936	-71.633736
10928.100586	-71.780289
10930.792236	-71.469681
10933.483887	-71.519997
10936.175537	-71.549271
10938.867188	-70.800186
10941.558838	-71.086960
10944.250488	-70.774155
10946.942139	-69.774818
10949.633789	-71.896072
10952.325439	-70.013252
10955.017090	-68.883980
10957.708740	-69.845009
10960.400391	-70.808983
10963.092041	-68.870338
10965.783691	-69.642426
10968.475342	-68.278038
10971.166992	-69.561081
10973.858643	-69.397606
10976.550293	-68.042473
10979.241943	-69.114433
10981.933594	-67.446251
10984.625244	-67.328522
10987.316895	-68.246780
10990.008545	-67.675583
10992.700195	-68.480820
10995.391846	-68.228477
10998.083496	-68.667801
11000.775146	-68.249992
11003.466797	-69.163338
11006.158447	-69.870636
11008.850098	-70.568703
11011.541748	-71.566261
11014.233398	-71.213631
11016.925049	-71.582458
11019.616699	-72.162621
11022.308350	-71.451401
