Frequency (Hz)	Level (dB)
2.691650	-86.724777
5.383301	-86.597336
8.074951	-86.594742
10.766602	-86.785957
13.458252	-86.598663
16.149902	-86.589348
18.841553	-86.731186
21.533203	-86.545845
24.224854	-86.526161
26.916504	-86.600105
29.608154	-86.500206
32.299805	-86.740929
34.991455	-86.668571
37.683105	-86.622505
40.374756	-86.799301
43.066406	-86.782005
45.758057	-86.510841
48.449707	-86.635841
51.141357	-86.424255
53.833008	-86.366013
56.524658	-86.761230
59.216309	-86.793159
61.907959	-86.429703
64.599609	-86.202606
67.291260	-86.550888
69.982910	-86.587791
72.674561	-86.536697
75.366211	-86.443375
78.057861	-86.547661
80.749512	-86.730507
83.441162	-86.366707
86.132812	-86.564583
88.824463	-86.020805
91.516113	-86.380646
94.207764	-86.588043
96.899414	-86.369774
99.591064	-86.326027
102.282715	-86.574936
104.974365	-86.478844
107.666016	-86.165962
110.357666	-86.291016
113.049316	-86.005692
115.740967	-86.178215
118.432617	-86.139671
121.124268	-86.524750
123.815918	-86.423645
126.507568	-86.418007
129.199219	-86.163116
131.890869	-86.833580
134.582520	-86.306702
137.274170	-86.238548
139.965820	-86.414932
142.657471	-86.260033
145.349121	-86.126236
148.040771	-86.280785
150.732422	-85.876122
153.424072	-86.256760
156.115723	-86.193077
158.807373	-85.946930
161.499023	-86.083130
164.190674	-85.687134
166.882324	-86.252640
169.573975	-85.751678
172.265625	-85.862640
174.957275	-86.256607
177.648926	-86.017250
180.340576	-86.160332
183.032227	-86.159958
185.723877	-85.678986
188.415527	-85.869873
191.107178	-85.963203
193.798828	-85.811256
196.490479	-85.896767
199.182129	-85.879845
201.873779	-85.529770
204.565430	-86.132767
207.257080	-86.082321
209.948730	-85.561333
212.640381	-85.783340
215.332031	-85.628563
218.023682	-85.310776
220.715332	-84.920654
223.406982	-85.859550
226.098633	-85.554520
228.790283	-85.537308
231.481934	-84.759903
234.173584	-84.910637
236.865234	-85.238823
239.556885	-85.264893
242.248535	-85.619850
244.940186	-84.591240
247.631836	-84.951111
250.323486	-84.691872
253.015137	-85.514091
255.706787	-84.569389
258.398438	-83.922768
261.090088	-85.376450
263.781738	-84.253975
266.473389	-85.390991
269.165039	-84.444031
271.856689	-83.872849
274.548340	-83.846840
277.239990	-83.458801
279.931641	-84.547066
282.623291	-83.876495
285.314941	-84.112442
288.006592	-83.434647
290.698242	-83.542427
293.389893	-82.705772
296.081543	-84.118919
298.773193	-83.870888
301.464844	-82.718437
304.156494	-82.913475
306.848145	-83.515160
309.539795	-82.189331
312.231445	-82.045486
314.923096	-82.614243
317.614746	-82.607384
320.306396	-82.387314
322.998047	-81.712143
325.689697	-81.595085
328.381348	-82.129463
331.072998	-82.504715
333.764648	-81.622658
336.456299	-81.388344
339.147949	-81.419151
341.839600	-79.950310
344.531250	-80.542694
347.222900	-80.309937
349.914551	-79.860130
352.606201	-80.075935
355.297852	-79.570923
357.989502	-80.268234
360.681152	-80.768929
363.372803	-81.105301
366.064453	-81.189072
368.756104	-79.390182
371.447754	-80.168320
374.139404	-79.770416
376.831055	-79.347794
379.522705	-79.362022
382.214355	-78.275772
384.906006	-77.342415
387.597656	-79.272453
390.289307	-78.219597
392.980957	-77.379761
395.672607	-77.608200
398.364258	-78.126404
401.055908	-77.453529
403.747559	-77.705055
406.439209	-76.932549
409.130859	-77.424103
411.822510	-77.902618
414.514160	-77.239944
417.205811	-76.487648
419.897461	-76.774673
422.589111	-76.548538
425.280762	-75.469048
427.972412	-75.606270
430.664062	-76.377365
433.355713	-75.723289
436.047363	-75.910316
438.739014	-74.700882
441.430664	-75.623047
444.122314	-74.952805
446.813965	-75.202110
449.505615	-74.747818
452.197266	-73.395966
454.888916	-75.899681
457.580566	-75.166275
460.272217	-74.324249
462.963867	-74.990929
465.655518	-73.350372
468.347168	-75.348854
471.038818	-74.162651
473.730469	-73.190933
476.422119	-74.473656
479.113770	-72.448524
481.805420	-73.538231
484.497070	-73.390060
487.188721	-73.473251
489.880371	-72.583305
492.572021	-71.043762
495.263672	-72.973297
497.955322	-72.871460
500.646973	-71.799301
503.338623	-73.105469
506.030273	-71.682419
508.721924	-71.412018
511.413574	-72.232925
514.105225	-70.224495
516.796875	-71.431717
519.488525	-69.564003
522.180176	-70.079529
524.871826	-70.483902
527.563477	-70.057434
530.255127	-70.832230
532.946777	-70.154839
535.638428	-68.979721
538.330078	-70.883232
541.021729	-69.038940
543.713379	-69.589508
546.405029	-69.782631
549.096680	-68.750687
551.788330	-71.038963
554.479980	-69.324776
557.171631	-69.278770
559.863281	-68.425568
562.554932	-69.197762
565.246582	-68.998505
567.938232	-67.380684
570.629883	-68.047966
573.321533	-67.799057
576.013184	-67.225418
578.704834	-66.028069
581.396484	-65.853249
584.088135	-68.112694
586.779785	-67.023285
589.471436	-66.670151
592.163086	-67.525688
594.854736	-65.309311
597.546387	-66.498985
600.238037	-65.825882
602.929688	-66.458046
605.621338	-65.798622
608.312988	-64.862183
611.004639	-63.644207
613.696289	-65.546761
616.387939	-63.700886
619.079590	-64.146584
621.771240	-64.510460
624.462891	-65.443146
627.154541	-64.342522
629.846191	-63.571774
632.537842	-64.516983
635.229492	-63.833656
637.921143	-62.802639
640.612793	-62.845753
643.304443	-63.096508
645.996094	-64.075500
648.687744	-63.246063
651.379395	-61.970394
654.071045	-63.152008
656.762695	-61.405903
659.454346	-61.812931
662.145996	-61.592373
664.837646	-61.331181
667.529297	-61.780807
670.220947	-61.397541
672.912598	-61.229404
675.604248	-60.864933
678.295898	-61.344437
680.987549	-60.133022
683.679199	-61.122383
686.370850	-59.755070
689.062500	-58.381935
691.754150	-59.858566
694.445801	-58.870918
697.137451	-59.500275
699.829102	-58.951008
702.520752	-59.286736
705.212402	-58.556217
707.904053	-57.608002
710.595703	-57.929707
713.287354	-57.365040
715.979004	-56.932396
718.670654	-57.546421
721.362305	-56.775429
724.053955	-56.824356
726.745605	-56.514549
729.437256	-57.554417
732.128906	-58.830246
734.820557	-56.478664
737.512207	-55.297073
740.203857	-56.724495
742.895508	-55.345760
745.587158	-54.470711
748.278809	-55.705738
750.970459	-55.307198
753.662109	-54.124012
756.353760	-53.954041
759.045410	-55.074528
761.737061	-55.702488
764.428711	-55.433807
767.120361	-53.734577
769.812012	-54.239117
772.503662	-54.431870
775.195312	-53.121853
777.886963	-53.874336
780.578613	-53.046459
783.270264	-53.200493
785.961914	-53.025570
788.653564	-52.590961
791.345215	-53.141964
794.036865	-52.659950
796.728516	-52.127182
799.420166	-51.258991
802.111816	-52.358883
804.803467	-53.421352
807.495117	-53.262787
810.186768	-51.359142
812.878418	-50.373013
815.570068	-51.443474
818.261719	-50.593750
820.953369	-49.631260
823.645020	-50.218323
826.336670	-50.915314
829.028320	-49.847206
831.719971	-50.139595
834.411621	-49.654163
837.103271	-50.121399
839.794922	-48.978313
842.486572	-49.082581
845.178223	-50.027836
847.869873	-49.782066
850.561523	-49.790890
853.253174	-48.851734
855.944824	-48.910400
858.636475	-48.099659
861.328125	-48.397594
864.019775	-48.926086
866.711426	-48.972000
869.403076	-47.841698
872.094727	-48.316280
874.786377	-47.900166
877.478027	-49.374058
880.169678	-48.096748
882.861328	-47.534672
885.552979	-48.806358
888.244629	-47.994324
890.936279	-48.743256
893.627930	-46.798695
896.319580	-46.223942
899.011230	-47.632973
901.702881	-48.621597
904.394531	-49.062000
907.086182	-47.411671
909.777832	-45.602917
912.469482	-46.235619
915.161133	-47.123001
917.852783	-46.062447
920.544434	-47.602089
923.236084	-48.181419
925.927734	-46.605988
928.619385	-47.433586
931.311035	-45.619373
934.002686	-45.504837
936.694336	-46.714291
939.385986	-46.039989
942.077637	-46.151024
944.769287	-45.786789
947.460938	-45.809368
950.152588	-47.469524
952.844238	-46.266098
955.535889	-47.411144
958.227539	-47.534664
960.919189	-46.335491
963.610840	-45.757729
966.302490	-46.317745
968.994141	-45.993607
971.685791	-45.975052
974.377441	-45.298107
977.069092	-45.055252
979.760742	-48.088211
982.452393	-46.767040
985.144043	-47.479923
987.835693	-48.137123
990.527344	-48.828064
993.218994	-47.504318
995.910645	-48.294914
998.602295	-47.252682
1001.293945	-49.388912
1003.985596	-48.621815
1006.677246	-48.593002
1009.368896	-47.968834
1012.060547	-48.037701
1014.752197	-48.844200
1017.443848	-48.339794
1020.135498	-48.417374
1022.827148	-48.850086
1025.518799	-49.251560
1028.210449	-48.471668
1030.902100	-48.563992
1033.593750	-48.628674
1036.285400	-48.332424
1038.977051	-48.831673
1041.668701	-47.879230
1044.360352	-49.570782
1047.052002	-48.669685
1049.743652	-48.444691
1052.435303	-49.221905
1055.126953	-49.542801
1057.818604	-49.395172
1060.510254	-48.578468
1063.201904	-49.411804
1065.893555	-49.873238
1068.585205	-50.098778
1071.276855	-50.476734
1073.968506	-50.347511
1076.660156	-49.999592
1079.351807	-50.039120
1082.043457	-49.904446
1084.735107	-51.333733
1087.426758	-51.233547
1090.118408	-51.910542
1092.810059	-51.086620
1095.501709	-52.582771
1098.193359	-51.858112
1100.885010	-51.955070
1103.576660	-51.944206
1106.268311	-50.933258
1108.959961	-51.570240
1111.651611	-51.540192
1114.343262	-53.231422
1117.034912	-52.933132
1119.726562	-52.315430
1122.418213	-54.012009
1125.109863	-52.606819
1127.801514	-53.684959
1130.493164	-54.731358
1133.184814	-53.034210
1135.876465	-53.409370
1138.568115	-52.118393
1141.259766	-52.378197
1143.951416	-54.804050
1146.643066	-52.889591
1149.334717	-53.892941
1152.026367	-55.005890
1154.718018	-53.478130
1157.409668	-54.629993
1160.101318	-53.694481
1162.792969	-54.147511
1165.484619	-53.128841
1168.176270	-55.103382
1170.867920	-54.937496
1173.559570	-54.131977
1176.251221	-54.297073
1178.942871	-53.120731
1181.634521	-55.056793
1184.326172	-54.876118
1187.017822	-54.793392
1189.709473	-55.475067
1192.401123	-54.037601
1195.092773	-54.800743
1197.784424	-56.012882
1200.476074	-56.172905
1203.167725	-56.797737
1205.859375	-55.217072
1208.551025	-54.768642
1211.242676	-54.305920
1213.934326	-54.883373
1216.625977	-55.181767
1219.317627	-54.781761
1222.009277	-55.356937
1224.700928	-56.420666
1227.392578	-55.950607
1230.084229	-56.020920
1232.775879	-56.942661
1235.467529	-55.660416
1238.159180	-56.681026
1240.850830	-56.814396
1243.542480	-56.012619
1246.234131	-55.080307
1248.925781	-56.382244
1251.617432	-55.980061
1254.309082	-55.959732
1257.000732	-56.682487
1259.692383	-56.866798
1262.384033	-56.168102
1265.075684	-56.668495
1267.767334	-56.733681
1270.458984	-56.411919
1273.150635	-56.557034
1275.842285	-56.696228
1278.533936	-56.196480
1281.225586	-55.480869
1283.917236	-55.781178
1286.608887	-55.991791
1289.300537	-55.784992
1291.992188	-57.297661
1294.683838	-58.171234
1297.375488	-56.801956
1300.067139	-56.811043
1302.758789	-56.873898
1305.450439	-56.584465
1308.142090	-58.720020
1310.833740	-57.109146
1313.525391	-57.975464
1316.217041	-59.171631
1318.908691	-57.035526
1321.600342	-57.655491
1324.291992	-57.321514
1326.983643	-56.967525
1329.675293	-56.913101
1332.366943	-59.555546
1335.058594	-57.619186
1337.750244	-58.696018
1340.441895	-56.614094
1343.133545	-57.723484
1345.825195	-57.973301
1348.516846	-57.943150
1351.208496	-57.271107
1353.900146	-58.643875
1356.591797	-58.579876
1359.283447	-56.781319
1361.975098	-57.793575
1364.666748	-57.657253
1367.358398	-58.058105
1370.050049	-56.437943
1372.741699	-56.589149
1375.433350	-58.101242
1378.125000	-59.304893
1380.816650	-58.618050
1383.508301	-58.366154
1386.199951	-58.131767
1388.891602	-57.541504
1391.583252	-58.381954
1394.274902	-57.542683
1396.966553	-58.206108
1399.658203	-59.089554
1402.349854	-58.046448
1405.041504	-57.269142
1407.733154	-58.221630
1410.424805	-59.654305
1413.116455	-57.757656
1415.808105	-58.896389
1418.499756	-57.222652
1421.191406	-58.676842
1423.883057	-57.766640
1426.574707	-57.196072
1429.266357	-57.217670
1431.958008	-58.011314
1434.649658	-58.731014
1437.341309	-57.325829
1440.032959	-57.612415
1442.724609	-57.769970
1445.416260	-58.847244
1448.107910	-57.982071
1450.799561	-58.872005
1453.491211	-57.879742
1456.182861	-57.732590
1458.874512	-57.741146
1461.566162	-58.207542
1464.257812	-57.619083
1466.949463	-58.500759
1469.641113	-57.871971
1472.332764	-58.339478
1475.024414	-58.767738
1477.716064	-58.098801
1480.407715	-57.590904
1483.099365	-59.763832
1485.791016	-58.797935
1488.482666	-58.794582
1491.174316	-59.954617
1493.865967	-60.806934
1496.557617	-59.845051
1499.249268	-58.599968
1501.940918	-58.315872
1504.632568	-58.428432
1507.324219	-59.007259
1510.015869	-58.473728
1512.707520	-58.989456
1515.399170	-58.822765
1518.090820	-58.671040
1520.782471	-58.886303
1523.474121	-58.431892
1526.165771	-57.091370
1528.857422	-57.968994
1531.549072	-59.084133
1534.240723	-59.842621
1536.932373	-58.555290
1539.624023	-60.463413
1542.315674	-58.701534
1545.007324	-59.020157
1547.698975	-59.021385
1550.390625	-59.641968
1553.082275	-58.824360
1555.773926	-59.595234
1558.465576	-59.602333
1561.157227	-59.811302
1563.848877	-58.363544
1566.540527	-59.246933
1569.232178	-58.882549
1571.923828	-59.651062
1574.615479	-57.653675
1577.307129	-59.099121
1579.998779	-59.041584
1582.690430	-59.669773
1585.382080	-59.144405
1588.073730	-58.074551
1590.765381	-58.804539
1593.457031	-58.809563
1596.148682	-59.290222
1598.840332	-61.247425
1601.531982	-58.978951
1604.223633	-59.279945
1606.915283	-59.888130
1609.606934	-58.583027
1612.298584	-58.936378
1614.990234	-57.076214
1617.681885	-58.116360
1620.373535	-58.414108
1623.065186	-58.603539
1625.756836	-59.705215
1628.448486	-59.476006
1631.140137	-59.162086
1633.831787	-58.346027
1636.523438	-60.020069
1639.215088	-58.777184
1641.906738	-59.144249
1644.598389	-59.332680
1647.290039	-59.774364
1649.981689	-58.777611
1652.673340	-59.212681
1655.364990	-59.407257
1658.056641	-58.338558
1660.748291	-58.840992
1663.439941	-59.021873
1666.131592	-59.612167
1668.823242	-59.725353
1671.514893	-60.393147
1674.206543	-59.313618
1676.898193	-59.836258
1679.589844	-58.698734
1682.281494	-58.709484
1684.973145	-60.674206
1687.664795	-58.493713
1690.356445	-59.404648
1693.048096	-59.712227
1695.739746	-59.353886
1698.431396	-58.520725
1701.123047	-58.403831
1703.814697	-59.947186
1706.506348	-58.626396
1709.197998	-59.468262
1711.889648	-58.295849
1714.581299	-59.375069
1717.272949	-58.494778
1719.964600	-58.174408
1722.656250	-59.031433
1725.347900	-57.765240
1728.039551	-57.473209
1730.731201	-58.690262
1733.422852	-58.275070
1736.114502	-59.371723
1738.806152	-60.348015
1741.497803	-58.473331
1744.189453	-59.021416
1746.881104	-59.600670
1749.572754	-59.394600
1752.264404	-59.221638
1754.956055	-59.064873
1757.647705	-59.957352
1760.339355	-59.827740
1763.031006	-60.088036
1765.722656	-60.648083
1768.414307	-60.810993
1771.105957	-58.921616
1773.797607	-59.452599
1776.489258	-58.498463
1779.180908	-59.204697
1781.872559	-59.764309
1784.564209	-61.151947
1787.255859	-59.416534
1789.947510	-60.612392
1792.639160	-60.630527
1795.330811	-60.435768
1798.022461	-59.281097
1800.714111	-60.356762
1803.405762	-59.946091
1806.097412	-60.798218
1808.789062	-60.928192
1811.480713	-61.397770
1814.172363	-59.745785
1816.864014	-60.070068
1819.555664	-60.393616
1822.247314	-59.672478
1824.938965	-59.457951
1827.630615	-61.090794
1830.322266	-60.666782
1833.013916	-59.702316
1835.705566	-61.869942
1838.397217	-60.592659
1841.088867	-60.407295
1843.780518	-61.962486
1846.472168	-61.624550
1849.163818	-61.574947
1851.855469	-61.258965
1854.547119	-61.202660
1857.238770	-61.974773
1859.930420	-63.040367
1862.622070	-61.785339
1865.313721	-60.775379
1868.005371	-60.617813
1870.697021	-60.712982
1873.388672	-60.032463
1876.080322	-60.807270
1878.771973	-60.437862
1881.463623	-62.036724
1884.155273	-63.365150
1886.846924	-62.289089
1889.538574	-60.459679
1892.230225	-62.041988
1894.921875	-63.259117
1897.613525	-62.167767
1900.305176	-61.727978
1902.996826	-62.043770
1905.688477	-61.459465
1908.380127	-62.465168
1911.071777	-61.530819
1913.763428	-61.158573
1916.455078	-62.150677
1919.146729	-61.876968
1921.838379	-62.891216
1924.530029	-61.695099
1927.221680	-61.113007
1929.913330	-61.148170
1932.604980	-62.696304
1935.296631	-61.443428
1937.988281	-62.220131
1940.679932	-61.755978
1943.371582	-63.297577
1946.063232	-63.743122
1948.754883	-62.247688
1951.446533	-62.309963
1954.138184	-63.265594
1956.829834	-63.418854
1959.521484	-61.271919
1962.213135	-61.765720
1964.904785	-62.979263
1967.596436	-62.923786
1970.288086	-63.932308
1972.979736	-63.057690
1975.671387	-63.209381
1978.363037	-63.311077
1981.054688	-62.131836
1983.746338	-62.835442
1986.437988	-63.860584
1989.129639	-62.954704
1991.821289	-62.380051
1994.512939	-62.610237
1997.204590	-64.813789
1999.896240	-64.976250
2002.587891	-64.310036
2005.279541	-64.827728
2007.971191	-62.782921
2010.662842	-63.951767
2013.354492	-64.695404
2016.046143	-62.635269
2018.737793	-64.183647
2021.429443	-64.310326
2024.121094	-64.688599
2026.812744	-64.247597
2029.504395	-65.267586
2032.196045	-64.245186
2034.887695	-64.662895
2037.579346	-63.624653
2040.270996	-63.939678
2042.962646	-65.444641
2045.654297	-63.277924
2048.345947	-64.214874
2051.037598	-63.338673
2053.729248	-64.356049
2056.420898	-64.496162
2059.112549	-64.144958
2061.804199	-63.981819
2064.495850	-64.733528
2067.187500	-65.131660
2069.879150	-65.283745
2072.570801	-65.492378
2075.262451	-64.364723
2077.954102	-64.397812
2080.645752	-66.361626
2083.337402	-65.079659
2086.029053	-65.838074
2088.720703	-64.015762
2091.412354	-65.365997
2094.104004	-64.680161
2096.795654	-65.913231
2099.487305	-66.087608
2102.178955	-65.088120
2104.870605	-65.501999
2107.562256	-65.424431
2110.253906	-65.734154
2112.945557	-66.695381
2115.637207	-65.620064
2118.328857	-65.807365
2121.020508	-66.153519
2123.712158	-65.078979
2126.403809	-65.244194
2129.095459	-66.728378
2131.787109	-65.675804
2134.478760	-64.560104
2137.170410	-65.403114
2139.862061	-66.254318
2142.553711	-65.166519
2145.245361	-64.318245
2147.937012	-65.200798
2150.628662	-66.793777
2153.320312	-65.196365
2156.011963	-64.558037
2158.703613	-65.398384
2161.395264	-66.518959
2164.086914	-66.076881
2166.778564	-66.120476
2169.470215	-66.147049
2172.161865	-65.840073
2174.853516	-65.975662
2177.545166	-66.274200
2180.236816	-65.968910
2182.928467	-66.126991
2185.620117	-65.070175
2188.311768	-66.076073
2191.003418	-66.237633
2193.695068	-66.328926
2196.386719	-68.112617
2199.078369	-65.129547
2201.770020	-65.894569
2204.461670	-65.870377
2207.153320	-66.166229
2209.844971	-65.285118
2212.536621	-65.566566
2215.228271	-67.420738
2217.919922	-66.875526
2220.611572	-65.702309
2223.303223	-66.850159
2225.994873	-67.658218
2228.686523	-67.309616
2231.378174	-66.672897
2234.069824	-67.531967
2236.761475	-66.373520
2239.453125	-65.441338
2242.144775	-66.646095
2244.836426	-67.191849
2247.528076	-67.006104
2250.219727	-66.243774
2252.911377	-66.751839
2255.603027	-67.531738
2258.294678	-67.192711
2260.986328	-66.669731
2263.677979	-66.915169
2266.369629	-66.268791
2269.061279	-67.236107
2271.752930	-67.750450
2274.444580	-66.319008
2277.136230	-66.787849
2279.827881	-65.427628
2282.519531	-66.187843
2285.211182	-66.136780
2287.902832	-66.385040
2290.594482	-67.195587
2293.286133	-66.301949
2295.977783	-67.369179
2298.669434	-67.929863
2301.361084	-68.309898
2304.052734	-66.039246
2306.744385	-66.523567
2309.436035	-67.588623
2312.127686	-66.735809
2314.819336	-66.670280
2317.510986	-66.549881
2320.202637	-67.865288
2322.894287	-67.294228
2325.585938	-66.911896
2328.277588	-66.851227
2330.969238	-67.607323
2333.660889	-66.737961
2336.352539	-65.353065
2339.044189	-65.657387
2341.735840	-65.536575
2344.427490	-67.940857
2347.119141	-65.752060
2349.810791	-66.252144
2352.502441	-67.703278
2355.194092	-68.073593
2357.885742	-67.290741
2360.577393	-66.982033
2363.269043	-68.550514
2365.960693	-66.101448
2368.652344	-67.194504
2371.343994	-67.547195
2374.035645	-66.543892
2376.727295	-66.632713
2379.418945	-66.947533
2382.110596	-67.756859
2384.802246	-67.054733
2387.493896	-66.515396
2390.185547	-68.078255
2392.877197	-66.547089
2395.568848	-65.865234
2398.260498	-65.804832
2400.952148	-66.240990
2403.643799	-65.733376
2406.335449	-66.423080
2409.027100	-65.666496
2411.718750	-67.577248
2414.410400	-66.006683
2417.102051	-65.919273
2419.793701	-67.269096
2422.485352	-66.073578
2425.177002	-65.548988
2427.868652	-67.759544
2430.560303	-67.281715
2433.251953	-65.845840
2435.943604	-65.411613
2438.635254	-67.619675
2441.326904	-65.782639
2444.018555	-67.318649
2446.710205	-66.993080
2449.401855	-67.096306
2452.093506	-67.568398
2454.785156	-66.422470
2457.476807	-68.244202
2460.168457	-66.911102
2462.860107	-66.830238
2465.551758	-65.988037
2468.243408	-65.925507
2470.935059	-67.113022
2473.626709	-67.690331
2476.318359	-66.529755
2479.010010	-66.408752
2481.701660	-66.438286
2484.393311	-65.717888
2487.084961	-66.354897
2489.776611	-65.249924
2492.468262	-66.629166
2495.159912	-66.325310
2497.851562	-68.194603
2500.543213	-66.055611
2503.234863	-67.745941
2505.926514	-66.654144
2508.618164	-66.406395
2511.309814	-66.646759
2514.001465	-64.731064
2516.693115	-64.897133
2519.384766	-65.608055
2522.076416	-66.546165
2524.768066	-66.804543
2527.459717	-66.165695
2530.151367	-67.468681
2532.843018	-66.546265
2535.534668	-65.748512
2538.226318	-66.763908
2540.917969	-67.679703
2543.609619	-66.916367
2546.301270	-66.909851
2548.992920	-66.431854
2551.684570	-66.077148
2554.376221	-65.959114
2557.067871	-66.541222
2559.759521	-65.375511
2562.451172	-65.500374
2565.142822	-65.079193
2567.834473	-66.074364
2570.526123	-66.163277
2573.217773	-65.636749
2575.909424	-63.846790
2578.601074	-65.384018
2581.292725	-66.341026
2583.984375	-63.814625
2586.676025	-64.857140
2589.367676	-65.033653
2592.059326	-64.544952
2594.750977	-65.373581
2597.442627	-65.998573
2600.134277	-66.508934
2602.825928	-64.765839
2605.517578	-65.737106
2608.209229	-64.617424
2610.900879	-65.084518
2613.592529	-64.844223
2616.284180	-64.235886
2618.975830	-65.368370
2621.667480	-66.127609
2624.359131	-64.359001
2627.050781	-63.855656
2629.742432	-64.979225
2632.434082	-66.214828
2635.125732	-64.354736
2637.817383	-63.183598
2640.509033	-63.744526
2643.200684	-65.114777
2645.892334	-64.874870
2648.583984	-64.625740
2651.275635	-64.129501
2653.967285	-65.796143
2656.658936	-61.796497
2659.350586	-65.039574
2662.042236	-64.546974
2664.733887	-64.727600
2667.425537	-63.959797
2670.117188	-63.438805
2672.808838	-63.531670
2675.500488	-65.187469
2678.192139	-63.982529
2680.883789	-63.866692
2683.575439	-62.987919
2686.267090	-63.614456
2688.958740	-63.493000
2691.650391	-64.344849
2694.342041	-63.620895
2697.033691	-64.324051
2699.725342	-63.294098
2702.416992	-64.922096
2705.108643	-63.369389
2707.800293	-64.298767
2710.491943	-64.437088
2713.183594	-64.172882
2715.875244	-64.672905
2718.566895	-63.169930
2721.258545	-63.040886
2723.950195	-64.187943
2726.641846	-63.565353
2729.333496	-63.997562
2732.025146	-62.318981
2734.716797	-63.913906
2737.408447	-62.732960
2740.100098	-63.532482
2742.791748	-61.665451
2745.483398	-63.662060
2748.175049	-63.189053
2750.866699	-63.424904
2753.558350	-63.197521
2756.250000	-63.608646
2758.941650	-64.359505
2761.633301	-63.049179
2764.324951	-63.790386
2767.016602	-62.589447
2769.708252	-63.194233
2772.399902	-63.427727
2775.091553	-63.230667
2777.783203	-61.808258
2780.474854	-62.049610
2783.166504	-62.005024
2785.858154	-63.594948
2788.549805	-62.432613
2791.241455	-63.421246
2793.933105	-62.070324
2796.624756	-63.110996
2799.316406	-61.860603
2802.008057	-61.224522
2804.699707	-63.127243
2807.391357	-62.610836
2810.083008	-62.050896
2812.774658	-61.679848
2815.466309	-61.896862
2818.157959	-63.214848
2820.849609	-62.749043
2823.541260	-62.744461
2826.232910	-61.551811
2828.924561	-63.202343
2831.616211	-61.802181
2834.307861	-61.821537
2836.999512	-62.127441
2839.691162	-63.227005
2842.382812	-62.847252
2845.074463	-62.038982
2847.766113	-62.690189
2850.457764	-63.253044
2853.149414	-62.973797
2855.841064	-62.129974
2858.532715	-62.989014
2861.224365	-62.665039
2863.916016	-62.692928
2866.607666	-62.678349
2869.299316	-60.197552
2871.990967	-62.209202
2874.682617	-61.927219
2877.374268	-63.215466
2880.065918	-62.704144
2882.757568	-63.223907
2885.449219	-64.966652
2888.140869	-63.479458
2890.832520	-62.255310
2893.524170	-62.691986
2896.215820	-62.580830
2898.907471	-62.998821
2901.599121	-62.395260
2904.290771	-61.650440
2906.982422	-62.155136
2909.674072	-62.074902
2912.365723	-62.623016
2915.057373	-63.682850
2917.749023	-61.691090
2920.440674	-62.021484
2923.132324	-63.736115
2925.823975	-63.675705
2928.515625	-62.154716
2931.207275	-62.283028
2933.898926	-62.000305
2936.590576	-63.429642
2939.282227	-63.489910
2941.973877	-64.045395
2944.665527	-64.148956
2947.357178	-63.042316
2950.048828	-63.612156
2952.740479	-62.236263
2955.432129	-62.028214
2958.123779	-61.736904
2960.815430	-62.176914
2963.507080	-63.717739
2966.198730	-63.717438
2968.890381	-63.207989
2971.582031	-63.161045
2974.273682	-63.761429
2976.965332	-62.232635
2979.656982	-61.816628
2982.348633	-62.561176
2985.040283	-62.504299
2987.731934	-61.918148
2990.423584	-62.220444
2993.115234	-62.591438
2995.806885	-62.918476
2998.498535	-61.943916
3001.190186	-61.801662
3003.881836	-62.975468
3006.573486	-62.676876
3009.265137	-62.447865
3011.956787	-63.771751
3014.648438	-62.742378
3017.340088	-62.347988
3020.031738	-62.026337
3022.723389	-61.652004
3025.415039	-60.892742
3028.106689	-63.324486
3030.798340	-64.094810
3033.489990	-63.737942
3036.181641	-64.033318
3038.873291	-64.041618
3041.564941	-63.185009
3044.256592	-63.933537
3046.948242	-63.900761
3049.639893	-61.751583
3052.331543	-62.593285
3055.023193	-63.329330
3057.714844	-62.690334
3060.406494	-63.150661
3063.098145	-64.102943
3065.789795	-62.084644
3068.481445	-63.638233
3071.173096	-64.718742
3073.864746	-62.239750
3076.556396	-63.117046
3079.248047	-63.868912
3081.939697	-63.956985
3084.631348	-63.490147
3087.322998	-62.188637
3090.014648	-61.559704
3092.706299	-63.703453
3095.397949	-64.821686
3098.089600	-63.304516
3100.781250	-63.225819
3103.472900	-64.039719
3106.164551	-62.971680
3108.856201	-63.826237
3111.547852	-61.905350
3114.239502	-64.259949
3116.931152	-62.651451
3119.622803	-63.564850
3122.314453	-63.769558
3125.006104	-63.881813
3127.697754	-64.174683
3130.389404	-63.492249
3133.081055	-64.777954
3135.772705	-65.202637
3138.464355	-64.555405
3141.156006	-64.452766
3143.847656	-65.516701
3146.539307	-64.310646
3149.230957	-64.696548
3151.922607	-66.311058
3154.614258	-64.498291
3157.305908	-63.396828
3159.997559	-65.571190
3162.689209	-64.087822
3165.380859	-65.240730
3168.072510	-64.583496
3170.764160	-65.512054
3173.455811	-65.468582
3176.147461	-64.602257
3178.839111	-66.331062
3181.530762	-64.023544
3184.222412	-64.650871
3186.914062	-65.218193
3189.605713	-66.160202
3192.297363	-65.174744
3194.989014	-64.612762
3197.680664	-65.268478
3200.372314	-65.798691
3203.063965	-65.305908
3205.755615	-65.630814
3208.447266	-64.445297
3211.138916	-65.479256
3213.830566	-65.914124
3216.522217	-65.022537
3219.213867	-64.217636
3221.905518	-66.073402
3224.597168	-65.044945
3227.288818	-64.174683
3229.980469	-64.968018
3232.672119	-67.446487
3235.363770	-67.425674
3238.055420	-66.256317
3240.747070	-65.882607
3243.438721	-66.597816
3246.130371	-65.856033
3248.822021	-64.772705
3251.513672	-65.297485
3254.205322	-64.056259
3256.896973	-64.869598
3259.588623	-64.780914
3262.280273	-66.531189
3264.971924	-66.091118
3267.663574	-65.140152
3270.355225	-64.659004
3273.046875	-65.113945
3275.738525	-65.290199
3278.430176	-66.415268
3281.121826	-65.455032
3283.813477	-63.834930
3286.505127	-66.591461
3289.196777	-65.737450
3291.888428	-65.491425
3294.580078	-63.770245
3297.271729	-64.930649
3299.963379	-64.867149
3302.655029	-63.971931
3305.346680	-64.415077
3308.038330	-65.698318
3310.729980	-66.215988
3313.421631	-66.458824
3316.113281	-65.839355
3318.804932	-65.554420
3321.496582	-64.379669
3324.188232	-65.938148
3326.879883	-66.139305
3329.571533	-64.209694
3332.263184	-66.238037
3334.954834	-64.589500
3337.646484	-66.205177
3340.338135	-64.943985
3343.029785	-65.225662
3345.721436	-65.586777
3348.413086	-66.173363
3351.104736	-66.088608
3353.796387	-66.823700
3356.488037	-65.973885
3359.179688	-64.370796
3361.871338	-65.561127
3364.562988	-63.692661
3367.254639	-65.679741
3369.946289	-64.849365
3372.637939	-67.006126
3375.329590	-64.551453
3378.021240	-64.947105
3380.712891	-64.850273
3383.404541	-63.992805
3386.096191	-64.914650
3388.787842	-65.615181
3391.479492	-66.791214
3394.171143	-65.043480
3396.862793	-64.364784
3399.554443	-64.647522
3402.246094	-66.430962
3404.937744	-66.913673
3407.629395	-65.768105
3410.321045	-66.211975
3413.012695	-65.196815
3415.704346	-65.127678
3418.395996	-65.877937
3421.087646	-65.838074
3423.779297	-64.058517
3426.470947	-64.912453
3429.162598	-65.121300
3431.854248	-65.541779
3434.545898	-64.518631
3437.237549	-65.617561
3439.929199	-65.047073
3442.620850	-64.744240
3445.312500	-64.656860
3448.004150	-65.116348
3450.695801	-65.397438
3453.387451	-65.840103
3456.079102	-65.339302
3458.770752	-64.337990
3461.462402	-65.108154
3464.154053	-65.169769
3466.845703	-63.968605
3469.537354	-63.637470
3472.229004	-64.863655
3474.920654	-64.301575
3477.612305	-64.948830
3480.303955	-64.743729
3482.995605	-64.828133
3485.687256	-64.713158
3488.378906	-63.814411
3491.070557	-64.980225
3493.762207	-63.998631
3496.453857	-64.814522
3499.145508	-65.791954
3501.837158	-64.748199
3504.528809	-65.055000
3507.220459	-65.849159
3509.912109	-64.271202
3512.603760	-64.272858
3515.295410	-63.159328
3517.987061	-64.658562
3520.678711	-65.543961
3523.370361	-64.029762
3526.062012	-64.414650
3528.753662	-64.663712
3531.445312	-65.672539
3534.136963	-65.413841
3536.828613	-63.789810
3539.520264	-64.082169
3542.211914	-64.010193
3544.903564	-63.680687
3547.595215	-65.058807
3550.286865	-64.112617
3552.978516	-64.259148
3555.670166	-63.712147
3558.361816	-63.847092
3561.053467	-63.669788
3563.745117	-64.269440
3566.436768	-64.681213
3569.128418	-65.407524
3571.820068	-64.120628
3574.511719	-64.792496
3577.203369	-64.006836
3579.895020	-64.271568
3582.586670	-65.211250
3585.278320	-63.558266
3587.969971	-63.078224
3590.661621	-62.884777
3593.353271	-64.328094
3596.044922	-64.117111
3598.736572	-64.510948
3601.428223	-64.899887
3604.119873	-63.999096
3606.811523	-65.384399
3609.503174	-64.382378
3612.194824	-63.735348
3614.886475	-64.523415
3617.578125	-63.284748
3620.269775	-64.934372
3622.961426	-63.221447
3625.653076	-64.483215
3628.344727	-64.163193
3631.036377	-63.611969
3633.728027	-63.399883
3636.419678	-63.865974
3639.111328	-64.343575
3641.802979	-64.029114
3644.494629	-66.699951
3647.186279	-64.187012
3649.877930	-63.534088
3652.569580	-64.363937
3655.261230	-64.050789
3657.952881	-63.785480
3660.644531	-62.533737
3663.336182	-63.103485
3666.027832	-63.157547
3668.719482	-63.016640
3671.411133	-63.969040
3674.102783	-62.448360
3676.794434	-63.391193
3679.486084	-63.042606
3682.177734	-62.935467
3684.869385	-63.615757
3687.561035	-63.424541
3690.252686	-62.548145
3692.944336	-63.570541
3695.635986	-64.133316
3698.327637	-62.375866
3701.019287	-63.311245
3703.710938	-64.478348
3706.402588	-64.341125
3709.094238	-62.762005
3711.785889	-61.949512
3714.477539	-62.856598
3717.169189	-62.967308
3719.860840	-62.212700
3722.552490	-63.511803
3725.244141	-61.958363
3727.935791	-62.638474
3730.627441	-63.206814
3733.319092	-63.459515
3736.010742	-61.647495
3738.702393	-62.015549
3741.394043	-62.468365
3744.085693	-63.228024
3746.777344	-61.498661
3749.468994	-62.697269
3752.160645	-62.051971
3754.852295	-61.502186
3757.543945	-62.089790
3760.235596	-62.106022
3762.927246	-61.711349
3765.618896	-61.658058
3768.310547	-62.268425
3771.002197	-61.137184
3773.693848	-62.099560
3776.385498	-62.547020
3779.077148	-60.581593
3781.768799	-62.187828
3784.460449	-62.004269
3787.152100	-60.982643
3789.843750	-62.417877
3792.535400	-61.858505
3795.227051	-62.037926
3797.918701	-62.464455
3800.610352	-61.170158
3803.302002	-60.537266
3805.993652	-60.321278
3808.685303	-61.824142
3811.376953	-61.053108
3814.068604	-61.074604
3816.760254	-61.454296
3819.451904	-60.050976
3822.143555	-59.641323
3824.835205	-60.235748
3827.526855	-60.188316
3830.218506	-61.789856
3832.910156	-60.763752
3835.601807	-60.009682
3838.293457	-60.557018
3840.985107	-59.513290
3843.676758	-60.111572
3846.368408	-60.183144
3849.060059	-61.340157
3851.751709	-60.044914
3854.443359	-59.474869
3857.135010	-62.834393
3859.826660	-60.874111
3862.518311	-59.902443
3865.209961	-58.742054
3867.901611	-59.418385
3870.593262	-60.450840
3873.284912	-59.964378
3875.976562	-59.530472
3878.668213	-60.419895
3881.359863	-60.085022
3884.051514	-60.027550
3886.743164	-59.960911
3889.434814	-60.019215
3892.126465	-60.179150
3894.818115	-59.790745
3897.509766	-58.177238
3900.201416	-59.782200
3902.893066	-59.698391
3905.584717	-58.409252
3908.276367	-58.830669
3910.968018	-59.147774
3913.659668	-58.485523
3916.351318	-57.574177
3919.042969	-59.001369
3921.734619	-57.342022
3924.426270	-58.883892
3927.117920	-59.128601
3929.809570	-59.116356
3932.501221	-58.762039
3935.192871	-58.881607
3937.884521	-58.912334
3940.576172	-59.258209
3943.267822	-59.024635
3945.959473	-58.653244
3948.651123	-60.214294
3951.342773	-58.974159
3954.034424	-57.996857
3956.726074	-58.359734
3959.417725	-59.669827
3962.109375	-59.293636
3964.801025	-58.285198
3967.492676	-58.736233
3970.184326	-58.588776
3972.875977	-58.591160
3975.567627	-58.313965
3978.259277	-58.585472
3980.950928	-59.384552
3983.642578	-58.204021
3986.334229	-59.761879
3989.025879	-58.691116
3991.717529	-58.846085
3994.409180	-58.443237
3997.100830	-57.940903
3999.792480	-59.262749
4002.484131	-58.852097
4005.175781	-59.183887
4007.867432	-59.745781
4010.559082	-58.528049
4013.250732	-60.021469
4015.942383	-58.968243
4018.634033	-59.494644
4021.325684	-60.095127
4024.017334	-58.220219
4026.708984	-58.349201
4029.400635	-58.990284
4032.092285	-59.115097
4034.783936	-58.900139
4037.475586	-59.139309
4040.167236	-58.828953
4042.858887	-59.359238
4045.550537	-58.636955
4048.242188	-60.402603
4050.933838	-59.118870
4053.625488	-59.190712
4056.317139	-59.421600
4059.008789	-59.384724
4061.700439	-60.191200
4064.392090	-60.621284
4067.083740	-60.784702
4069.775391	-61.854534
4072.467041	-60.587395
4075.158691	-59.867496
4077.850342	-61.144379
4080.541992	-60.133350
4083.233643	-59.916328
4085.925293	-59.200455
4088.616943	-60.692951
4091.308594	-60.393764
4094.000244	-60.345825
4096.691895	-60.289936
4099.383545	-59.911842
4102.075195	-60.343037
4104.766846	-60.385715
4107.458496	-59.380047
4110.150146	-61.403221
4112.841797	-61.102215
4115.533447	-60.996307
4118.225098	-62.187706
4120.916748	-60.035927
4123.608398	-60.622360
4126.300049	-61.014225
4128.991699	-61.501877
4131.683350	-60.663548
4134.375000	-60.692505
4137.066650	-62.448463
4139.758301	-61.830975
4142.449951	-61.304398
4145.141602	-61.528111
4147.833252	-62.547142
4150.524902	-60.734001
4153.216553	-60.200218
4155.908203	-62.167263
4158.599854	-62.605804
4161.291504	-62.284252
4163.983154	-60.721115
4166.674805	-61.099522
4169.366455	-62.010952
4172.058105	-62.134205
4174.749756	-61.566063
4177.441406	-63.295086
4180.133057	-61.502571
4182.824707	-62.173916
4185.516357	-63.490795
4188.208008	-62.710457
4190.899658	-61.617466
4193.591309	-62.825932
4196.282959	-63.094543
4198.974609	-62.079411
4201.666260	-62.384487
4204.357910	-61.721066
4207.049561	-62.903202
4209.741211	-62.310413
4212.432861	-63.650494
4215.124512	-61.341686
4217.816162	-62.482296
4220.507812	-62.408421
4223.199463	-63.286411
4225.891113	-63.062653
4228.582764	-61.636715
4231.274414	-63.437035
4233.966064	-63.949463
4236.657715	-64.129143
4239.349365	-62.617893
4242.041016	-63.809921
4244.732666	-63.942207
4247.424316	-62.373047
4250.115967	-64.071571
4252.807617	-63.523529
4255.499268	-64.489029
4258.190918	-64.434090
4260.882568	-64.550301
4263.574219	-64.930344
4266.265869	-63.575993
4268.957520	-63.744614
4271.649170	-62.995876
4274.340820	-63.564445
4277.032471	-63.846691
4279.724121	-64.017052
4282.415771	-64.755844
4285.107422	-63.901726
4287.799072	-63.956055
4290.490723	-65.388092
4293.182373	-63.833920
4295.874023	-65.218300
4298.565674	-64.045212
4301.257324	-65.238365
4303.948975	-65.766670
4306.640625	-64.859596
4309.332275	-64.884438
4312.023926	-64.016457
4314.715576	-64.317093
4317.407227	-65.103218
4320.098877	-65.302124
4322.790527	-64.355064
4325.482178	-63.255192
4328.173828	-63.844982
4330.865479	-64.406609
4333.557129	-64.205208
4336.248779	-64.259499
4338.940430	-64.449707
4341.632080	-64.817871
4344.323730	-65.286743
4347.015381	-64.647224
4349.707031	-64.713112
4352.398682	-66.028313
4355.090332	-65.681877
4357.781982	-64.715332
4360.473633	-65.522064
4363.165283	-64.853943
4365.856934	-64.799240
4368.548584	-65.556274
4371.240234	-65.057312
4373.931885	-65.389816
4376.623535	-65.183128
4379.315186	-66.051567
4382.006836	-64.119156
4384.698486	-64.200157
4387.390137	-65.375214
4390.081787	-63.597851
4392.773438	-65.854431
4395.465088	-65.552597
4398.156738	-65.856300
4400.848389	-65.138359
4403.540039	-66.015793
4406.231689	-64.655266
4408.923340	-65.419716
4411.614990	-64.567383
4414.306641	-66.302032
4416.998291	-66.258598
4419.689941	-65.601402
4422.381592	-64.764420
4425.073242	-64.612740
4427.764893	-64.350113
4430.456543	-66.710960
4433.148193	-65.620316
4435.839844	-64.924057
4438.531494	-66.036606
4441.223145	-66.493576
4443.914795	-64.880028
4446.606445	-65.753235
4449.298096	-66.979851
4451.989746	-64.653641
4454.681396	-65.468163
4457.373047	-65.538429
4460.064697	-66.568077
4462.756348	-65.494499
4465.447998	-67.056938
4468.139648	-66.165115
4470.831299	-66.009872
4473.522949	-65.686249
4476.214600	-64.548332
4478.906250	-66.053894
4481.597900	-66.176796
4484.289551	-66.463104
4486.981201	-65.767830
4489.672852	-65.726799
4492.364502	-65.429138
4495.056152	-66.310898
4497.747803	-65.021576
4500.439453	-66.495674
4503.131104	-65.789223
4505.822754	-65.886070
4508.514404	-65.052650
4511.206055	-64.689445
4513.897705	-65.786049
4516.589355	-66.540176
4519.281006	-66.294525
4521.972656	-65.642044
4524.664307	-67.044373
4527.355957	-66.967834
4530.047607	-67.095909
4532.739258	-66.082375
4535.430908	-67.145805
4538.122559	-66.944801
4540.814209	-66.474747
4543.505859	-66.386536
4546.197510	-65.734619
4548.889160	-65.997383
4551.580811	-65.550240
4554.272461	-66.060608
4556.964111	-66.651237
4559.655762	-66.245636
4562.347412	-65.601814
4565.039062	-66.133797
4567.730713	-66.435455
4570.422363	-66.289963
4573.114014	-64.838928
4575.805664	-65.551300
4578.497314	-65.827408
4581.188965	-65.350189
4583.880615	-65.641663
4586.572266	-66.207870
4589.263916	-65.046959
4591.955566	-66.163017
4594.647217	-67.287460
4597.338867	-66.667747
4600.030518	-66.196770
4602.722168	-66.473190
4605.413818	-66.516754
4608.105469	-66.513458
4610.797119	-65.734642
4613.488770	-65.329285
4616.180420	-66.161842
4618.872070	-65.725037
4621.563721	-65.865761
4624.255371	-67.190605
4626.947021	-66.072525
4629.638672	-64.462273
4632.330322	-65.098099
4635.021973	-65.838646
4637.713623	-66.434891
4640.405273	-65.867821
4643.096924	-66.533829
4645.788574	-64.751671
4648.480225	-65.468529
4651.171875	-66.465508
4653.863525	-67.167450
4656.555176	-66.274590
4659.246826	-64.614845
4661.938477	-65.216171
4664.630127	-67.160034
4667.321777	-65.871826
4670.013428	-64.245995
4672.705078	-65.976311
4675.396729	-67.163750
4678.088379	-67.131676
4680.780029	-65.947540
4683.471680	-66.115715
4686.163330	-65.443405
4688.854980	-65.583694
4691.546631	-66.656357
4694.238281	-65.729462
4696.929932	-65.177711
4699.621582	-66.119324
4702.313232	-66.643570
4705.004883	-66.915421
4707.696533	-65.547066
4710.388184	-64.773964
4713.079834	-64.784981
4715.771484	-65.638153
4718.463135	-65.110718
4721.154785	-66.270271
4723.846436	-67.966217
4726.538086	-66.220703
4729.229736	-65.436882
4731.921387	-65.668175
4734.613037	-64.759743
4737.304688	-64.851288
4739.996338	-66.034195
4742.687988	-66.633774
4745.379639	-65.650764
4748.071289	-64.934456
4750.762939	-66.528992
4753.454590	-63.422089
4756.146240	-63.866508
4758.837891	-64.671577
4761.529541	-64.414047
4764.221191	-65.078712
4766.912842	-65.331161
4769.604492	-64.691673
4772.296143	-64.920311
4774.987793	-65.426308
4777.679443	-64.932228
4780.371094	-64.821114
4783.062744	-64.818039
4785.754395	-65.346344
4788.446045	-65.423096
4791.137695	-65.774437
4793.829346	-65.500320
4796.520996	-64.650574
4799.212646	-64.864838
4801.904297	-63.891701
4804.595947	-63.568325
4807.287598	-66.242340
4809.979248	-63.704494
4812.670898	-65.418213
4815.362549	-63.433399
4818.054199	-62.395119
4820.745850	-64.590973
4823.437500	-64.362129
4826.129150	-65.192947
4828.820801	-64.343849
4831.512451	-64.441612
4834.204102	-63.972733
4836.895752	-64.690102
4839.587402	-64.684120
4842.279053	-64.072174
4844.970703	-65.310326
4847.662354	-63.038593
4850.354004	-63.365852
4853.045654	-64.089607
4855.737305	-62.958721
4858.428955	-63.739113
4861.120605	-63.496765
4863.812256	-63.851242
4866.503906	-63.367218
4869.195557	-63.720924
4871.887207	-62.570564
4874.578857	-63.357407
4877.270508	-63.431263
4879.962158	-64.040245
4882.653809	-64.001747
4885.345459	-64.519051
4888.037109	-62.702164
4890.728760	-63.034832
4893.420410	-63.277435
4896.112061	-64.184685
4898.803711	-63.560307
4901.495361	-64.004425
4904.187012	-62.652946
4906.878662	-62.258995
4909.570312	-62.589092
4912.261963	-62.320469
4914.953613	-62.617928
4917.645264	-63.402458
4920.336914	-62.630760
4923.028564	-62.588097
4925.720215	-60.858871
4928.411865	-62.449444
4931.103516	-61.458824
4933.795166	-62.009228
4936.486816	-61.260479
4939.178467	-62.954941
4941.870117	-61.934566
4944.561768	-61.695362
4947.253418	-61.501625
4949.945068	-61.096069
4952.636719	-60.756329
4955.328369	-61.011967
4958.020020	-60.815807
4960.711670	-61.676426
4963.403320	-60.772869
4966.094971	-60.280331
4968.786621	-62.143318
4971.478271	-61.597149
4974.169922	-61.276730
4976.861572	-61.060452
4979.553223	-62.763313
4982.244873	-60.819210
4984.936523	-59.457287
4987.628174	-60.347710
4990.319824	-62.402077
4993.011475	-60.735207
4995.703125	-60.083046
4998.394775	-60.949970
5001.086426	-60.522106
5003.778076	-60.024338
5006.469727	-59.850006
5009.161377	-60.264549
5011.853027	-60.743618
5014.544678	-58.770535
5017.236328	-59.414478
5019.927979	-59.363655
5022.619629	-59.290428
5025.311279	-60.255371
5028.002930	-60.701790
5030.694580	-60.890865
5033.386230	-59.257549
5036.077881	-59.737373
5038.769531	-58.824551
5041.461182	-59.018593
5044.152832	-60.258904
5046.844482	-59.638229
5049.536133	-60.087879
5052.227783	-59.755173
5054.919434	-59.921532
5057.611084	-59.728096
5060.302734	-59.441563
5062.994385	-58.506348
5065.686035	-59.373108
5068.377686	-59.596466
5071.069336	-59.586704
5073.760986	-59.348854
5076.452637	-58.539989
5079.144287	-59.139000
5081.835938	-58.723286
5084.527588	-60.677101
5087.219238	-58.829781
5089.910889	-58.420975
5092.602539	-57.905937
5095.294189	-56.410007
5097.985840	-57.528603
5100.677490	-58.489925
5103.369141	-58.394703
5106.060791	-58.003696
5108.752441	-57.729206
5111.444092	-56.244495
5114.135742	-58.895176
5116.827393	-57.739639
5119.519043	-58.859184
5122.210693	-58.764442
5124.902344	-57.686516
5127.593994	-58.184715
5130.285645	-57.326462
5132.977295	-58.047501
5135.668945	-58.357178
5138.360596	-57.427883
5141.052246	-58.828140
5143.743896	-57.684689
5146.435547	-59.163460
5149.127197	-57.552444
5151.818848	-57.101170
5154.510498	-57.775043
5157.202148	-58.880676
5159.893799	-59.171181
5162.585449	-58.177261
5165.277100	-57.071754
5167.968750	-57.978252
5170.660400	-59.891556
5173.352051	-58.303967
5176.043701	-59.387100
5178.735352	-59.701405
5181.427002	-60.642956
5184.118652	-59.842854
5186.810303	-59.997589
5189.501953	-57.676506
5192.193604	-58.709785
5194.885254	-58.876637
5197.576904	-57.704971
5200.268555	-60.117256
5202.960205	-60.737583
5205.651855	-58.954052
5208.343506	-60.463959
5211.035156	-58.097782
5213.726807	-58.612625
5216.418457	-59.262657
5219.110107	-60.630436
5221.801758	-61.035244
5224.493408	-61.189034
5227.185059	-60.798225
5229.876709	-59.921703
5232.568359	-59.041523
5235.260010	-59.720402
5237.951660	-60.641434
5240.643311	-60.714806
5243.334961	-60.615162
5246.026611	-60.882999
5248.718262	-61.783737
5251.409912	-61.132660
5254.101562	-60.439129
5256.793213	-60.096260
5259.484863	-60.606812
5262.176514	-60.760963
5264.868164	-61.520870
5267.559814	-60.560776
5270.251465	-60.093861
5272.943115	-60.578590
5275.634766	-60.800163
5278.326416	-61.427608
5281.018066	-60.087688
5283.709717	-61.612751
5286.401367	-61.761711
5289.093018	-61.167473
5291.784668	-62.160671
5294.476318	-62.876247
5297.167969	-62.099663
5299.859619	-62.034573
5302.551270	-61.164070
5305.242920	-61.845936
5307.934570	-63.525917
5310.626221	-61.534241
5313.317871	-61.238777
5316.009521	-61.440517
5318.701172	-61.203339
5321.392822	-61.346359
5324.084473	-60.707005
5326.776123	-63.410736
5329.467773	-63.941200
5332.159424	-62.857544
5334.851074	-62.849045
5337.542725	-64.644012
5340.234375	-62.882019
5342.926025	-63.741795
5345.617676	-63.576843
5348.309326	-63.014832
5351.000977	-62.751934
5353.692627	-62.892567
5356.384277	-63.920422
5359.075928	-63.272472
5361.767578	-63.850849
5364.459229	-64.196442
5367.150879	-63.295963
5369.842529	-63.777542
5372.534180	-63.462097
5375.225830	-63.951523
5377.917480	-64.085716
5380.609131	-63.572990
5383.300781	-63.732613
5385.992432	-63.929146
5388.684082	-63.876320
5391.375732	-65.158455
5394.067383	-64.401207
5396.759033	-64.145706
5399.450684	-63.149746
5402.142334	-64.252625
5404.833984	-64.794205
5407.525635	-64.573074
5410.217285	-65.053802
5412.908936	-63.546505
5415.600586	-65.370796
5418.292236	-64.164314
5420.983887	-64.908974
5423.675537	-65.891602
5426.367188	-64.485069
5429.058838	-64.118561
5431.750488	-63.110538
5434.442139	-65.657349
5437.133789	-65.248825
5439.825439	-65.922249
5442.517090	-63.973625
5445.208740	-65.741669
5447.900391	-65.643410
5450.592041	-66.330338
5453.283691	-64.968582
5455.975342	-65.794174
5458.666992	-67.432709
5461.358643	-65.672989
5464.050293	-64.578751
5466.741943	-65.535538
5469.433594	-66.440804
5472.125244	-65.900986
5474.816895	-65.289665
5477.508545	-66.964104
5480.200195	-67.642616
5482.891846	-65.699799
5485.583496	-65.531693
5488.275146	-66.860306
5490.966797	-67.331093
5493.658447	-65.801437
5496.350098	-66.131912
5499.041748	-65.459801
5501.733398	-66.842911
5504.425049	-66.328453
5507.116699	-64.876038
5509.808350	-65.709518
5512.500000	-67.780212
5515.191650	-65.601135
5517.883301	-65.475769
5520.574951	-66.189293
5523.266602	-66.627037
5525.958252	-67.719292
5528.649902	-65.254837
5531.341553	-65.613289
5534.033203	-66.545830
5536.724854	-65.808334
5539.416504	-66.161232
5542.108154	-66.989037
5544.799805	-67.511047
5547.491455	-66.963409
5550.183105	-67.009613
5552.874756	-66.611198
5555.566406	-66.586960
5558.258057	-66.239021
5560.949707	-65.939468
5563.641357	-66.821007
5566.333008	-67.809227
5569.024658	-66.450500
5571.716309	-66.632561
5574.407959	-67.854958
5577.099609	-67.221992
5579.791260	-67.197388
5582.482910	-66.125740
5585.174561	-67.516632
5587.866211	-66.989899
5590.557861	-66.333664
5593.249512	-67.066147
5595.941162	-64.630760
5598.632812	-66.637207
5601.324463	-68.843712
5604.016113	-66.758728
5606.707764	-68.310478
5609.399414	-67.328224
5612.091064	-67.144081
5614.782715	-67.912537
5617.474365	-68.045692
5620.166016	-67.114639
5622.857666	-68.244141
5625.549316	-67.360069
5628.240967	-66.872086
5630.932617	-67.723892
5633.624268	-67.242310
5636.315918	-68.534576
5639.007568	-68.938057
5641.699219	-69.013344
5644.390869	-68.111443
5647.082520	-67.255836
5649.774170	-66.707664
5652.465820	-68.211159
5655.157471	-67.879173
5657.849121	-66.954704
5660.540771	-67.197929
5663.232422	-66.938789
5665.924072	-67.663193
5668.615723	-66.954529
5671.307373	-67.166862
5673.999023	-67.675194
5676.690674	-66.774834
5679.382324	-67.055244
5682.073975	-66.607697
5684.765625	-69.095390
5687.457275	-66.904037
5690.148926	-68.104263
5692.840576	-68.955795
5695.532227	-68.451736
5698.223877	-68.085068
5700.915527	-68.410927
5703.607178	-68.508766
5706.298828	-67.324654
5708.990479	-68.091370
5711.682129	-69.251198
5714.373779	-68.596268
5717.065430	-66.846466
5719.757080	-68.153954
5722.448730	-68.117210
5725.140381	-68.301003
5727.832031	-68.149162
5730.523682	-66.713905
5733.215332	-67.572578
5735.906982	-67.924034
5738.598633	-68.402580
5741.290283	-66.794495
5743.981934	-67.659920
5746.673584	-67.567039
5749.365234	-67.826050
5752.056885	-67.661415
5754.748535	-67.337685
5757.440186	-67.107483
5760.131836	-67.092209
5762.823486	-68.092972
5765.515137	-68.832130
5768.206787	-68.073273
5770.898438	-67.541618
5773.590088	-67.378616
5776.281738	-67.168526
5778.973389	-67.525658
5781.665039	-67.651711
5784.356689	-68.194962
5787.048340	-68.425674
5789.739990	-67.299652
5792.431641	-67.047890
5795.123291	-67.983635
5797.814941	-68.417786
5800.506592	-68.787926
5803.198242	-68.695801
5805.889893	-67.442436
5808.581543	-68.435524
5811.273193	-65.533783
5813.964844	-65.579247
5816.656494	-67.332062
5819.348145	-66.544014
5822.039795	-67.918785
5824.731445	-67.011925
5827.423096	-67.806526
5830.114746	-68.446129
5832.806396	-68.084442
5835.498047	-67.346458
5838.189697	-67.889145
5840.881348	-67.824005
5843.572998	-68.305664
5846.264648	-67.423622
5848.956299	-67.414078
5851.647949	-68.284317
5854.339600	-69.089684
5857.031250	-66.805893
5859.722900	-67.550697
5862.414551	-66.190674
5865.106201	-66.815384
5867.797852	-66.937897
5870.489502	-67.894974
5873.181152	-66.817978
5875.872803	-66.640160
5878.564453	-65.326500
5881.256104	-67.156502
5883.947754	-66.227341
5886.639404	-67.111847
5889.331055	-66.632965
5892.022705	-67.052826
5894.714355	-66.994202
5897.406006	-68.463501
5900.097656	-69.395752
5902.789307	-65.937057
5905.480957	-66.365128
5908.172607	-67.503456
5910.864258	-66.358871
5913.555908	-66.130630
5916.247559	-67.129539
5918.939209	-66.619125
5921.630859	-66.012222
5924.322510	-66.918144
5927.014160	-66.150108
5929.705811	-65.407967
5932.397461	-66.409599
5935.089111	-66.639687
5937.780762	-65.933723
5940.472412	-66.480927
5943.164062	-66.398842
5945.855713	-66.855453
5948.547363	-66.019592
5951.239014	-66.507652
5953.930664	-66.777870
5956.622314	-66.001762
5959.313965	-67.943535
5962.005615	-66.683167
5964.697266	-66.764038
5967.388916	-65.995331
5970.080566	-66.050270
5972.772217	-66.307640
5975.463867	-66.175217
5978.155518	-65.411209
5980.847168	-65.549965
5983.538818	-64.711830
5986.230469	-64.045494
5988.922119	-64.839401
5991.613770	-65.359787
5994.305420	-64.862846
5996.997070	-65.676735
5999.688721	-64.540878
6002.380371	-65.009544
6005.072021	-65.857292
6007.763672	-64.697899
6010.455322	-65.206879
6013.146973	-65.611908
6015.838623	-64.399727
6018.530273	-65.101936
6021.221924	-64.826538
6023.913574	-64.814079
6026.605225	-65.469223
6029.296875	-64.847855
6031.988525	-65.840660
6034.680176	-65.138443
6037.371826	-66.273590
6040.063477	-64.932709
6042.755127	-65.777351
6045.446777	-64.969513
6048.138428	-63.570255
6050.830078	-63.834660
6053.521729	-64.486015
6056.213379	-63.920258
6058.905029	-64.339119
6061.596680	-65.949799
6064.288330	-64.440964
6066.979980	-64.973946
6069.671631	-64.070206
6072.363281	-64.164536
6075.054932	-63.985630
6077.746582	-63.431282
6080.438232	-63.200180
6083.129883	-63.163307
6085.821533	-63.888020
6088.513184	-63.667736
6091.204834	-63.762814
6093.896484	-64.758347
6096.588135	-62.694473
6099.279785	-64.041451
6101.971436	-63.471069
6104.663086	-62.706150
6107.354736	-63.943573
6110.046387	-64.884773
6112.738037	-64.538284
6115.429688	-63.147751
6118.121338	-62.981220
6120.812988	-63.104786
6123.504639	-63.067287
6126.196289	-62.919979
6128.887939	-61.647625
6131.579590	-62.686028
6134.271240	-63.115852
6136.962891	-62.883682
6139.654541	-62.442924
6142.346191	-63.014118
6145.037842	-62.386005
6147.729492	-62.149826
6150.421143	-62.106777
6153.112793	-62.614822
6155.804443	-62.285313
6158.496094	-62.868465
6161.187744	-63.054043
6163.879395	-62.455875
6166.571045	-62.630497
6169.262695	-63.167969
6171.954346	-61.948200
6174.645996	-62.581600
6177.337646	-61.688877
6180.029297	-60.614067
6182.720947	-61.600479
6185.412598	-60.794861
6188.104248	-61.892414
6190.795898	-60.741352
6193.487549	-60.342426
6196.179199	-59.502186
6198.870850	-60.170841
6201.562500	-61.680500
6204.254150	-60.004330
6206.945801	-60.226246
6209.637451	-59.799004
6212.329102	-60.643456
6215.020752	-60.013821
6217.712402	-60.302456
6220.404053	-59.765583
6223.095703	-59.517975
6225.787354	-59.913502
6228.479004	-58.885708
6231.170654	-59.384243
6233.862305	-59.061180
6236.553955	-59.844219
6239.245605	-60.184673
6241.937256	-59.695652
6244.628906	-60.885956
6247.320557	-59.735809
6250.012207	-60.864872
6252.703857	-59.202885
6255.395508	-59.579487
6258.087158	-59.220100
6260.778809	-59.514629
6263.470459	-59.574623
6266.162109	-59.029583
6268.853760	-58.573769
6271.545410	-59.879322
6274.237061	-58.227592
6276.928711	-57.959183
6279.620361	-59.261730
6282.312012	-58.789742
6285.003662	-56.418285
6287.695312	-58.424076
6290.386963	-58.644684
6293.078613	-57.999878
6295.770264	-58.224018
6298.461914	-58.223003
6301.153564	-57.721867
6303.845215	-57.537571
6306.536865	-57.586262
6309.228516	-58.038914
6311.920166	-57.363102
6314.611816	-58.436153
6317.303467	-59.976437
6319.995117	-58.565117
6322.686768	-58.016632
6325.378418	-59.108856
6328.070068	-58.284966
6330.761719	-58.208954
6333.453369	-58.136379
6336.145020	-58.127590
6338.836670	-58.847771
6341.528320	-58.892151
6344.219971	-57.607738
6346.911621	-60.025757
6349.603271	-58.522854
6352.294922	-58.351700
6354.986572	-58.366093
6357.678223	-59.551678
6360.369873	-58.311665
6363.061523	-59.240288
6365.753174	-58.773491
6368.444824	-58.507996
6371.136475	-59.340973
6373.828125	-58.051456
6376.519775	-59.756397
6379.211426	-59.771564
6381.903076	-58.967201
6384.594727	-60.102798
6387.286377	-59.505314
6389.978027	-60.234711
6392.669678	-59.947723
6395.361328	-60.146919
6398.052979	-59.884495
6400.744629	-60.272270
6403.436279	-60.214409
6406.127930	-60.094696
6408.819580	-60.534451
6411.511230	-60.529331
6414.202881	-60.566502
6416.894531	-61.077564
6419.586182	-61.397354
6422.277832	-61.325859
6424.969482	-60.584045
6427.661133	-61.597710
6430.352783	-60.825996
6433.044434	-61.127228
6435.736084	-60.681309
6438.427734	-60.714165
6441.119385	-62.261082
6443.811035	-62.547226
6446.502686	-61.650791
6449.194336	-60.746586
6451.885986	-62.193264
6454.577637	-62.955631
6457.269287	-62.459335
6459.960938	-63.146400
6462.652588	-61.736565
6465.344238	-61.365978
6468.035889	-63.016884
6470.727539	-62.728813
6473.419189	-62.217026
6476.110840	-62.148182
6478.802490	-64.223053
6481.494141	-62.395840
6484.185791	-62.732811
6486.877441	-63.057083
6489.569092	-62.407593
6492.260742	-63.695675
6494.952393	-62.243980
6497.644043	-64.218758
6500.335693	-62.846241
6503.027344	-64.067200
6505.718994	-62.952011
6508.410645	-64.687943
6511.102295	-64.340950
6513.793945	-63.635216
6516.485596	-64.298256
6519.177246	-64.612495
6521.868896	-64.548454
6524.560547	-63.715591
6527.252197	-64.309479
6529.943848	-64.134041
6532.635498	-64.034897
6535.327148	-65.570145
6538.018799	-64.930099
6540.710449	-63.941162
6543.402100	-64.277290
6546.093750	-63.596951
6548.785400	-64.827934
6551.477051	-65.557610
6554.168701	-63.318764
6556.860352	-66.489182
6559.552002	-65.711990
6562.243652	-65.901520
6564.935303	-65.567314
6567.626953	-66.313560
6570.318604	-65.026047
6573.010254	-65.165230
6575.701904	-65.721367
6578.393555	-65.412910
6581.085205	-65.651672
6583.776855	-66.253059
6586.468506	-64.896118
6589.160156	-64.986649
6591.851807	-65.274620
6594.543457	-65.711594
6597.235107	-65.383545
6599.926758	-65.524918
6602.618408	-66.226799
6605.310059	-65.433784
6608.001709	-66.332817
6610.693359	-65.944740
6613.385010	-65.922676
6616.076660	-66.116264
6618.768311	-67.291847
6621.459961	-65.866508
6624.151611	-65.837288
6626.843262	-66.768875
6629.534912	-66.387589
6632.226562	-66.574928
6634.918213	-67.999367
6637.609863	-65.802544
6640.301514	-67.613014
6642.993164	-67.534897
6645.684814	-67.241653
6648.376465	-68.336426
6651.068115	-66.633423
6653.759766	-67.063766
6656.451416	-66.384598
6659.143066	-66.761543
6661.834717	-67.775291
6664.526367	-69.026840
6667.218018	-67.680656
6669.909668	-67.178902
6672.601318	-66.203156
6675.292969	-66.124756
6677.984619	-67.991951
6680.676270	-67.847633
6683.367920	-67.133911
6686.059570	-67.665520
6688.751221	-66.284294
6691.442871	-67.576546
6694.134521	-68.207344
6696.826172	-68.094841
6699.517822	-67.118874
6702.209473	-68.098488
6704.901123	-67.308678
6707.592773	-68.787323
6710.284424	-67.582993
6712.976074	-67.617966
6715.667725	-66.886589
6718.359375	-67.488136
6721.051025	-67.040291
6723.742676	-67.645554
6726.434326	-67.879456
6729.125977	-67.433083
6731.817627	-69.227554
6734.509277	-69.720543
6737.200928	-68.476898
6739.892578	-67.705452
6742.584229	-68.696732
6745.275879	-69.001549
6747.967529	-68.675201
6750.659180	-67.996513
6753.350830	-68.135803
6756.042480	-68.275124
6758.734131	-67.469360
6761.425781	-66.544968
6764.117432	-67.349556
6766.809082	-68.005905
6769.500732	-68.137032
6772.192383	-66.924156
6774.884033	-67.620171
6777.575684	-68.842361
6780.267334	-68.686310
6782.958984	-67.878143
6785.650635	-68.156906
6788.342285	-67.438805
6791.033936	-69.686928
6793.725586	-69.709709
6796.417236	-70.551743
6799.108887	-68.224594
6801.800537	-68.473320
6804.492188	-68.578957
6807.183838	-68.081558
6809.875488	-68.637062
6812.567139	-69.060936
6815.258789	-68.319252
6817.950439	-68.666351
6820.642090	-69.474335
6823.333740	-69.471382
6826.025391	-70.006950
6828.717041	-68.540054
6831.408691	-70.176399
6834.100342	-70.687485
6836.791992	-69.477882
6839.483643	-67.295074
6842.175293	-69.193787
6844.866943	-69.294167
6847.558594	-68.444969
6850.250244	-69.125786
6852.941895	-70.520424
6855.633545	-68.114983
6858.325195	-69.519135
6861.016846	-68.570572
6863.708496	-68.956215
6866.400146	-69.041679
6869.091797	-69.657890
6871.783447	-68.186295
6874.475098	-69.096451
6877.166748	-68.967415
6879.858398	-68.807823
6882.550049	-69.016830
6885.241699	-68.925827
6887.933350	-69.069656
6890.625000	-68.011200
6893.316650	-69.571190
6896.008301	-69.581253
6898.699951	-68.120171
6901.391602	-67.779694
6904.083252	-69.928413
6906.774902	-69.391441
6909.466553	-69.588402
6912.158203	-68.808578
6914.849854	-70.069984
6917.541504	-69.420372
6920.233154	-69.165688
6922.924805	-67.084526
6925.616455	-68.900482
6928.308105	-68.041809
6930.999756	-69.477013
6933.691406	-68.405838
6936.383057	-68.981155
6939.074707	-68.648155
6941.766357	-68.916008
6944.458008	-69.046112
6947.149658	-68.369995
6949.841309	-68.016472
6952.532959	-68.157043
6955.224609	-68.870995
6957.916260	-68.565277
6960.607910	-69.831108
6963.299561	-68.681915
6965.991211	-68.715866
6968.682861	-69.165749
6971.374512	-68.392456
6974.066162	-70.302567
6976.757812	-70.092529
6979.449463	-69.606689
6982.141113	-67.824394
6984.832764	-69.023560
6987.524414	-69.155975
6990.216064	-68.737350
6992.907715	-68.220238
6995.599365	-68.819778
6998.291016	-68.711670
7000.982666	-68.141922
7003.674316	-68.612480
7006.365967	-69.408691
7009.057617	-68.724342
7011.749268	-67.749496
7014.440918	-67.590309
7017.132568	-68.151215
7019.824219	-68.768677
7022.515869	-69.400604
7025.207520	-69.901215
7027.899170	-68.577248
7030.590820	-67.761574
7033.282471	-68.741745
7035.974121	-68.134041
7038.665771	-68.141464
7041.357422	-68.172554
7044.049072	-69.248627
7046.740723	-68.191010
7049.432373	-68.561234
7052.124023	-69.528870
7054.815674	-69.366249
7057.507324	-68.511131
7060.198975	-69.635193
7062.890625	-69.132278
7065.582275	-67.332306
7068.273926	-67.461113
7070.965576	-68.551613
7073.657227	-68.453224
7076.348877	-68.509338
7079.040527	-69.118645
7081.732178	-69.797447
7084.423828	-67.132835
7087.115479	-67.645195
7089.807129	-68.328720
7092.498779	-68.721581
7095.190430	-67.936790
7097.882080	-67.404701
7100.573730	-67.799110
7103.265381	-67.491150
7105.957031	-67.744713
7108.648682	-68.150696
7111.340332	-67.111946
7114.031982	-68.611946
7116.723633	-67.165733
7119.415283	-68.450508
7122.106934	-69.124496
7124.798584	-66.616600
7127.490234	-68.105019
7130.181885	-67.017662
7132.873535	-67.455902
7135.565186	-68.312408
7138.256836	-67.187012
7140.948486	-67.929001
7143.640137	-67.728424
7146.331787	-68.566116
7149.023438	-67.831520
7151.715088	-68.743774
7154.406738	-67.321083
7157.098389	-67.147133
7159.790039	-68.156387
7162.481689	-67.336166
7165.173340	-67.058037
7167.864990	-66.512375
7170.556641	-68.095970
7173.248291	-67.532356
7175.939941	-66.848564
7178.631592	-67.884277
7181.323242	-67.006470
7184.014893	-66.342857
7186.706543	-67.211571
7189.398193	-66.956902
7192.089844	-66.806366
7194.781494	-66.845116
7197.473145	-65.221252
7200.164795	-68.098869
7202.856445	-67.999825
7205.548096	-66.944984
7208.239746	-67.992073
7210.931396	-66.605766
7213.623047	-66.691162
7216.314697	-65.788261
7219.006348	-66.657318
7221.697998	-66.763245
7224.389648	-67.310379
7227.081299	-67.070709
7229.772949	-65.250488
7232.464600	-64.756752
7235.156250	-64.965836
7237.847900	-66.461983
7240.539551	-67.335991
7243.231201	-65.948425
7245.922852	-66.796822
7248.614502	-65.463997
7251.306152	-65.812614
7253.997803	-65.652321
7256.689453	-65.520653
7259.381104	-66.099007
7262.072754	-65.718727
7264.764404	-66.209808
7267.456055	-66.132088
7270.147705	-65.524765
7272.839355	-63.914726
7275.531006	-64.691193
7278.222656	-65.041962
7280.914307	-66.022697
7283.605957	-64.328522
7286.297607	-64.893539
7288.989258	-65.068237
7291.680908	-65.025345
7294.372559	-64.629280
7297.064209	-64.806839
7299.755859	-65.029335
7302.447510	-64.509644
7305.139160	-65.419441
7307.830811	-65.979530
7310.522461	-63.762291
7313.214111	-64.637276
7315.905762	-63.380566
7318.597412	-64.335396
7321.289062	-63.632927
7323.980713	-63.587654
7326.672363	-63.781418
7329.364014	-64.105507
7332.055664	-63.102097
7334.747314	-63.077503
7337.438965	-63.481880
7340.130615	-64.354614
7342.822266	-64.020737
7345.513916	-63.077911
7348.205566	-64.496956
7350.897217	-62.759045
7353.588867	-64.556931
7356.280518	-63.736828
7358.972168	-64.653229
7361.663818	-62.911968
7364.355469	-62.173008
7367.047119	-62.928108
7369.738770	-62.204334
7372.430420	-62.059132
7375.122070	-62.318161
7377.813721	-62.143780
7380.505371	-61.525429
7383.197021	-62.763905
7385.888672	-61.313007
7388.580322	-62.544598
7391.271973	-62.476608
7393.963623	-62.685581
7396.655273	-62.658001
7399.346924	-61.319977
7402.038574	-62.397163
7404.730225	-61.689476
7407.421875	-61.318974
7410.113525	-61.069729
7412.805176	-60.567024
7415.496826	-62.448631
7418.188477	-62.966049
7420.880127	-60.884911
7423.571777	-60.169399
7426.263428	-61.136333
7428.955078	-60.931587
7431.646729	-61.459625
7434.338379	-60.098637
7437.030029	-61.181839
7439.721680	-61.253746
7442.413330	-59.891560
7445.104980	-59.677521
7447.796631	-60.753613
7450.488281	-59.579750
7453.179932	-59.460152
7455.871582	-60.261765
7458.563232	-60.777737
7461.254883	-60.373871
7463.946533	-58.874737
7466.638184	-60.089638
7469.329834	-59.391861
7472.021484	-59.226757
7474.713135	-59.880611
7477.404785	-59.249821
7480.096436	-59.033421
7482.788086	-60.103535
7485.479736	-60.029392
7488.171387	-60.287575
7490.863037	-58.160923
7493.554688	-58.242393
7496.246338	-58.607822
7498.937988	-59.767429
7501.629639	-58.939323
7504.321289	-58.827915
7507.012939	-58.531208
7509.704590	-58.567398
7512.396240	-59.634827
7515.087891	-58.796223
7517.779541	-58.870129
7520.471191	-60.251698
7523.162842	-58.999729
7525.854492	-58.699623
7528.546143	-59.243694
7531.237793	-59.319939
7533.929443	-58.967587
7536.621094	-59.666405
7539.312744	-59.179207
7542.004395	-58.623802
7544.696045	-59.470333
7547.387695	-60.558083
7550.079346	-59.373161
7552.770996	-59.374702
7555.462646	-59.176346
7558.154297	-58.486172
7560.845947	-59.393219
7563.537598	-59.711079
7566.229248	-60.962456
7568.920898	-58.995056
7571.612549	-58.953964
7574.304199	-59.838013
7576.995850	-59.843609
7579.687500	-61.148636
7582.379150	-60.632271
7585.070801	-60.614197
7587.762451	-60.867775
7590.454102	-61.696190
7593.145752	-60.277016
7595.837402	-60.728935
7598.529053	-60.351952
7601.220703	-61.071133
7603.912354	-59.348774
7606.604004	-60.912846
7609.295654	-60.623333
7611.987305	-60.004257
7614.678955	-60.947029
7617.370605	-61.552601
7620.062256	-61.912601
7622.753906	-62.309299
7625.445557	-62.550602
7628.137207	-63.441612
7630.828857	-61.124680
7633.520508	-61.477802
7636.212158	-62.750961
7638.903809	-62.219250
7641.595459	-62.566799
7644.287109	-62.635689
7646.978760	-62.160282
7649.670410	-63.654137
7652.362061	-62.541321
7655.053711	-64.368942
7657.745361	-63.551476
7660.437012	-62.592869
7663.128662	-63.241314
7665.820312	-62.473099
7668.511963	-62.751804
7671.203613	-62.288605
7673.895264	-62.572807
7676.586914	-62.113049
7679.278564	-62.756958
7681.970215	-62.476265
7684.661865	-63.010311
7687.353516	-64.059441
7690.045166	-63.369823
7692.736816	-63.438961
7695.428467	-63.802578
7698.120117	-65.235741
7700.811768	-64.032997
7703.503418	-64.596542
7706.195068	-63.158253
7708.886719	-63.970600
7711.578369	-64.267174
7714.270020	-66.008873
7716.961670	-66.030174
7719.653320	-64.960602
7722.344971	-66.374306
7725.036621	-63.952610
7727.728271	-65.738029
7730.419922	-65.181381
7733.111572	-63.400845
7735.803223	-65.940323
7738.494873	-65.964432
7741.186523	-66.212898
7743.878174	-64.338295
7746.569824	-64.999115
7749.261475	-65.664185
7751.953125	-64.837502
7754.644775	-65.402573
7757.336426	-64.435776
7760.028076	-64.793922
7762.719727	-66.429535
7765.411377	-65.602730
7768.103027	-65.668694
7770.794678	-66.254341
7773.486328	-66.895546
7776.177979	-66.527756
7778.869629	-66.712448
7781.561279	-66.476311
7784.252930	-66.529053
7786.944580	-65.534859
7789.636230	-67.812668
7792.327881	-67.695465
7795.019531	-66.612968
7797.711182	-66.054268
7800.402832	-67.621834
7803.094482	-68.437462
7805.786133	-67.713058
7808.477783	-67.218369
7811.169434	-67.298958
7813.861084	-66.835381
7816.552734	-66.985733
7819.244385	-66.661095
7821.936035	-67.631310
7824.627686	-66.765190
7827.319336	-68.664406
7830.010986	-68.682335
7832.702637	-66.855408
7835.394287	-68.194595
7838.085938	-67.288109
7840.777588	-68.133659
7843.469238	-67.936661
7846.160889	-66.812080
7848.852539	-66.965500
7851.544189	-67.945183
7854.235840	-67.479568
7856.927490	-66.947205
7859.619141	-68.305969
7862.310791	-68.257011
7865.002441	-68.051254
7867.694092	-69.056808
7870.385742	-67.644287
7873.077393	-68.171349
7875.769043	-68.200226
7878.460693	-67.095810
7881.152344	-68.676338
7883.843994	-68.063698
7886.535645	-69.196701
7889.227295	-68.484558
7891.918945	-69.795540
7894.610596	-68.696350
7897.302246	-67.695862
7899.993896	-69.083069
7902.685547	-67.609436
7905.377197	-69.749947
7908.068848	-69.060127
7910.760498	-68.286232
7913.452148	-68.824265
7916.143799	-67.767334
7918.835449	-67.978569
7921.527100	-67.862099
7924.218750	-68.837349
7926.910400	-69.463226
7929.602051	-68.886856
7932.293701	-68.978973
7934.985352	-68.090347
7937.677002	-68.133125
7940.368652	-69.093124
7943.060303	-69.625069
7945.751953	-69.540817
7948.443604	-69.094772
7951.135254	-69.773727
7953.826904	-68.461197
7956.518555	-69.015343
7959.210205	-68.575783
7961.901855	-68.980621
7964.593506	-69.543892
7967.285156	-70.337967
7969.976807	-70.539246
7972.668457	-68.524567
7975.360107	-68.662872
7978.051758	-69.443474
7980.743408	-68.175987
7983.435059	-69.047562
7986.126709	-69.125908
7988.818359	-69.436882
7991.510010	-68.563416
7994.201660	-69.563911
7996.893311	-68.965393
7999.584961	-69.660614
8002.276611	-69.446594
8004.968262	-68.912643
8007.659912	-67.702164
8010.351562	-68.969040
8013.043213	-70.137703
8015.734863	-70.894516
8018.426514	-69.297096
8021.118164	-70.403442
8023.809814	-69.236084
8026.501465	-69.485390
8029.193115	-69.997658
8031.884766	-70.739388
8034.576416	-70.760414
8037.268066	-70.192787
8039.959717	-69.242790
8042.651367	-70.764076
8045.343018	-71.110527
8048.034668	-69.506577
8050.726318	-68.671829
8053.417969	-69.738899
8056.109619	-69.495537
8058.801270	-71.360634
8061.492920	-70.861069
8064.184570	-70.855972
8066.876221	-69.451370
8069.567871	-70.366455
8072.259521	-69.272087
8074.951172	-70.451324
8077.642822	-69.404739
8080.334473	-69.883476
8083.026123	-70.615479
8085.717773	-70.125412
8088.409424	-68.875107
8091.101074	-69.017921
8093.792725	-70.246246
8096.484375	-69.491653
8099.176025	-69.520142
8101.867676	-69.321625
8104.559326	-70.654121
8107.250977	-69.554634
8109.942627	-70.362480
8112.634277	-70.242264
8115.325928	-69.081871
8118.017578	-70.606636
8120.709229	-68.406746
8123.400879	-70.110458
8126.092529	-70.872887
8128.784180	-70.949165
8131.475830	-69.762062
8134.167480	-69.275444
8136.859131	-70.322876
8139.550781	-70.222702
8142.242432	-70.810974
8144.934082	-69.171112
8147.625732	-70.131233
8150.317383	-69.779991
8153.009033	-70.902534
8155.700684	-69.303452
8158.392334	-69.577682
8161.083984	-70.083473
8163.775635	-70.952454
8166.467285	-71.357780
8169.158936	-70.222061
8171.850586	-70.122581
8174.542236	-69.297356
8177.233887	-69.782425
8179.925537	-70.686447
8182.617188	-68.956696
8185.308838	-70.173470
8188.000488	-69.479820
8190.692139	-69.870628
8193.383789	-69.620895
8196.075439	-70.054283
8198.767090	-70.394150
8201.458740	-70.655724
8204.150391	-68.483253
8206.842041	-69.206474
8209.533691	-69.804474
8212.225342	-69.788681
8214.916992	-68.828888
8217.608643	-69.558258
8220.300293	-69.228203
8222.991943	-70.059364
8225.683594	-69.628601
8228.375244	-69.914009
8231.066895	-69.008591
8233.758545	-69.421524
8236.450195	-70.535599
8239.141846	-69.050865
8241.833496	-69.298332
8244.525146	-69.293396
8247.216797	-69.653969
8249.908447	-69.095985
8252.600098	-69.710884
8255.291748	-69.910416
8257.983398	-68.876198
8260.675049	-68.802429
8263.366699	-69.126625
8266.058350	-69.201691
8268.750000	-69.118187
8271.441650	-69.369385
8274.133301	-68.438187
8276.824951	-69.023094
8279.516602	-70.544685
8282.208252	-69.532318
8284.899902	-70.099159
8287.591553	-69.425644
8290.283203	-69.310081
8292.974854	-68.859276
8295.666504	-69.394821
8298.358154	-69.331848
8301.049805	-68.156815
8303.741455	-68.424248
8306.433105	-68.787460
8309.124756	-70.094498
8311.816406	-70.023155
8314.508057	-69.062225
8317.199707	-69.715828
8319.891357	-69.064392
8322.583008	-69.927124
8325.274658	-69.241707
8327.966309	-69.694862
8330.657959	-70.037094
8333.349609	-69.347824
8336.041260	-68.561501
8338.732910	-69.212898
8341.424561	-69.182152
8344.116211	-67.800224
8346.807861	-67.921822
8349.499512	-67.632629
8352.191162	-67.920456
8354.882812	-68.154152
8357.574463	-68.509026
8360.266113	-69.340828
8362.957764	-69.049812
8365.649414	-68.625130
8368.341064	-69.512154
8371.032715	-69.840668
8373.724365	-69.622772
8376.416016	-68.608154
8379.107666	-68.520660
8381.799316	-69.746025
8384.490967	-67.835892
8387.182617	-68.043854
8389.874268	-68.291260
8392.565918	-68.260887
8395.257568	-68.616539
8397.949219	-68.280190
8400.640869	-68.092178
8403.332520	-68.199379
8406.024170	-67.807983
8408.715820	-68.291283
8411.407471	-67.514343
8414.099121	-67.694862
8416.790771	-68.142868
8419.482422	-68.414757
8422.174072	-68.312347
8424.865723	-67.776009
8427.557373	-67.590988
8430.249023	-67.070953
8432.940674	-67.286133
8435.632324	-66.049347
8438.323975	-68.439354
8441.015625	-66.153435
8443.707275	-66.888565
8446.398926	-66.979172
8449.090576	-66.587837
8451.782227	-67.342216
8454.473877	-65.894890
8457.165527	-66.115921
8459.857178	-69.131912
8462.548828	-68.081429
8465.240479	-67.728745
8467.932129	-66.326401
8470.623779	-66.941406
8473.315430	-66.433922
8476.007080	-66.753365
8478.698730	-68.014816
8481.390381	-67.376968
8484.082031	-66.465126
8486.773682	-66.098358
8489.465332	-68.374397
8492.156982	-66.005188
8494.848633	-66.990311
8497.540283	-66.583961
8500.231934	-65.995110
8502.923584	-66.275688
8505.615234	-65.006432
8508.306885	-65.559212
8510.998535	-66.154640
8513.690186	-65.480591
8516.381836	-65.571602
8519.073486	-66.035782
8521.765137	-64.507286
8524.456787	-64.300659
8527.148438	-65.634872
8529.840088	-66.190643
8532.531738	-65.300453
8535.223389	-65.209137
8537.915039	-65.329666
8540.606689	-64.814354
8543.298340	-64.916046
8545.989990	-64.458954
8548.681641	-64.477776
8551.373291	-65.725418
8554.064941	-65.915047
8556.756592	-64.597282
8559.448242	-63.747807
8562.139893	-64.513374
8564.831543	-64.592255
8567.523193	-65.319366
8570.214844	-65.879059
8572.906494	-64.288979
8575.598145	-63.944157
8578.289795	-63.736881
8580.981445	-63.495422
8583.673096	-64.147324
8586.364746	-63.580517
8589.056396	-64.108994
8591.748047	-64.243759
8594.439697	-63.505970
8597.131348	-63.994740
8599.822998	-63.335930
8602.514648	-62.290974
8605.206299	-63.490105
8607.897949	-62.409405
8610.589600	-62.707886
8613.281250	-62.409100
8615.972900	-62.677731
8618.664551	-62.722130
8621.356201	-63.447300
8624.047852	-61.533321
8626.739502	-60.526188
8629.431152	-62.472023
8632.122803	-61.731483
8634.814453	-60.976692
8637.506104	-61.496727
8640.197754	-61.786926
8642.889404	-60.935883
8645.581055	-60.209198
8648.272705	-61.855145
8650.964355	-63.499924
8653.656006	-61.216099
8656.347656	-60.074226
8659.039307	-61.920029
8661.730957	-61.452171
8664.422607	-61.020550
8667.114258	-61.856438
8669.805908	-62.092068
8672.497559	-60.105640
8675.189209	-61.624649
8677.880859	-60.899529
8680.572510	-61.819016
8683.264160	-61.629711
8685.955811	-61.719540
8688.647461	-61.044178
8691.339111	-60.712788
8694.030762	-60.705078
8696.722412	-61.060917
8699.414062	-61.148071
8702.105713	-60.435543
8704.797363	-59.904057
8707.489014	-60.741501
8710.180664	-61.996887
8712.872314	-62.181194
8715.563965	-60.142597
8718.255615	-59.195580
8720.947266	-61.286816
8723.638916	-61.440800
8726.330566	-61.193993
8729.022217	-61.766644
8731.713867	-59.830360
8734.405518	-60.238926
8737.097168	-60.007530
8739.788818	-61.121437
8742.480469	-60.041931
8745.172119	-59.890297
8747.863770	-61.812897
8750.555420	-60.861591
8753.247070	-59.336880
8755.938721	-60.996407
8758.630371	-61.037109
8761.322021	-59.858574
8764.013672	-60.378735
8766.705322	-59.742451
8769.396973	-60.123398
8772.088623	-59.347950
8774.780273	-60.742920
8777.471924	-59.858391
8780.163574	-61.374191
8782.855225	-62.980705
8785.546875	-61.519726
8788.238525	-62.177074
8790.930176	-61.533401
8793.621826	-60.267929
8796.313477	-60.889019
8799.005127	-61.142994
8801.696777	-62.261826
8804.388428	-62.160736
8807.080078	-60.678127
8809.771729	-61.856133
8812.463379	-61.697186
8815.155029	-60.828209
8817.846680	-61.418423
8820.538330	-61.336037
8823.229980	-61.634624
8825.921631	-62.255444
8828.613281	-64.036720
8831.304932	-63.997101
8833.996582	-62.635838
8836.688232	-63.281719
8839.379883	-62.270817
8842.071533	-61.933678
8844.763184	-62.365467
8847.454834	-63.376175
8850.146484	-63.702560
8852.838135	-63.445992
8855.529785	-63.606815
8858.221436	-62.818787
8860.913086	-62.655163
8863.604736	-63.272549
8866.296387	-63.259651
8868.988037	-65.302002
8871.679688	-64.314537
8874.371338	-63.535866
8877.062988	-63.839096
8879.754639	-64.211075
8882.446289	-64.129562
8885.137939	-63.472198
8887.829590	-63.945927
8890.521240	-65.882530
8893.212891	-65.046608
8895.904541	-65.002556
8898.596191	-63.957867
8901.287842	-65.671722
8903.979492	-65.351959
8906.671143	-64.186325
8909.362793	-64.612007
8912.054443	-65.807716
8914.746094	-65.742882
8917.437744	-64.908691
8920.129395	-65.183685
8922.821045	-64.723824
8925.512695	-66.224747
8928.204346	-64.975624
8930.895996	-67.677666
8933.587646	-65.093575
8936.279297	-66.740692
8938.970947	-66.447090
8941.662598	-66.648918
8944.354248	-66.621796
8947.045898	-66.331207
8949.737549	-67.040886
8952.429199	-66.039841
8955.120850	-65.824631
8957.812500	-66.320213
8960.504150	-67.289703
8963.195801	-67.095993
8965.887451	-66.429207
8968.579102	-66.373238
8971.270752	-66.626648
8973.962402	-67.173889
8976.654053	-67.898033
8979.345703	-68.069420
8982.037354	-66.401474
8984.729004	-67.236229
8987.420654	-66.613747
8990.112305	-67.044922
8992.803955	-68.269897
8995.495605	-68.244133
8998.187256	-68.063789
9000.878906	-66.876221
9003.570557	-68.145645
9006.262207	-68.177826
9008.953857	-68.384438
9011.645508	-67.268570
9014.337158	-68.511566
9017.028809	-68.452606
9019.720459	-68.326645
9022.412109	-68.275551
9025.103760	-68.712555
9027.795410	-68.197861
9030.487061	-68.089912
9033.178711	-69.018394
9035.870361	-67.797005
9038.562012	-68.456161
9041.253662	-68.887131
9043.945312	-70.066650
9046.636963	-69.226677
9049.328613	-69.358055
9052.020264	-68.425323
9054.711914	-68.720642
9057.403564	-66.848442
9060.095215	-68.003464
9062.786865	-68.876900
9065.478516	-67.038956
9068.170166	-67.141769
9070.861816	-69.693596
9073.553467	-69.029770
9076.245117	-67.737129
9078.936768	-67.508324
9081.628418	-69.523659
9084.320068	-69.395645
9087.011719	-68.664505
9089.703369	-69.694031
9092.395020	-67.793526
9095.086670	-69.492195
9097.778320	-69.720016
9100.469971	-68.710571
9103.161621	-68.424026
9105.853271	-68.757957
9108.544922	-71.524117
9111.236572	-70.391335
9113.928223	-68.827179
9116.619873	-68.838638
9119.311523	-69.319672
9122.003174	-68.679428
9124.694824	-68.614082
9127.386475	-69.442719
9130.078125	-68.851250
9132.769775	-69.357742
9135.461426	-68.761528
9138.153076	-71.351181
9140.844727	-71.086586
9143.536377	-70.153786
9146.228027	-69.245682
9148.919678	-69.436218
9151.611328	-70.588745
9154.302979	-69.780174
9156.994629	-69.678978
9159.686279	-69.411995
9162.377930	-70.671638
9165.069580	-70.329880
9167.761230	-69.672112
9170.452881	-69.539810
9173.144531	-71.722916
9175.836182	-70.713821
9178.527832	-70.112213
9181.219482	-69.271584
9183.911133	-70.260101
9186.602783	-70.406441
9189.294434	-70.430511
9191.986084	-69.700363
9194.677734	-69.382088
9197.369385	-70.423721
9200.061035	-69.868095
9202.752686	-70.993935
9205.444336	-70.747276
9208.135986	-69.670258
9210.827637	-69.912781
9213.519287	-71.238838
9216.210938	-71.338417
9218.902588	-70.485054
9221.594238	-70.202240
9224.285889	-70.672813
9226.977539	-69.473511
9229.669189	-70.000465
9232.360840	-70.933868
9235.052490	-70.074974
9237.744141	-70.745079
9240.435791	-70.781090
9243.127441	-70.908798
9245.819092	-71.193405
9248.510742	-70.797539
9251.202393	-71.933571
9253.894043	-69.696396
9256.585693	-72.152832
9259.277344	-72.278694
9261.968994	-71.312935
9264.660645	-70.492378
9267.352295	-72.971855
9270.043945	-71.138977
9272.735596	-69.680847
9275.427246	-70.586166
9278.118896	-71.291016
9280.810547	-69.372475
9283.502197	-71.545143
9286.193848	-70.201164
9288.885498	-70.518677
9291.577148	-70.230026
9294.268799	-70.157608
9296.960449	-70.006447
9299.652100	-69.925804
9302.343750	-70.579590
9305.035400	-71.587715
9307.727051	-71.415436
9310.418701	-70.983513
9313.110352	-70.187866
9315.802002	-70.218918
9318.493652	-69.983803
9321.185303	-69.894577
9323.876953	-71.816856
9326.568604	-70.338524
9329.260254	-69.252281
9331.951904	-71.122246
9334.643555	-70.944283
9337.335205	-72.184929
9340.026855	-69.592323
9342.718506	-71.581635
9345.410156	-69.882408
9348.101807	-71.940514
9350.793457	-70.637032
9353.485107	-70.593002
9356.176758	-69.991493
9358.868408	-70.535881
9361.560059	-68.536873
9364.251709	-69.625763
9366.943359	-70.649208
9369.635010	-69.129501
9372.326660	-69.965446
9375.018311	-70.507332
9377.709961	-70.482620
9380.401611	-71.028938
9383.093262	-69.708710
9385.784912	-69.956505
9388.476562	-69.518921
9391.168213	-70.943336
9393.859863	-70.644745
9396.551514	-70.335938
9399.243164	-70.839584
9401.934814	-70.373741
9404.626465	-70.233055
9407.318115	-69.936348
9410.009766	-70.127121
9412.701416	-70.496857
9415.393066	-70.880852
9418.084717	-69.578278
9420.776367	-72.415787
9423.468018	-71.080978
9426.159668	-70.706398
9428.851318	-70.542740
9431.542969	-69.826622
9434.234619	-69.385559
9436.926270	-70.988449
9439.617920	-69.228416
9442.309570	-70.497894
9445.001221	-69.745041
9447.692871	-69.657280
9450.384521	-71.679375
9453.076172	-69.494804
9455.767822	-69.726898
9458.459473	-71.095306
9461.151123	-71.269363
9463.842773	-70.571693
9466.534424	-69.636230
9469.226074	-70.318581
9471.917725	-70.308876
9474.609375	-70.714752
9477.301025	-70.456337
9479.992676	-70.529663
9482.684326	-70.044174
9485.375977	-70.259392
9488.067627	-70.581047
9490.759277	-70.336365
9493.450928	-69.173302
9496.142578	-69.404648
9498.834229	-69.170273
9501.525879	-69.601860
9504.217529	-70.378479
9506.909180	-71.058899
9509.600830	-70.466751
9512.292480	-69.723404
9514.984131	-70.702705
9517.675781	-69.890892
9520.367432	-68.942192
9523.059082	-68.719963
9525.750732	-69.322708
9528.442383	-69.744720
9531.134033	-70.185669
9533.825684	-69.177307
9536.517334	-69.252869
9539.208984	-70.400467
9541.900635	-70.244377
9544.592285	-68.196907
9547.283936	-69.283859
9549.975586	-69.101295
9552.667236	-70.788597
9555.358887	-69.670258
9558.050537	-70.474709
9560.742188	-69.122360
9563.433838	-69.640144
9566.125488	-68.580612
9568.817139	-68.239105
9571.508789	-69.665756
9574.200439	-69.344704
9576.892090	-69.120705
9579.583740	-67.736725
9582.275391	-68.833603
9584.967041	-69.221748
9587.658691	-68.736038
9590.350342	-68.922127
9593.041992	-68.078140
9595.733643	-69.539864
9598.425293	-69.869324
9601.116943	-69.677582
9603.808594	-69.396484
9606.500244	-68.706764
9609.191895	-68.583557
9611.883545	-69.536224
9614.575195	-68.629013
9617.266846	-68.527351
9619.958496	-69.693306
9622.650146	-67.759323
9625.341797	-67.549530
9628.033447	-68.803688
9630.725098	-69.621307
9633.416748	-69.236755
9636.108398	-67.704369
9638.800049	-67.175438
9641.491699	-68.830246
9644.183350	-68.143684
9646.875000	-68.107002
9649.566650	-67.930122
9652.258301	-67.026360
9654.949951	-68.124138
9657.641602	-67.664848
9660.333252	-66.230499
9663.024902	-68.530899
9665.716553	-67.126938
9668.408203	-67.470108
9671.099854	-67.970177
9673.791504	-68.514854
9676.483154	-66.759270
9679.174805	-67.017868
9681.866455	-67.461586
9684.558105	-67.282631
9687.249756	-69.029915
9689.941406	-67.164894
9692.633057	-66.316132
9695.324707	-67.371582
9698.016357	-67.603142
9700.708008	-66.236465
9703.399658	-67.111931
9706.091309	-67.641632
9708.782959	-65.562393
9711.474609	-67.385010
9714.166260	-67.100128
9716.857910	-66.355415
9719.549561	-65.668320
9722.241211	-67.132553
9724.932861	-67.037529
9727.624512	-67.048668
9730.316162	-65.709717
9733.007812	-66.148018
9735.699463	-66.169434
9738.391113	-66.271790
9741.082764	-66.487747
9743.774414	-66.200302
9746.466064	-66.119873
9749.157715	-65.914642
9751.849365	-65.458488
9754.541016	-64.846390
9757.232666	-65.680046
9759.924316	-64.418236
9762.615967	-66.687416
9765.307617	-66.069618
9767.999268	-64.732315
9770.690918	-64.510956
9773.382568	-65.279671
9776.074219	-65.810875
9778.765869	-65.081696
9781.457520	-64.499855
9784.149170	-64.801682
9786.840820	-63.119675
9789.532471	-65.393547
9792.224121	-64.288582
9794.915771	-64.247238
9797.607422	-65.951576
9800.299072	-65.071587
9802.990723	-63.542072
9805.682373	-63.417587
9808.374023	-64.792892
9811.065674	-65.517311
9813.757324	-63.993710
9816.448975	-63.605164
9819.140625	-63.294518
9821.832275	-63.449436
9824.523926	-64.728348
9827.215576	-63.665752
9829.907227	-63.965523
9832.598877	-63.503933
9835.290527	-63.933784
9837.982178	-62.027679
9840.673828	-64.139633
9843.365479	-62.999893
9846.057129	-63.171616
9848.748779	-63.430679
9851.440430	-62.613850
9854.132080	-62.798031
9856.823730	-61.925381
9859.515381	-63.752380
9862.207031	-63.425858
9864.898682	-62.632427
9867.590332	-62.837162
9870.281982	-61.046513
9872.973633	-62.318241
9875.665283	-63.799786
9878.356934	-62.782986
9881.048584	-61.659126
9883.740234	-62.164021
9886.431885	-62.061043
9889.123535	-61.118610
9891.815186	-61.692970
9894.506836	-63.134033
9897.198486	-62.277538
9899.890137	-61.114353
9902.581787	-62.543087
9905.273438	-62.075413
9907.965088	-62.287312
9910.656738	-60.781723
9913.348389	-61.276329
9916.040039	-61.307766
9918.731689	-61.706844
9921.423340	-62.542160
9924.114990	-61.125584
9926.806641	-63.047779
9929.498291	-62.123741
9932.189941	-61.560852
9934.881592	-62.111366
9937.573242	-60.799446
9940.264893	-61.562523
9942.956543	-62.325626
9945.648193	-60.760368
9948.339844	-63.220165
9951.031494	-61.235550
9953.723145	-61.028801
9956.414795	-61.831696
9959.106445	-61.008068
9961.798096	-60.494385
9964.489746	-62.007774
9967.181396	-62.899681
9969.873047	-61.614578
9972.564697	-60.836468
9975.256348	-61.427395
9977.947998	-62.876347
9980.639648	-62.007370
9983.331299	-61.709618
9986.022949	-61.123173
9988.714600	-61.917473
9991.406250	-62.593849
9994.097900	-63.002438
9996.789551	-61.608681
9999.481201	-62.241138
10002.172852	-61.891304
10004.864502	-62.185291
10007.556152	-61.497723
10010.247803	-60.852493
10012.939453	-61.447659
10015.631104	-61.907997
10018.322754	-62.402599
10021.014404	-60.934616
10023.706055	-61.319290
10026.397705	-62.600227
10029.089355	-62.599743
10031.781006	-64.633705
10034.472656	-62.812832
10037.164307	-63.899849
10039.855957	-63.800022
10042.547607	-64.067413
10045.239258	-64.606194
10047.930908	-63.358101
10050.622559	-64.066933
10053.314209	-64.362930
10056.005859	-64.095375
10058.697510	-63.484528
10061.389160	-64.632950
10064.080811	-65.421516
10066.772461	-65.465309
10069.464111	-65.188019
10072.155762	-64.597351
10074.847412	-65.886665
10077.539062	-65.407486
10080.230713	-64.675804
10082.922363	-65.645378
10085.614014	-66.531303
10088.305664	-65.414711
10090.997314	-65.154289
10093.688965	-67.140259
10096.380615	-65.753174
10099.072266	-65.383224
10101.763916	-65.985130
10104.455566	-66.744247
10107.147217	-66.061188
10109.838867	-65.436821
10112.530518	-66.873878
10115.222168	-65.375374
10117.913818	-66.947861
10120.605469	-66.416626
10123.297119	-66.597321
10125.988770	-65.225136
10128.680420	-65.823135
10131.372070	-67.234695
10134.063721	-66.280830
10136.755371	-67.378586
10139.447021	-67.206215
10142.138672	-67.209717
10144.830322	-67.938873
10147.521973	-68.325981
10150.213623	-68.205811
10152.905273	-68.124374
10155.596924	-68.185623
10158.288574	-67.302696
10160.980225	-67.954285
10163.671875	-68.968887
10166.363525	-67.570663
10169.055176	-67.856194
10171.746826	-68.036911
10174.438477	-68.589607
10177.130127	-67.556885
10179.821777	-69.000282
10182.513428	-67.938438
10185.205078	-68.453033
10187.896729	-68.668839
10190.588379	-68.230896
10193.280029	-69.410973
10195.971680	-69.773163
10198.663330	-68.031288
10201.354980	-69.529816
10204.046631	-68.947433
10206.738281	-69.392105
10209.429932	-70.057091
10212.121582	-69.098267
10214.813232	-69.146324
10217.504883	-70.110107
10220.196533	-69.647224
10222.888184	-69.909744
10225.579834	-70.192818
10228.271484	-70.165405
10230.963135	-70.508064
10233.654785	-71.236153
10236.346436	-70.749191
10239.038086	-70.374626
10241.729736	-71.167381
10244.421387	-72.067009
10247.113037	-71.885178
10249.804688	-71.353096
10252.496338	-70.223358
10255.187988	-70.162430
10257.879639	-71.331146
10260.571289	-70.467346
10263.262939	-70.698570
10265.954590	-71.050224
10268.646240	-71.572853
10271.337891	-71.460373
10274.029541	-71.981316
10276.721191	-70.666290
10279.412842	-71.511391
10282.104492	-71.529625
10284.796143	-72.055458
10287.487793	-72.351517
10290.179443	-72.201759
10292.871094	-71.374260
10295.562744	-73.419724
10298.254395	-73.116135
10300.946045	-71.556984
10303.637695	-72.147408
10306.329346	-72.306572
10309.020996	-72.632286
10311.712646	-72.263832
10314.404297	-72.115364
10317.095947	-72.678741
10319.787598	-73.266533
10322.479248	-71.937759
10325.170898	-73.184654
10327.862549	-74.844795
10330.554199	-71.752296
10333.245850	-73.398743
10335.937500	-72.824471
10338.629150	-72.375313
10341.320801	-73.285225
10344.012451	-73.255753
10346.704102	-74.843987
10349.395752	-73.903656
10352.087402	-73.410286
10354.779053	-73.910049
10357.470703	-73.929489
10360.162354	-73.658142
10362.854004	-72.880821
10365.545654	-74.034492
10368.237305	-73.506744
10370.928955	-74.435371
10373.620605	-74.627953
10376.312256	-74.697701
10379.003906	-73.941353
10381.695557	-75.714462
10384.387207	-74.702789
10387.078857	-74.823311
10389.770508	-75.889900
10392.462158	-74.923904
10395.153809	-75.323563
10397.845459	-74.454018
10400.537109	-75.010193
10403.228760	-75.558517
10405.920410	-75.027039
10408.612061	-77.344460
10411.303711	-75.786011
10413.995361	-75.571304
10416.687012	-76.152390
10419.378662	-76.118805
10422.070312	-75.943474
10424.761963	-77.023354
10427.453613	-77.178192
10430.145264	-76.614326
10432.836914	-76.479179
10435.528564	-75.547211
10438.220215	-76.606926
10440.911865	-75.867218
10443.603516	-76.517464
10446.295166	-76.590401
10448.986816	-77.162796
10451.678467	-76.842308
10454.370117	-76.276436
10457.061768	-76.619423
10459.753418	-77.226578
10462.445068	-76.937798
10465.136719	-78.482941
10467.828369	-78.278160
10470.520020	-76.434807
10473.211670	-77.630020
10475.903320	-77.550529
10478.594971	-76.324173
10481.286621	-77.403702
10483.978271	-76.882057
10486.669922	-78.838516
10489.361572	-77.799599
10492.053223	-77.736877
10494.744873	-77.457436
10497.436523	-80.227005
10500.128174	-79.529900
10502.819824	-78.705093
10505.511475	-79.124268
10508.203125	-78.305313
10510.894775	-77.853462
10513.586426	-78.737503
10516.278076	-77.593727
10518.969727	-78.275055
10521.661377	-79.166100
10524.353027	-79.864128
10527.044678	-78.047241
10529.736328	-79.885269
10532.427979	-79.681595
10535.119629	-79.289505
10537.811279	-78.939690
10540.502930	-80.610245
10543.194580	-80.206886
10545.886230	-80.443428
10548.577881	-80.502151
10551.269531	-80.829987
10553.961182	-80.030571
10556.652832	-81.355827
10559.344482	-80.102783
10562.036133	-80.753410
10564.727783	-79.288765
10567.419434	-80.327003
10570.111084	-80.648811
10572.802734	-79.481171
10575.494385	-81.762680
10578.186035	-80.436836
10580.877686	-81.233536
10583.569336	-81.962990
10586.260986	-80.572647
10588.952637	-79.588829
10591.644287	-81.748970
10594.335938	-80.243958
10597.027588	-81.577171
10599.719238	-81.005363
10602.410889	-81.054039
10605.102539	-80.336014
10607.794189	-81.093651
10610.485840	-82.492325
10613.177490	-82.082001
10615.869141	-81.381630
10618.560791	-81.879295
10621.252441	-83.308861
10623.944092	-81.830757
10626.635742	-82.481201
10629.327393	-81.431938
10632.019043	-83.061356
10634.710693	-82.854179
10637.402344	-83.087265
10640.093994	-82.720390
10642.785645	-82.803528
10645.477295	-83.070740
10648.168945	-82.455055
10650.860596	-84.279884
10653.552246	-83.624428
10656.243896	-82.368950
10658.935547	-83.635513
10661.627197	-83.149727
10664.318848	-83.316658
10667.010498	-83.367485
10669.702148	-84.737740
10672.393799	-84.124496
10675.085449	-83.919411
10677.777100	-83.797348
10680.468750	-84.133110
10683.160400	-85.472916
10685.852051	-83.635323
10688.543701	-83.716553
10691.235352	-85.026123
10693.927002	-84.437187
10696.618652	-84.293182
10699.310303	-84.919006
10702.001953	-84.118866
10704.693604	-83.783775
10707.385254	-85.853096
10710.076904	-85.171638
10712.768555	-85.523293
10715.460205	-85.409462
10718.151855	-85.399918
10720.843506	-85.596169
10723.535156	-86.348984
10726.226807	-84.481750
10728.918457	-85.363083
10731.610107	-87.052917
10734.301758	-85.940193
10736.993408	-84.912827
10739.685059	-87.504951
10742.376709	-85.819649
10745.068359	-86.746689
10747.760010	-87.840530
10750.451660	-86.874321
10753.143311	-86.915649
10755.834961	-86.090134
10758.526611	-87.302223
10761.218262	-86.355484
10763.909912	-87.383659
10766.601562	-86.695557
10769.293213	-87.989517
10771.984863	-87.341377
10774.676514	-86.793488
10777.368164	-88.455505
10780.059814	-88.257393
10782.751465	-87.218567
10785.443115	-87.649063
10788.134766	-88.031960
10790.826416	-87.937271
10793.518066	-89.225906
10796.209717	-88.576477
10798.901367	-89.388939
10801.593018	-87.190155
10804.284668	-89.395317
10806.976318	-87.877914
10809.667969	-89.084511
10812.359619	-89.153992
10815.051270	-89.417992
10817.742920	-88.799110
10820.434570	-89.540428
10823.126221	-89.663940
10825.817871	-89.536400
10828.509521	-89.311508
10831.201172	-89.522232
10833.892822	-88.779144
10836.584473	-89.911156
10839.276123	-90.221375
10841.967773	-90.060326
10844.659424	-90.485725
10847.351074	-90.709106
10850.042725	-90.598076
10852.734375	-89.571373
10855.426025	-89.762596
10858.117676	-91.791359
10860.809326	-91.345924
10863.500977	-90.506546
10866.192627	-90.762527
10868.884277	-91.722366
10871.575928	-90.879349
10874.267578	-90.510910
10876.959229	-92.805542
10879.650879	-91.579018
10882.342529	-91.200310
10885.034180	-92.372055
10887.725830	-90.802734
10890.417480	-91.696953
10893.109131	-90.993866
10895.800781	-90.446999
10898.492432	-92.625999
10901.184082	-91.934036
10903.875732	-92.619713
10906.567383	-93.708405
10909.259033	-93.067368
10911.950684	-93.642418
10914.642334	-92.430557
10917.333984	-92.893745
10920.025635	-91.768341
10922.717285	-92.423828
10925.408936	-93.571129
10928.100586	-93.895302
10930.792236	-93.453796
10933.483887	-93.017471
10936.175537	-93.762756
10938.867188	-92.863113
10941.558838	-93.535507
10944.250488	-93.172974
10946.942139	-93.702003
10949.633789	-95.299698
10952.325439	-93.871162
10955.017090	-92.890915
10957.708740	-93.585197
10960.400391	-93.963997
10963.092041	-94.634621
10965.783691	-94.950897
10968.475342	-93.292503
10971.166992	-93.854538
10973.858643	-94.466850
10976.550293	-94.448990
10979.241943	-94.519859
10981.933594	-94.040482
10984.625244	-93.573555
10987.316895	-94.427055
10990.008545	-93.660286
10992.700195	-94.816223
10995.391846	-94.401550
10998.083496	-93.933006
11000.775146	-94.795670
11003.466797	-93.437317
11006.158447	-93.913300
11008.850098	-95.815018
11011.541748	-94.868591
11014.233398	-95.529114
11016.925049	-94.145638
11019.616699	-94.491219
11022.308350	-95.095390
