Frequency (Hz)	Level (dB)
2.691650	-44.523354
5.383301	-43.821358
8.074951	-45.002697
10.766602	-43.111847
13.458252	-44.511070
16.149902	-43.740341
18.841553	-44.697609
21.533203	-43.709358
24.224854	-44.777710
26.916504	-43.408337
29.608154	-44.564014
32.299805	-44.621899
34.991455	-44.975586
37.683105	-43.492138
40.374756	-44.829842
43.066406	-44.996395
45.758057	-43.289528
48.449707	-46.104515
51.141357	-43.740719
53.833008	-44.543587
56.524658	-43.964031
59.216309	-44.412388
61.907959	-44.587898
64.599609	-43.181522
67.291260	-43.608433
69.982910	-44.576920
72.674561	-43.924576
75.366211	-44.412922
78.057861	-44.354599
80.749512	-43.844620
83.441162	-44.397121
86.132812	-43.728756
88.824463	-44.045097
91.516113	-44.055859
94.207764	-44.278419
96.899414	-44.148518
99.591064	-43.634754
102.282715	-43.503666
104.974365	-43.828735
107.666016	-42.501579
110.357666	-44.584774
113.049316	-44.157108
115.740967	-43.497543
118.432617	-44.831955
121.124268	-43.311050
123.815918	-44.286964
126.507568	-43.761032
129.199219	-43.631969
131.890869	-44.204639
134.582520	-45.326389
137.274170	-44.988194
139.965820	-43.129101
142.657471	-43.712452
145.349121	-43.525101
148.040771	-44.497284
150.732422	-43.057671
153.424072	-44.027626
156.115723	-44.664875
158.807373	-44.732513
161.499023	-44.351513
164.190674	-43.355995
166.882324	-43.148594
169.573975	-45.406307
172.265625	-44.578823
174.957275	-43.609695
177.648926	-43.257221
180.340576	-44.448990
183.032227	-43.613136
185.723877	-43.667793
188.415527	-44.840061
191.107178	-46.298641
193.798828	-42.515614
196.490479	-41.883694
199.182129	-44.996857
201.873779	-43.744663
204.565430	-45.177292
207.257080	-44.069996
209.948730	-43.841705
212.640381	-44.191254
215.332031	-44.097576
218.023682	-43.306793
220.715332	-44.576874
223.406982	-44.201984
226.098633	-43.457695
228.790283	-43.384346
231.481934	-42.831757
234.173584	-43.539116
236.865234	-44.432148
239.556885	-43.949764
242.248535	-44.500851
244.940186	-43.550064
247.631836	-43.599232
250.323486	-44.501194
253.015137	-44.066143
255.706787	-43.884415
258.398438	-44.576622
261.090088	-43.561604
263.781738	-43.286041
266.473389	-45.223366
269.165039	-45.362995
271.856689	-43.924324
274.548340	-44.551628
277.239990	-43.771786
279.931641	-44.814350
282.623291	-43.708633
285.314941	-44.241093
288.006592	-44.458122
290.698242	-43.525459
293.389893	-43.302094
296.081543	-44.672741
298.773193	-46.560753
301.464844	-44.706463
304.156494	-44.151272
306.848145	-45.510452
309.539795	-43.126472
312.231445	-43.170036
314.923096	-42.869446
317.614746	-42.973415
320.306396	-43.210938
322.998047	-43.540604
325.689697	-44.201782
328.381348	-44.721809
331.072998	-44.803459
333.764648	-44.162159
336.456299	-43.358818
339.147949	-43.922039
341.839600	-43.552746
344.531250	-45.148914
347.222900	-43.432266
349.914551	-43.953316
352.606201	-43.791813
355.297852	-44.202007
357.989502	-44.962276
360.681152	-45.835812
363.372803	-46.480125
366.064453	-45.158203
368.756104	-43.324718
371.447754	-44.847763
374.139404	-44.265926
376.831055	-43.716061
379.522705	-44.001171
382.214355	-43.498260
384.906006	-43.274818
387.597656	-44.145905
390.289307	-43.886314
392.980957	-43.943924
395.672607	-43.954330
398.364258	-44.725956
401.055908	-43.482334
403.747559	-43.933746
406.439209	-43.822617
409.130859	-44.550308
411.822510	-45.554703
414.514160	-44.555546
417.205811	-43.962585
419.897461	-43.967636
422.589111	-44.290539
425.280762	-43.664616
427.972412	-44.064610
430.664062	-43.946873
433.355713	-43.373997
436.047363	-44.216591
438.739014	-43.161953
441.430664	-44.076847
444.122314	-44.874512
446.813965	-44.250549
449.505615	-43.082096
452.197266	-42.332916
454.888916	-45.027206
457.580566	-45.161137
460.272217	-44.173470
462.963867	-45.432110
465.655518	-43.838829
468.347168	-45.223236
471.038818	-44.373520
473.730469	-43.020657
476.422119	-44.273514
479.113770	-44.444077
481.805420	-44.065781
484.497070	-44.162479
487.188721	-45.004421
489.880371	-44.380146
492.572021	-42.592857
495.263672	-43.672783
497.955322	-44.434536
500.646973	-43.630127
503.338623	-45.977760
506.030273	-44.000359
508.721924	-43.352810
511.413574	-44.530624
514.105225	-42.771816
516.796875	-43.743290
519.488525	-42.394817
522.180176	-43.152939
524.871826	-43.371632
527.563477	-43.346878
530.255127	-44.313286
532.946777	-44.236614
535.638428	-43.138451
538.330078	-44.603611
541.021729	-43.302658
543.713379	-43.425453
546.405029	-44.190659
549.096680	-43.110134
551.788330	-45.535915
554.479980	-44.097664
557.171631	-44.410301
559.863281	-44.696945
562.554932	-44.585648
565.246582	-44.322231
567.938232	-43.090477
570.629883	-44.036301
573.321533	-43.651428
576.013184	-43.787022
578.704834	-42.701042
581.396484	-42.056374
584.088135	-45.385117
586.779785	-44.376404
589.471436	-43.570187
592.163086	-45.481125
594.854736	-43.306557
597.546387	-44.035027
600.238037	-44.043072
602.929688	-44.401463
605.621338	-44.059345
608.312988	-44.177532
611.004639	-42.649967
613.696289	-44.354698
616.387939	-42.817669
619.079590	-43.209259
621.771240	-43.719620
624.462891	-44.569550
627.154541	-43.890259
629.846191	-43.575764
632.537842	-44.821548
635.229492	-44.778118
637.921143	-43.414074
640.612793	-43.872890
643.304443	-44.131927
645.996094	-45.425056
648.687744	-44.463570
651.379395	-43.178761
654.071045	-44.877438
656.762695	-43.402035
659.454346	-44.561825
662.145996	-44.591118
664.837646	-44.062073
667.529297	-44.857971
670.220947	-44.515366
672.912598	-44.554111
675.604248	-44.206722
678.295898	-44.516460
680.987549	-43.645435
683.679199	-44.652565
686.370850	-44.214382
689.062500	-43.221989
691.754150	-44.997585
694.445801	-43.324833
697.137451	-44.755264
699.829102	-44.085426
702.520752	-44.993649
705.212402	-44.179176
707.904053	-43.102348
710.595703	-44.871910
713.287354	-43.281654
715.979004	-43.246140
718.670654	-44.077324
721.362305	-43.200336
724.053955	-44.112530
726.745605	-43.316750
729.437256	-44.443714
732.128906	-46.422836
734.820557	-43.180351
737.512207	-42.880566
740.203857	-44.993462
742.895508	-43.217808
745.587158	-42.691891
748.278809	-44.076408
750.970459	-43.984306
753.662109	-43.582195
756.353760	-43.662636
759.045410	-43.337929
761.737061	-44.243355
764.428711	-44.835373
767.120361	-43.350143
769.812012	-43.725998
772.503662	-44.341900
775.195312	-43.067780
777.886963	-43.752419
780.578613	-43.785770
783.270264	-43.241993
785.961914	-43.738605
788.653564	-43.562527
791.345215	-44.520042
794.036865	-44.128460
796.728516	-43.151821
799.420166	-42.293255
802.111816	-44.159481
804.803467	-45.099754
807.495117	-45.141190
810.186768	-43.767860
812.878418	-42.766735
815.570068	-43.597919
818.261719	-43.461189
820.953369	-42.724636
823.645020	-42.864994
826.336670	-43.758900
829.028320	-43.565548
831.719971	-43.834373
834.411621	-43.122532
837.103271	-44.120029
839.794922	-42.324219
842.486572	-43.147659
845.178223	-44.403454
847.869873	-44.126839
850.561523	-44.815269
853.253174	-43.413589
855.944824	-43.242073
858.636475	-42.988686
861.328125	-43.161926
864.019775	-43.919407
866.711426	-44.219189
869.403076	-43.804440
872.094727	-43.390423
874.786377	-42.765945
877.478027	-45.292568
880.169678	-43.772308
882.861328	-43.865208
885.552979	-45.595081
888.244629	-44.338806
890.936279	-44.330311
893.627930	-43.455620
896.319580	-43.188488
899.011230	-44.129993
901.702881	-45.054169
904.394531	-46.307682
907.086182	-43.816879
909.777832	-43.343998
912.469482	-43.233936
915.161133	-44.019104
917.852783	-43.882690
920.544434	-44.757977
923.236084	-45.421501
925.927734	-44.117954
928.619385	-45.618774
931.311035	-42.935810
934.002686	-43.355675
936.694336	-44.792332
939.385986	-44.223930
942.077637	-44.161545
944.769287	-43.447712
947.460938	-43.997738
950.152588	-45.249962
952.844238	-44.139191
955.535889	-44.719891
958.227539	-45.619041
960.919189	-44.005314
963.610840	-43.465981
966.302490	-43.827084
968.994141	-44.423485
971.685791	-43.031521
974.377441	-42.592869
977.069092	-42.171970
979.760742	-44.867767
982.452393	-43.801018
985.144043	-44.235344
987.835693	-44.754360
990.527344	-44.620506
993.218994	-43.737103
995.910645	-44.419601
998.602295	-43.529789
1001.293945	-45.319557
1003.985596	-44.698685
1006.677246	-44.513271
1009.368896	-43.734859
1012.060547	-43.924835
1014.752197	-43.894272
1017.443848	-43.389462
1020.135498	-44.290924
1022.827148	-44.308369
1025.518799	-44.256245
1028.210449	-43.623726
1030.902100	-42.892609
1033.593750	-43.887928
1036.285400	-43.646141
1038.977051	-44.446808
1041.668701	-43.070972
1044.360352	-43.803425
1047.052002	-43.998638
1049.743652	-43.312374
1052.435303	-43.538364
1055.126953	-43.724144
1057.818604	-43.709969
1060.510254	-43.322807
1063.201904	-43.550972
1065.893555	-43.568195
1068.585205	-44.161671
1071.276855	-44.112328
1073.968506	-44.270126
1076.660156	-43.125256
1079.351807	-43.235580
1082.043457	-43.082035
1084.735107	-44.172237
1087.426758	-45.301144
1090.118408	-44.981705
1092.810059	-43.496468
1095.501709	-44.960663
1098.193359	-43.998390
1100.885010	-44.517273
1103.576660	-44.094788
1106.268311	-43.273708
1108.959961	-43.447624
1111.651611	-42.694122
1114.343262	-45.268162
1117.034912	-44.349113
1119.726562	-43.701843
1122.418213	-44.892361
1125.109863	-44.476795
1127.801514	-45.661991
1130.493164	-45.272915
1133.184814	-43.583183
1135.876465	-44.723553
1138.568115	-42.401333
1141.259766	-42.354183
1143.951416	-44.132679
1146.643066	-43.897129
1149.334717	-45.578781
1152.026367	-45.540531
1154.718018	-43.994148
1157.409668	-44.201931
1160.101318	-43.337166
1162.792969	-44.059650
1165.484619	-42.591255
1168.176270	-44.439381
1170.867920	-44.313652
1173.559570	-43.227203
1176.251221	-43.540764
1178.942871	-42.453060
1181.634521	-44.482258
1184.326172	-43.808128
1187.017822	-43.414646
1189.709473	-44.172321
1192.401123	-43.601841
1195.092773	-43.904053
1197.784424	-44.423054
1200.476074	-44.248787
1203.167725	-45.186127
1205.859375	-44.438457
1208.551025	-43.442741
1211.242676	-42.375504
1213.934326	-42.960281
1216.625977	-43.835014
1219.317627	-42.534855
1222.009277	-44.128353
1224.700928	-44.285358
1227.392578	-44.142864
1230.084229	-44.216988
1232.775879	-45.454674
1235.467529	-44.153442
1238.159180	-44.095131
1240.850830	-44.405418
1243.542480	-43.593430
1246.234131	-42.739449
1248.925781	-43.642735
1251.617432	-43.689789
1254.309082	-43.055561
1257.000732	-43.925083
1259.692383	-44.386242
1262.384033	-43.145657
1265.075684	-43.299637
1267.767334	-44.364220
1270.458984	-43.965675
1273.150635	-43.019035
1275.842285	-42.862091
1278.533936	-43.459969
1281.225586	-42.718761
1283.917236	-42.547817
1286.608887	-42.753559
1289.300537	-42.871922
1291.992188	-44.123379
1294.683838	-44.738804
1297.375488	-43.419613
1300.067139	-43.399029
1302.758789	-43.522125
1305.450439	-43.022675
1308.142090	-44.921543
1310.833740	-43.856144
1313.525391	-44.873455
1316.217041	-45.834019
1318.908691	-43.295383
1321.600342	-44.657253
1324.291992	-44.966137
1326.983643	-43.452469
1329.675293	-43.094074
1332.366943	-45.750519
1335.058594	-43.897648
1337.750244	-44.937244
1340.441895	-43.099922
1343.133545	-44.672115
1345.825195	-44.710934
1348.516846	-44.191189
1351.208496	-43.696342
1353.900146	-44.628925
1356.591797	-44.478233
1359.283447	-43.624054
1361.975098	-44.025436
1364.666748	-43.452641
1367.358398	-44.934380
1370.050049	-42.319572
1372.741699	-41.994148
1375.433350	-44.181126
1378.125000	-45.069374
1380.816650	-45.125805
1383.508301	-44.561726
1386.199951	-43.719246
1388.891602	-43.180325
1391.583252	-44.296848
1394.274902	-43.710487
1396.966553	-44.106602
1399.658203	-44.347961
1402.349854	-43.467152
1405.041504	-42.841419
1407.733154	-43.718826
1410.424805	-45.104397
1413.116455	-44.020828
1415.808105	-44.322296
1418.499756	-43.036392
1421.191406	-43.980019
1423.883057	-43.276962
1426.574707	-43.466454
1429.266357	-42.611240
1431.958008	-43.243446
1434.649658	-43.539257
1437.341309	-43.376518
1440.032959	-43.727814
1442.724609	-42.772346
1445.416260	-43.377163
1448.107910	-43.940575
1450.799561	-44.495365
1453.491211	-44.076939
1456.182861	-43.460754
1458.874512	-42.847141
1461.566162	-43.456894
1464.257812	-43.036659
1466.949463	-44.222645
1469.641113	-43.144344
1472.332764	-43.729729
1475.024414	-44.689590
1477.716064	-43.707294
1480.407715	-43.241470
1483.099365	-44.604527
1485.791016	-44.007877
1488.482666	-44.580040
1491.174316	-44.921303
1493.865967	-45.760754
1496.557617	-45.365074
1499.249268	-44.093678
1501.940918	-43.568565
1504.632568	-43.823952
1507.324219	-43.897903
1510.015869	-43.342258
1512.707520	-43.725975
1515.399170	-44.065094
1518.090820	-44.263905
1520.782471	-43.395061
1523.474121	-43.796162
1526.165771	-42.520096
1528.857422	-42.514172
1531.549072	-43.369827
1534.240723	-44.458366
1536.932373	-44.827938
1539.624023	-45.373566
1542.315674	-43.976746
1545.007324	-44.481583
1547.698975	-43.573799
1550.390625	-44.661953
1553.082275	-43.729637
1555.773926	-45.149632
1558.465576	-44.736168
1561.157227	-44.410690
1563.848877	-43.315475
1566.540527	-44.409943
1569.232178	-43.620689
1571.923828	-44.680309
1574.615479	-43.006344
1577.307129	-44.051472
1579.998779	-44.504208
1582.690430	-44.523735
1585.382080	-44.145821
1588.073730	-42.593525
1590.765381	-43.228367
1593.457031	-44.470989
1596.148682	-44.161770
1598.840332	-46.024120
1601.531982	-44.256798
1604.223633	-44.277855
1606.915283	-44.380795
1609.606934	-43.260502
1612.298584	-44.175072
1614.990234	-42.393944
1617.681885	-42.908825
1620.373535	-43.607285
1623.065186	-43.677517
1625.756836	-44.120815
1628.448486	-44.594574
1631.140137	-44.260159
1633.831787	-43.590084
1636.523438	-45.073654
1639.215088	-43.102978
1641.906738	-43.789757
1644.598389	-43.863483
1647.290039	-44.682800
1649.981689	-44.143627
1652.673340	-44.703396
1655.364990	-44.903248
1658.056641	-42.853146
1660.748291	-43.648617
1663.439941	-43.577030
1666.131592	-44.285412
1668.823242	-44.975483
1671.514893	-45.083675
1674.206543	-44.283756
1676.898193	-44.151878
1679.589844	-43.439137
1682.281494	-43.439453
1684.973145	-45.178150
1687.664795	-44.001762
1690.356445	-43.810627
1693.048096	-44.697205
1695.739746	-44.129967
1698.431396	-43.579334
1701.123047	-43.875088
1703.814697	-44.468307
1706.506348	-43.867916
1709.197998	-45.052917
1711.889648	-43.241280
1714.581299	-44.129955
1717.272949	-43.185928
1719.964600	-42.433895
1722.656250	-43.786995
1725.347900	-43.127426
1728.039551	-42.046589
1730.731201	-43.720253
1733.422852	-43.711689
1736.114502	-44.126587
1738.806152	-44.827988
1741.497803	-43.770657
1744.189453	-43.778229
1746.881104	-43.358540
1749.572754	-43.995667
1752.264404	-44.222759
1754.956055	-43.616489
1757.647705	-44.725594
1760.339355	-44.553555
1763.031006	-44.593666
1765.722656	-45.105991
1768.414307	-44.903156
1771.105957	-42.895340
1773.797607	-43.787758
1776.489258	-42.529961
1779.180908	-44.068306
1781.872559	-43.932598
1784.564209	-44.849541
1787.255859	-43.407825
1789.947510	-44.959648
1792.639160	-45.024845
1795.330811	-44.213512
1798.022461	-43.296539
1800.714111	-44.299438
1803.405762	-43.500237
1806.097412	-44.114655
1808.789062	-44.603481
1811.480713	-45.108025
1814.172363	-42.643177
1816.864014	-43.854286
1819.555664	-43.837173
1822.247314	-42.976746
1824.938965	-43.081879
1827.630615	-44.693951
1830.322266	-44.001846
1833.013916	-43.359745
1835.705566	-45.526646
1838.397217	-43.819565
1841.088867	-44.116909
1843.780518	-44.973389
1846.472168	-44.541054
1849.163818	-44.965347
1851.855469	-43.954037
1854.547119	-43.737850
1857.238770	-45.355831
1859.930420	-45.591400
1862.622070	-44.359016
1865.313721	-43.465923
1868.005371	-44.244217
1870.697021	-43.692383
1873.388672	-43.018234
1876.080322	-43.809429
1878.771973	-42.248089
1881.463623	-44.157249
1884.155273	-45.748325
1886.846924	-44.579967
1889.538574	-43.644863
1892.230225	-44.582123
1894.921875	-45.755280
1897.613525	-44.367489
1900.305176	-44.514980
1902.996826	-43.879749
1905.688477	-43.560421
1908.380127	-45.069973
1911.071777	-43.921719
1913.763428	-43.095993
1916.455078	-43.608856
1919.146729	-43.292347
1921.838379	-44.386730
1924.530029	-43.453377
1927.221680	-42.889812
1929.913330	-43.214664
1932.604980	-44.252647
1935.296631	-42.756084
1937.988281	-44.124233
1940.679932	-43.671722
1943.371582	-43.806190
1946.063232	-44.802170
1948.754883	-44.066509
1951.446533	-43.780727
1954.138184	-44.339115
1956.829834	-44.173634
1959.521484	-42.292259
1962.213135	-43.132156
1964.904785	-44.259369
1967.596436	-43.441635
1970.288086	-44.722713
1972.979736	-44.054916
1975.671387	-44.349125
1978.363037	-44.004498
1981.054688	-42.917339
1983.746338	-43.647835
1986.437988	-44.322540
1989.129639	-43.313553
1991.821289	-42.432655
1994.512939	-43.146992
1997.204590	-44.797997
1999.896240	-45.066692
2002.587891	-44.089054
2005.279541	-44.643417
2007.971191	-43.408211
2010.662842	-44.602291
2013.354492	-44.499077
2016.046143	-42.634438
2018.737793	-44.099640
2021.429443	-44.157063
2024.121094	-44.598022
2026.812744	-43.902733
2029.504395	-44.986263
2032.196045	-44.285488
2034.887695	-44.654991
2037.579346	-43.778809
2040.270996	-43.579075
2042.962646	-45.213623
2045.654297	-42.829578
2048.345947	-43.209557
2051.037598	-42.610531
2053.729248	-43.906334
2056.420898	-43.791862
2059.112549	-43.033440
2061.804199	-43.256191
2064.495850	-43.810749
2067.187500	-44.380116
2069.879150	-44.589939
2072.570801	-44.032066
2075.262451	-43.787842
2077.954102	-43.625572
2080.645752	-45.603760
2083.337402	-44.405266
2086.029053	-44.838520
2088.720703	-42.927761
2091.412354	-44.518776
2094.104004	-43.552818
2096.795654	-44.645782
2099.487305	-44.261795
2102.178955	-43.770515
2104.870605	-44.069462
2107.562256	-44.492588
2110.253906	-44.926376
2112.945557	-44.800877
2115.637207	-44.227249
2118.328857	-44.407017
2121.020508	-44.418381
2123.712158	-43.201885
2126.403809	-43.780991
2129.095459	-44.727291
2131.787109	-44.263401
2134.478760	-43.301598
2137.170410	-43.475048
2139.862061	-44.298702
2142.553711	-43.077366
2145.245361	-42.573853
2147.937012	-43.407234
2150.628662	-44.324234
2153.320312	-43.590225
2156.011963	-43.127777
2158.703613	-43.730865
2161.395264	-43.894051
2164.086914	-44.212036
2166.778564	-44.067688
2169.470215	-44.366177
2172.161865	-44.139526
2174.853516	-43.365490
2177.545166	-43.626282
2180.236816	-43.657692
2182.928467	-44.467148
2185.620117	-42.898727
2188.311768	-43.626724
2191.003418	-44.307724
2193.695068	-43.743618
2196.386719	-46.327747
2199.078369	-42.651958
2201.770020	-43.312225
2204.461670	-43.707176
2207.153320	-43.353592
2209.844971	-42.693878
2212.536621	-43.193062
2215.228271	-44.480301
2217.919922	-44.386787
2220.611572	-43.589775
2223.303223	-44.414776
2225.994873	-45.661114
2228.686523	-44.122452
2231.378174	-44.373077
2234.069824	-44.770645
2236.761475	-44.399914
2239.453125	-43.061672
2242.144775	-44.085812
2244.836426	-44.821323
2247.528076	-43.934067
2250.219727	-43.086807
2252.911377	-44.079208
2255.603027	-44.276295
2258.294678	-43.454643
2260.986328	-43.920368
2263.677979	-43.715046
2266.369629	-43.444836
2269.061279	-44.318504
2271.752930	-45.150967
2274.444580	-44.048054
2277.136230	-44.183155
2279.827881	-42.705284
2282.519531	-43.867668
2285.211182	-43.364620
2287.902832	-43.340569
2290.594482	-44.287090
2293.286133	-43.139431
2295.977783	-44.249229
2298.669434	-44.908073
2301.361084	-45.129246
2304.052734	-43.478535
2306.744385	-43.707138
2309.436035	-45.235207
2312.127686	-44.087181
2314.819336	-43.351109
2317.510986	-43.840866
2320.202637	-44.745102
2322.894287	-45.147366
2325.585938	-43.916149
2328.277588	-43.281956
2330.969238	-44.544167
2333.660889	-43.691540
2336.352539	-42.899704
2339.044189	-42.505802
2341.735840	-43.028000
2344.427490	-45.589405
2347.119141	-42.651970
2349.810791	-43.231537
2352.502441	-44.080360
2355.194092	-45.356926
2357.885742	-44.516499
2360.577393	-43.975861
2363.269043	-45.380299
2365.960693	-43.687859
2368.652344	-44.796093
2371.343994	-44.133495
2374.035645	-43.670208
2376.727295	-43.667377
2379.418945	-44.626686
2382.110596	-45.738960
2384.802246	-43.930229
2387.493896	-43.386288
2390.185547	-45.243225
2392.877197	-43.814037
2395.568848	-43.468765
2398.260498	-43.197281
2400.952148	-43.411598
2403.643799	-42.343445
2406.335449	-44.048111
2409.027100	-43.529160
2411.718750	-45.280285
2414.410400	-43.254951
2417.102051	-43.222771
2419.793701	-43.379929
2422.485352	-42.922012
2425.177002	-43.173603
2427.868652	-45.485138
2430.560303	-44.689899
2433.251953	-43.148903
2435.943604	-43.054108
2438.635254	-45.132488
2441.326904	-43.123981
2444.018555	-43.803070
2446.710205	-44.727425
2449.401855	-44.152634
2452.093506	-45.258606
2454.785156	-44.633842
2457.476807	-45.815815
2460.168457	-44.671745
2462.860107	-44.032974
2465.551758	-43.447033
2468.243408	-43.771576
2470.935059	-44.678043
2473.626709	-45.402775
2476.318359	-44.413681
2479.010010	-44.306839
2481.701660	-44.062218
2484.393311	-43.395882
2487.084961	-43.413799
2489.776611	-42.892998
2492.468262	-44.983257
2495.159912	-44.199562
2497.851562	-45.984306
2500.543213	-44.434151
2503.234863	-45.061386
2505.926514	-44.115685
2508.618164	-44.925961
2511.309814	-43.941219
2514.001465	-42.872780
2516.693115	-43.301144
2519.384766	-43.387665
2522.076416	-45.333149
2524.768066	-44.648010
2527.459717	-43.667568
2530.151367	-45.776672
2532.843018	-44.569580
2535.534668	-43.731564
2538.226318	-45.252785
2540.917969	-46.192928
2543.609619	-45.103764
2546.301270	-45.307102
2548.992920	-44.781502
2551.684570	-44.564217
2554.376221	-44.811153
2557.067871	-45.455242
2559.759521	-44.100529
2562.451172	-43.701000
2565.142822	-43.307915
2567.834473	-45.351833
2570.526123	-44.065434
2573.217773	-44.080242
2575.909424	-42.594074
2578.601074	-43.617359
2581.292725	-43.708462
2583.984375	-42.944691
2586.676025	-43.920723
2589.367676	-43.927437
2592.059326	-44.636536
2594.750977	-44.404705
2597.442627	-44.312160
2600.134277	-45.414608
2602.825928	-43.338539
2605.517578	-44.466835
2608.209229	-43.496132
2610.900879	-43.558929
2613.592529	-44.666420
2616.284180	-43.449997
2618.975830	-44.336708
2621.667480	-46.233490
2624.359131	-44.046692
2627.050781	-42.504868
2629.742432	-44.055592
2632.434082	-45.508839
2635.125732	-44.115742
2637.817383	-42.743347
2640.509033	-42.757023
2643.200684	-44.626907
2645.892334	-43.783047
2648.583984	-43.853882
2651.275635	-44.392281
2653.967285	-46.003181
2656.658936	-41.795692
2659.350586	-44.651703
2662.042236	-43.819828
2664.733887	-44.671265
2667.425537	-43.175148
2670.117188	-43.134995
2672.808838	-43.865540
2675.500488	-44.844433
2678.192139	-44.010906
2680.883789	-44.354885
2683.575439	-43.657833
2686.267090	-43.268837
2688.958740	-43.499283
2691.650391	-44.699116
2694.342041	-44.425259
2697.033691	-43.992847
2699.725342	-43.123329
2702.416992	-45.065407
2705.108643	-43.626144
2707.800293	-44.682129
2710.491943	-45.197357
2713.183594	-44.380840
2715.875244	-44.867992
2718.566895	-43.980927
2721.258545	-43.073380
2723.950195	-44.683132
2726.641846	-44.184734
2729.333496	-44.691299
2732.025146	-42.708614
2734.716797	-45.088623
2737.408447	-43.555962
2740.100098	-43.714302
2742.791748	-42.442085
2745.483398	-43.967499
2748.175049	-44.215649
2750.866699	-44.233299
2753.558350	-44.394684
2756.250000	-44.394745
2758.941650	-45.003338
2761.633301	-44.071976
2764.324951	-44.662888
2767.016602	-43.223305
2769.708252	-44.571293
2772.399902	-44.321556
2775.091553	-43.769897
2777.783203	-43.056557
2780.474854	-43.500687
2783.166504	-43.488159
2785.858154	-44.556274
2788.549805	-43.278984
2791.241455	-44.398399
2793.933105	-43.410099
2796.624756	-43.793251
2799.316406	-43.507259
2802.008057	-42.581539
2804.699707	-44.425365
2807.391357	-44.287331
2810.083008	-43.493557
2812.774658	-42.948956
2815.466309	-43.337154
2818.157959	-44.997547
2820.849609	-44.194653
2823.541260	-44.157585
2826.232910	-42.882149
2828.924561	-44.198406
2831.616211	-43.539970
2834.307861	-43.414303
2836.999512	-43.876003
2839.691162	-45.273640
2842.382812	-44.056915
2845.074463	-43.715603
2847.766113	-44.514771
2850.457764	-44.766869
2853.149414	-44.259090
2855.841064	-43.601151
2858.532715	-44.549149
2861.224365	-44.773094
2863.916016	-43.807728
2866.607666	-44.513916
2869.299316	-42.471741
2871.990967	-43.549873
2874.682617	-44.282326
2877.374268	-45.301399
2880.065918	-43.936340
2882.757568	-44.893929
2885.449219	-46.740685
2888.140869	-46.105427
2890.832520	-43.399239
2893.524170	-43.662804
2896.215820	-44.117680
2898.907471	-44.625011
2901.599121	-44.680832
2904.290771	-43.694393
2906.982422	-44.375774
2909.674072	-43.811062
2912.365723	-43.981071
2915.057373	-44.225300
2917.749023	-43.608833
2920.440674	-43.254585
2923.132324	-44.669735
2925.823975	-45.596073
2928.515625	-43.003754
2931.207275	-44.472145
2933.898926	-44.103222
2936.590576	-44.907089
2939.282227	-44.913765
2941.973877	-45.694984
2944.665527	-45.677425
2947.357178	-44.199863
2950.048828	-45.466595
2952.740479	-43.444523
2955.432129	-43.387634
2958.123779	-43.375885
2960.815430	-44.022690
2963.507080	-45.291138
2966.198730	-44.484249
2968.890381	-43.780804
2971.582031	-44.473976
2974.273682	-44.561981
2976.965332	-43.195896
2979.656982	-44.294075
2982.348633	-44.037228
2985.040283	-44.089321
2987.731934	-43.765179
2990.423584	-43.375385
2993.115234	-44.360252
2995.806885	-43.753235
2998.498535	-42.897701
3001.190186	-43.533108
3003.881836	-44.469090
3006.573486	-44.298485
3009.265137	-43.488293
3011.956787	-44.283161
3014.648438	-43.746994
3017.340088	-42.997055
3020.031738	-42.734070
3022.723389	-43.323303
3025.415039	-42.050159
3028.106689	-44.077206
3030.798340	-45.005558
3033.489990	-44.411507
3036.181641	-44.953274
3038.873291	-44.661556
3041.564941	-44.119308
3044.256592	-45.487057
3046.948242	-44.531872
3049.639893	-42.701523
3052.331543	-43.412678
3055.023193	-44.093063
3057.714844	-43.508549
3060.406494	-43.868446
3063.098145	-44.255650
3065.789795	-43.419765
3068.481445	-44.529854
3071.173096	-44.400684
3073.864746	-42.717705
3076.556396	-44.131092
3079.248047	-44.807686
3081.939697	-43.464325
3084.631348	-43.676350
3087.322998	-43.358727
3090.014648	-42.243652
3092.706299	-43.693275
3095.397949	-44.450417
3098.089600	-43.731365
3100.781250	-43.880325
3103.472900	-44.975098
3106.164551	-43.236771
3108.856201	-44.022545
3111.547852	-42.459175
3114.239502	-44.540287
3116.931152	-42.797859
3119.622803	-43.383022
3122.314453	-43.838516
3125.006104	-44.011265
3127.697754	-43.439220
3130.389404	-43.057613
3133.081055	-44.669621
3135.772705	-45.536613
3138.464355	-44.057533
3141.156006	-44.362926
3143.847656	-45.063534
3146.539307	-43.651688
3149.230957	-44.001545
3151.922607	-45.384411
3154.614258	-44.132927
3157.305908	-42.821491
3159.997559	-45.196774
3162.689209	-44.268467
3165.380859	-44.601067
3168.072510	-43.752224
3170.764160	-45.432037
3173.455811	-44.787968
3176.147461	-43.265213
3178.839111	-45.073975
3181.530762	-43.224068
3184.222412	-43.690426
3186.914062	-44.324829
3189.605713	-44.941734
3192.297363	-44.308434
3194.989014	-43.598026
3197.680664	-43.940369
3200.372314	-44.455311
3203.063965	-44.870110
3205.755615	-44.094860
3208.447266	-43.441765
3211.138916	-44.074070
3213.830566	-43.672260
3216.522217	-43.301117
3219.213867	-42.976044
3221.905518	-43.947842
3224.597168	-43.681004
3227.288818	-42.689507
3229.980469	-43.275772
3232.672119	-45.899784
3235.363770	-45.068855
3238.055420	-44.826801
3240.747070	-44.965706
3243.438721	-45.035702
3246.130371	-45.162575
3248.822021	-43.556324
3251.513672	-43.369190
3254.205322	-42.911884
3256.896973	-44.195839
3259.588623	-43.331650
3262.280273	-44.221123
3264.971924	-44.171513
3267.663574	-43.196499
3270.355225	-43.664219
3273.046875	-43.333725
3275.738525	-44.190620
3278.430176	-44.706211
3281.121826	-43.870319
3283.813477	-42.603706
3286.505127	-44.861660
3289.196777	-44.098465
3291.888428	-43.451839
3294.580078	-42.589272
3297.271729	-43.717606
3299.963379	-43.303215
3302.655029	-42.513702
3305.346680	-43.275990
3308.038330	-44.588322
3310.729980	-44.033318
3313.421631	-44.547520
3316.113281	-44.192898
3318.804932	-44.684929
3321.496582	-43.139893
3324.188232	-44.639549
3326.879883	-45.050388
3329.571533	-42.799622
3332.263184	-44.630112
3334.954834	-43.279911
3337.646484	-44.466019
3340.338135	-43.741955
3343.029785	-44.381752
3345.721436	-43.419441
3348.413086	-44.631241
3351.104736	-45.720051
3353.796387	-45.454868
3356.488037	-45.278313
3359.179688	-42.798431
3361.871338	-43.561447
3364.562988	-43.283123
3367.254639	-44.167091
3369.946289	-43.180290
3372.637939	-45.549267
3375.329590	-43.587700
3378.021240	-43.807220
3380.712891	-44.052429
3383.404541	-42.837299
3386.096191	-43.973892
3388.787842	-44.510300
3391.479492	-45.026016
3394.171143	-43.933887
3396.862793	-43.343143
3399.554443	-43.450069
3402.246094	-45.835804
3404.937744	-45.624825
3407.629395	-44.265785
3410.321045	-45.739109
3413.012695	-43.325279
3415.704346	-43.895668
3418.395996	-44.856419
3421.087646	-44.302647
3423.779297	-42.705215
3426.470947	-43.854683
3429.162598	-43.834740
3431.854248	-43.842274
3434.545898	-43.893566
3437.237549	-44.342579
3439.929199	-44.423637
3442.620850	-43.665039
3445.312500	-43.737179
3448.004150	-43.714237
3450.695801	-44.259586
3453.387451	-45.147057
3456.079102	-43.724400
3458.770752	-43.300648
3461.462402	-44.508286
3464.154053	-44.471607
3466.845703	-43.156494
3469.537354	-42.854130
3472.229004	-44.108486
3474.920654	-42.908493
3477.612305	-44.272263
3480.303955	-43.276749
3482.995605	-43.929794
3485.687256	-44.470829
3488.378906	-43.523224
3491.070557	-44.277863
3493.762207	-42.667759
3496.453857	-43.782104
3499.145508	-45.462006
3501.837158	-43.467655
3504.528809	-44.055931
3507.220459	-45.165630
3509.912109	-42.852398
3512.603760	-43.137211
3515.295410	-42.943623
3517.987061	-44.093330
3520.678711	-44.508823
3523.370361	-43.554180
3526.062012	-43.204899
3528.753662	-43.918270
3531.445312	-44.960697
3534.136963	-44.421371
3536.828613	-43.160118
3539.520264	-43.215870
3542.211914	-43.407291
3544.903564	-43.229511
3547.595215	-43.934990
3550.286865	-43.215504
3552.978516	-43.550613
3555.670166	-42.904636
3558.361816	-42.854778
3561.053467	-43.546082
3563.745117	-44.542446
3566.436768	-44.132656
3569.128418	-44.876465
3571.820068	-43.653725
3574.511719	-43.778778
3577.203369	-43.135059
3579.895020	-44.249065
3582.586670	-44.436478
3585.278320	-43.306652
3587.969971	-42.868752
3590.661621	-42.580307
3593.353271	-43.669128
3596.044922	-43.507076
3598.736572	-43.913677
3601.428223	-44.786842
3604.119873	-43.971825
3606.811523	-45.647800
3609.503174	-44.329044
3612.194824	-43.598957
3614.886475	-44.450294
3617.578125	-43.165001
3620.269775	-45.367870
3622.961426	-42.777756
3625.653076	-43.962093
3628.344727	-43.867588
3631.036377	-43.467262
3633.728027	-44.004566
3636.419678	-44.001896
3639.111328	-44.160793
3641.802979	-43.661457
3644.494629	-46.672462
3647.186279	-44.292545
3649.877930	-44.060074
3652.569580	-44.835510
3655.261230	-44.319359
3657.952881	-43.600883
3660.644531	-42.952000
3663.336182	-43.278625
3666.027832	-43.731461
3668.719482	-43.256233
3671.411133	-44.021755
3674.102783	-42.634174
3676.794434	-43.575470
3679.486084	-43.584930
3682.177734	-44.279491
3684.869385	-43.926846
3687.561035	-43.980637
3690.252686	-43.908073
3692.944336	-43.604572
3695.635986	-44.681942
3698.327637	-43.010094
3701.019287	-44.498226
3703.710938	-45.323822
3706.402588	-45.386997
3709.094238	-43.764229
3711.785889	-42.620743
3714.477539	-43.866302
3717.169189	-44.548698
3719.860840	-43.698460
3722.552490	-44.300491
3725.244141	-43.004513
3727.935791	-44.014442
3730.627441	-43.884361
3733.319092	-44.544430
3736.010742	-43.427956
3738.702393	-43.569744
3741.394043	-44.081429
3744.085693	-44.815624
3746.777344	-43.316322
3749.468994	-44.707428
3752.160645	-43.725819
3754.852295	-42.763874
3757.543945	-44.239307
3760.235596	-44.609268
3762.927246	-43.483585
3765.618896	-43.170170
3768.310547	-44.266163
3771.002197	-43.654846
3773.693848	-44.175297
3776.385498	-43.999779
3779.077148	-43.231422
3781.768799	-44.387585
3784.460449	-44.196136
3787.152100	-43.548904
3789.843750	-44.914074
3792.535400	-44.244473
3795.227051	-44.812958
3797.918701	-45.307423
3800.610352	-43.820641
3803.302002	-43.778835
3805.993652	-43.670540
3808.685303	-44.042713
3811.376953	-43.823227
3814.068604	-44.608521
3816.760254	-43.420284
3819.451904	-42.944847
3822.143555	-43.653622
3824.835205	-43.712406
3827.526855	-43.158760
3830.218506	-45.084293
3832.910156	-44.032520
3835.601807	-43.922203
3838.293457	-44.336681
3840.985107	-42.936909
3843.676758	-43.290428
3846.368408	-43.788887
3849.060059	-44.739857
3851.751709	-43.781406
3854.443359	-43.328850
3857.135010	-45.673744
3859.826660	-44.737072
3862.518311	-43.972305
3865.209961	-42.655937
3867.901611	-43.343262
3870.593262	-44.169292
3873.284912	-43.519512
3875.976562	-43.880512
3878.668213	-44.698215
3881.359863	-44.031487
3884.051514	-44.958149
3886.743164	-44.849907
3889.434814	-44.382359
3892.126465	-43.570896
3894.818115	-43.699749
3897.509766	-42.851112
3900.201416	-44.415615
3902.893066	-44.318329
3905.584717	-42.442783
3908.276367	-43.198471
3910.968018	-43.821106
3913.659668	-43.658577
3916.351318	-42.418751
3919.042969	-43.554619
3921.734619	-42.293327
3924.426270	-43.299858
3927.117920	-44.116684
3929.809570	-44.352654
3932.501221	-43.589710
3935.192871	-43.529861
3937.884521	-43.641609
3940.576172	-43.376842
3943.267822	-44.581516
3945.959473	-44.954216
3948.651123	-44.585632
3951.342773	-43.814465
3954.034424	-43.075611
3956.726074	-44.027050
3959.417725	-44.982494
3962.109375	-44.074303
3964.801025	-43.477219
3967.492676	-43.678001
3970.184326	-43.605354
3972.875977	-43.679596
3975.567627	-43.698566
3978.259277	-43.231773
3980.950928	-44.250332
3983.642578	-43.548004
3986.334229	-44.638824
3989.025879	-43.746922
3991.717529	-43.874916
3994.409180	-43.025661
3997.100830	-42.621223
3999.792480	-43.664322
4002.484131	-43.954983
4005.175781	-43.946171
4007.867432	-45.061291
4010.559082	-43.540749
4013.250732	-45.726330
4015.942383	-44.127167
4018.634033	-43.554012
4021.325684	-44.632515
4024.017334	-42.985699
4026.708984	-43.434643
4029.400635	-43.213760
4032.092285	-43.285496
4034.783936	-43.529652
4037.475586	-44.059406
4040.167236	-42.964207
4042.858887	-43.761017
4045.550537	-43.502010
4048.242188	-44.214619
4050.933838	-43.058201
4053.625488	-43.592575
4056.317139	-43.525417
4059.008789	-43.645344
4061.700439	-44.295959
4064.392090	-44.539490
4067.083740	-44.424397
4069.775391	-46.446907
4072.467041	-44.458439
4075.158691	-43.724300
4077.850342	-45.013050
4080.541992	-43.268532
4083.233643	-43.898399
4085.925293	-43.478664
4088.616943	-44.082066
4091.308594	-44.010597
4094.000244	-44.110165
4096.691895	-43.209343
4099.383545	-43.422653
4102.075195	-43.379803
4104.766846	-43.611507
4107.458496	-42.765774
4110.150146	-44.746342
4112.841797	-44.384880
4115.533447	-44.403316
4118.225098	-44.796257
4120.916748	-43.239632
4123.608398	-43.503929
4126.300049	-43.754356
4128.991699	-44.217510
4131.683350	-43.251308
4134.375000	-44.029781
4137.066650	-44.930393
4139.758301	-44.754444
4142.449951	-43.868370
4145.141602	-44.217384
4147.833252	-44.738888
4150.524902	-42.828171
4153.216553	-43.035843
4155.908203	-44.975399
4158.599854	-44.696053
4161.291504	-43.418713
4163.983154	-43.075436
4166.674805	-43.152229
4169.366455	-43.569683
4172.058105	-44.577744
4174.749756	-43.301151
4177.441406	-44.871300
4180.133057	-43.955555
4182.824707	-44.015251
4185.516357	-44.612404
4188.208008	-44.276337
4190.899658	-42.701431
4193.591309	-44.391914
4196.282959	-45.919872
4198.974609	-44.191769
4201.666260	-43.573612
4204.357910	-43.253643
4207.049561	-43.958542
4209.741211	-42.761799
4212.432861	-44.895641
4215.124512	-42.542934
4217.816162	-44.217590
4220.507812	-42.614418
4223.199463	-43.224266
4225.891113	-44.156422
4228.582764	-42.874104
4231.274414	-44.141121
4233.966064	-43.782661
4236.657715	-44.793037
4239.349365	-43.574837
4242.041016	-44.046288
4244.732666	-44.193523
4247.424316	-42.931023
4250.115967	-44.501694
4252.807617	-43.643982
4255.499268	-44.738628
4258.190918	-44.817123
4260.882568	-44.746243
4263.574219	-44.298306
4266.265869	-44.228451
4268.957520	-44.045849
4271.649170	-42.571621
4274.340820	-43.431610
4277.032471	-44.411888
4279.724121	-44.033703
4282.415771	-43.998123
4285.107422	-43.693977
4287.799072	-43.955391
4290.490723	-46.147346
4293.182373	-44.195126
4295.874023	-44.547745
4298.565674	-42.876019
4301.257324	-44.606350
4303.948975	-45.141495
4306.640625	-44.089577
4309.332275	-44.386570
4312.023926	-43.959522
4314.715576	-43.617825
4317.407227	-43.688641
4320.098877	-44.379509
4322.790527	-43.926117
4325.482178	-42.951313
4328.173828	-43.287380
4330.865479	-43.749470
4333.557129	-43.279774
4336.248779	-43.141659
4338.940430	-42.895016
4341.632080	-43.994068
4344.323730	-44.395142
4347.015381	-43.932259
4349.707031	-43.587585
4352.398682	-44.777206
4355.090332	-43.937302
4357.781982	-43.590099
4360.473633	-44.444038
4363.165283	-44.070801
4365.856934	-43.483273
4368.548584	-43.059296
4371.240234	-43.799637
4373.931885	-44.017044
4376.623535	-43.529408
4379.315186	-44.831432
4382.006836	-43.176189
4384.698486	-43.251804
4387.390137	-44.211071
4390.081787	-42.285976
4392.773438	-43.938618
4395.465088	-44.150887
4398.156738	-44.813557
4400.848389	-43.975639
4403.540039	-44.375546
4406.231689	-42.995026
4408.923340	-44.050846
4411.614990	-43.190304
4414.306641	-44.327957
4416.998291	-44.579659
4419.689941	-43.629677
4422.381592	-43.120232
4425.073242	-43.485233
4427.764893	-41.898159
4430.456543	-44.819157
4433.148193	-44.837475
4435.839844	-43.174885
4438.531494	-43.459885
4441.223145	-44.375195
4443.914795	-43.936855
4446.606445	-44.179520
4449.298096	-44.349026
4451.989746	-42.981178
4454.681396	-43.596085
4457.373047	-44.189991
4460.064697	-44.380821
4462.756348	-43.665253
4465.447998	-45.212952
4468.139648	-43.637257
4470.831299	-44.123894
4473.522949	-43.896423
4476.214600	-43.323021
4478.906250	-45.237335
4481.597900	-44.144863
4484.289551	-44.044464
4486.981201	-43.864403
4489.672852	-43.398411
4492.364502	-43.132507
4495.056152	-44.626194
4497.747803	-43.197945
4500.439453	-44.642635
4503.131104	-43.003468
4505.822754	-43.266865
4508.514404	-43.032242
4511.206055	-43.136208
4513.897705	-43.863419
4516.589355	-44.728497
4519.281006	-44.168610
4521.972656	-43.556393
4524.664307	-45.100758
4527.355957	-44.447826
4530.047607	-44.400810
4532.739258	-43.883503
4535.430908	-45.078770
4538.122559	-44.852547
4540.814209	-44.831966
4543.505859	-43.959213
4546.197510	-43.897495
4548.889160	-43.956718
4551.580811	-44.054306
4554.272461	-44.492943
4556.964111	-43.766754
4559.655762	-43.474174
4562.347412	-44.015347
4565.039062	-44.803600
4567.730713	-43.916893
4570.422363	-43.845158
4573.114014	-42.519493
4575.805664	-43.218002
4578.497314	-44.026142
4581.188965	-43.389774
4583.880615	-42.344448
4586.572266	-44.021202
4589.263916	-43.638840
4591.955566	-43.909958
4594.647217	-44.604031
4597.338867	-44.466644
4600.030518	-44.315407
4602.722168	-45.186127
4605.413818	-43.900425
4608.105469	-44.689796
4610.797119	-43.937004
4613.488770	-43.213337
4616.180420	-43.936348
4618.872070	-43.620800
4621.563721	-44.452782
4624.255371	-44.785484
4626.947021	-43.936512
4629.638672	-42.130749
4632.330322	-43.002827
4635.021973	-43.901131
4637.713623	-44.263443
4640.405273	-44.295193
4643.096924	-44.779007
4645.788574	-42.585869
4648.480225	-43.058868
4651.171875	-44.425812
4653.863525	-46.334248
4656.555176	-44.815773
4659.246826	-42.655151
4661.938477	-43.850639
4664.630127	-44.934544
4667.321777	-43.315392
4670.013428	-42.764252
4672.705078	-44.715996
4675.396729	-45.495697
4678.088379	-44.579109
4680.780029	-43.905918
4683.471680	-44.521572
4686.163330	-44.148716
4688.854980	-44.234371
4691.546631	-44.351917
4694.238281	-43.973469
4696.929932	-43.807449
4699.621582	-45.118317
4702.313232	-44.690540
4705.004883	-45.129196
4707.696533	-44.029945
4710.388184	-42.703011
4713.079834	-43.263695
4715.771484	-43.771969
4718.463135	-43.783249
4721.154785	-44.683025
4723.846436	-45.931484
4726.538086	-44.302330
4729.229736	-44.934258
4731.921387	-44.295773
4734.613037	-42.903744
4737.304688	-43.607773
4739.996338	-44.791027
4742.687988	-45.271542
4745.379639	-43.555908
4748.071289	-44.330448
4750.762939	-45.951759
4753.454590	-41.998291
4756.146240	-43.352016
4758.837891	-43.127262
4761.529541	-42.740391
4764.221191	-44.120018
4766.912842	-44.178856
4769.604492	-44.054100
4772.296143	-44.224358
4774.987793	-44.889313
4777.679443	-44.348293
4780.371094	-43.465130
4783.062744	-43.884060
4785.754395	-44.710072
4788.446045	-44.256004
4791.137695	-45.215317
4793.829346	-44.846241
4796.520996	-43.955166
4799.212646	-44.507439
4801.904297	-44.121094
4804.595947	-42.592926
4807.287598	-45.280300
4809.979248	-43.693558
4812.670898	-44.954720
4815.362549	-42.586315
4818.054199	-41.988354
4820.745850	-44.744255
4823.437500	-43.855465
4826.129150	-45.205517
4828.820801	-44.342373
4831.512451	-43.837021
4834.204102	-44.447079
4836.895752	-44.337582
4839.587402	-44.664127
4842.279053	-43.489380
4844.970703	-45.631664
4847.662354	-43.562237
4850.354004	-44.050243
4853.045654	-44.040432
4855.737305	-43.039505
4858.428955	-44.532650
4861.120605	-43.964016
4863.812256	-43.990822
4866.503906	-43.753601
4869.195557	-43.728184
4871.887207	-42.892059
4874.578857	-43.888290
4877.270508	-44.652199
4879.962158	-44.745708
4882.653809	-44.518406
4885.345459	-45.507500
4888.037109	-43.559788
4890.728760	-44.288528
4893.420410	-44.323414
4896.112061	-45.606400
4898.803711	-44.658524
4901.495361	-44.334660
4904.187012	-43.618820
4906.878662	-43.466270
4909.570312	-44.167744
4912.261963	-43.461945
4914.953613	-44.431015
4917.645264	-44.871407
4920.336914	-44.087383
4923.028564	-44.146004
4925.720215	-42.493217
4928.411865	-44.692814
4931.103516	-43.212135
4933.795166	-44.148441
4936.486816	-43.291348
4939.178467	-44.471596
4941.870117	-44.258801
4944.561768	-43.874382
4947.253418	-43.882370
4949.945068	-43.040363
4952.636719	-43.604305
4955.328369	-43.395443
4958.020020	-42.688435
4960.711670	-44.585506
4963.403320	-43.881485
4966.094971	-43.453350
4968.786621	-44.083275
4971.478271	-43.746685
4974.169922	-43.708500
4976.861572	-44.109814
4979.553223	-45.958092
4982.244873	-43.608223
4984.936523	-43.111248
4987.628174	-43.290863
4990.319824	-44.634747
4993.011475	-44.573380
4995.703125	-44.649132
4998.394775	-44.085678
5001.086426	-44.159851
5003.778076	-43.371468
5006.469727	-43.712090
5009.161377	-43.742481
5011.853027	-44.429798
5014.544678	-42.815495
5017.236328	-43.597553
5019.927979	-43.525757
5022.619629	-43.446030
5025.311279	-44.554955
5028.002930	-44.654335
5030.694580	-45.326954
5033.386230	-43.334431
5036.077881	-43.878632
5038.769531	-43.356350
5041.461182	-43.692146
5044.152832	-45.189728
5046.844482	-44.389973
5049.536133	-44.132103
5052.227783	-44.142258
5054.919434	-44.663460
5057.611084	-44.260757
5060.302734	-44.475018
5062.994385	-43.969799
5065.686035	-44.928905
5068.377686	-44.849533
5071.069336	-45.326229
5073.760986	-45.493233
5076.452637	-43.451756
5079.144287	-44.358593
5081.835938	-44.026585
5084.527588	-45.206341
5087.219238	-44.896881
5089.910889	-44.135853
5092.602539	-44.094685
5095.294189	-42.391159
5097.985840	-42.921265
5100.677490	-44.115910
5103.369141	-43.114304
5106.060791	-43.337666
5108.752441	-43.612087
5111.444092	-42.271576
5114.135742	-44.629890
5116.827393	-43.458694
5119.519043	-45.174656
5122.210693	-45.099861
5124.902344	-43.300358
5127.593994	-43.319225
5130.285645	-42.743031
5132.977295	-43.381912
5135.668945	-44.349335
5138.360596	-43.752655
5141.052246	-44.473267
5143.743896	-43.471161
5146.435547	-44.486217
5149.127197	-43.594830
5151.818848	-43.291748
5154.510498	-43.052189
5157.202148	-43.711300
5159.893799	-44.019733
5162.585449	-43.773487
5165.277100	-43.066898
5167.968750	-43.629250
5170.660400	-44.645626
5173.352051	-43.709671
5176.043701	-44.687546
5178.735352	-44.851948
5181.427002	-45.648529
5184.118652	-45.328342
5186.810303	-45.162998
5189.501953	-42.920109
5192.193604	-43.448944
5194.885254	-43.475372
5197.576904	-43.045925
5200.268555	-44.140297
5202.960205	-45.835133
5205.651855	-43.676567
5208.343506	-44.992214
5211.035156	-42.763306
5213.726807	-43.257694
5216.418457	-43.881180
5219.110107	-45.091736
5221.801758	-45.423100
5224.493408	-44.920883
5227.185059	-44.778309
5229.876709	-44.746410
5232.568359	-43.472023
5235.260010	-43.199398
5237.951660	-44.086021
5240.643311	-43.976543
5243.334961	-44.231133
5246.026611	-44.314175
5248.718262	-45.064510
5251.409912	-44.183723
5254.101562	-44.553078
5256.793213	-44.304516
5259.484863	-43.636227
5262.176514	-43.460625
5264.868164	-44.107384
5267.559814	-43.200043
5270.251465	-43.094585
5272.943115	-43.655468
5275.634766	-43.373531
5278.326416	-43.442249
5281.018066	-42.739441
5283.709717	-44.020351
5286.401367	-44.448040
5289.093018	-44.513023
5291.784668	-43.872440
5294.476318	-44.477474
5297.167969	-44.652119
5299.859619	-43.169182
5302.551270	-43.177395
5305.242920	-44.046547
5307.934570	-44.316418
5310.626221	-43.449314
5313.317871	-42.901817
5316.009521	-42.925369
5318.701172	-42.493099
5321.392822	-42.905361
5324.084473	-42.194122
5326.776123	-44.272415
5329.467773	-44.598339
5332.159424	-43.680233
5334.851074	-44.464714
5337.542725	-44.947239
5340.234375	-43.585873
5342.926025	-44.031487
5345.617676	-44.404198
5348.309326	-44.129059
5351.000977	-43.762383
5353.692627	-44.731007
5356.384277	-44.527050
5359.075928	-44.241600
5361.767578	-44.118526
5364.459229	-43.664379
5367.150879	-44.076107
5369.842529	-44.171371
5372.534180	-43.291573
5375.225830	-44.174282
5377.917480	-43.744335
5380.609131	-44.098793
5383.300781	-44.475811
5385.992432	-44.006927
5388.684082	-43.349720
5391.375732	-44.803520
5394.067383	-43.987991
5396.759033	-43.590305
5399.450684	-43.085201
5402.142334	-43.947388
5404.833984	-43.279453
5407.525635	-43.783302
5410.217285	-43.607227
5412.908936	-43.113789
5415.600586	-43.897663
5418.292236	-43.362682
5420.983887	-43.409584
5423.675537	-44.716728
5426.367188	-44.014786
5429.058838	-43.695965
5431.750488	-42.068153
5434.442139	-44.015781
5437.133789	-44.047615
5439.825439	-44.029945
5442.517090	-43.503563
5445.208740	-44.430935
5447.900391	-43.800266
5450.592041	-45.171127
5453.283691	-44.040512
5455.975342	-44.630180
5458.666992	-45.216705
5461.358643	-44.435413
5464.050293	-43.125294
5466.741943	-44.305912
5469.433594	-45.261982
5472.125244	-43.750454
5474.816895	-43.707497
5477.508545	-45.070259
5480.200195	-45.557011
5482.891846	-43.548504
5485.583496	-43.371880
5488.275146	-44.815769
5490.966797	-45.234169
5493.658447	-43.896362
5496.350098	-43.955479
5499.041748	-43.108959
5501.733398	-44.342899
5504.425049	-44.234249
5507.116699	-43.038364
5509.808350	-43.060848
5512.500000	-44.591351
5515.191650	-43.605820
5517.883301	-43.016354
5520.574951	-43.282555
5523.266602	-43.656910
5525.958252	-45.110489
5528.649902	-42.909367
5531.341553	-43.162525
5534.033203	-44.362389
5536.724854	-43.255768
5539.416504	-43.925304
5542.108154	-43.769783
5544.799805	-44.829052
5547.491455	-44.848831
5550.183105	-44.115181
5552.874756	-43.952663
5555.566406	-43.257919
5558.258057	-43.170502
5560.949707	-43.920597
5563.641357	-43.452034
5566.333008	-44.950985
5569.024658	-43.423759
5571.716309	-43.493996
5574.407959	-44.576481
5577.099609	-44.797112
5579.791260	-43.606995
5582.482910	-43.483505
5585.174561	-44.397560
5587.866211	-43.676311
5590.557861	-42.977657
5593.249512	-43.320709
5595.941162	-41.877747
5598.632812	-43.658741
5601.324463	-44.471107
5604.016113	-43.725113
5606.707764	-46.057110
5609.399414	-44.278900
5612.091064	-43.934185
5614.782715	-44.910446
5617.474365	-45.091972
5620.166016	-44.029613
5622.857666	-44.470280
5625.549316	-43.784775
5628.240967	-43.731583
5630.932617	-43.485847
5633.624268	-43.839870
5636.315918	-44.505993
5639.007568	-45.706013
5641.699219	-45.134888
5644.390869	-44.146206
5647.082520	-43.863415
5649.774170	-44.148460
5652.465820	-44.455528
5655.157471	-43.706020
5657.849121	-43.606094
5660.540771	-43.769810
5663.232422	-43.164108
5665.924072	-43.970158
5668.615723	-43.701752
5671.307373	-44.103046
5673.999023	-44.675293
5676.690674	-44.124794
5679.382324	-43.416824
5682.073975	-42.198139
5684.765625	-45.016659
5687.457275	-43.732502
5690.148926	-44.758175
5692.840576	-44.682499
5695.532227	-44.607880
5698.223877	-44.719055
5700.915527	-44.569538
5703.607178	-45.258373
5706.298828	-43.204689
5708.990479	-44.332901
5711.682129	-45.864677
5714.373779	-44.426376
5717.065430	-43.244152
5719.757080	-44.983391
5722.448730	-44.104256
5725.140381	-45.023880
5727.832031	-44.548519
5730.523682	-43.013985
5733.215332	-44.344223
5735.906982	-44.268448
5738.598633	-44.615128
5741.290283	-42.841713
5743.981934	-43.723515
5746.673584	-44.137432
5749.365234	-44.091072
5752.056885	-43.286827
5754.748535	-43.047737
5757.440186	-43.945621
5760.131836	-43.457611
5762.823486	-43.656075
5765.515137	-45.252010
5768.206787	-44.590820
5770.898438	-43.509205
5773.590088	-43.807926
5776.281738	-43.518375
5778.973389	-43.971127
5781.665039	-43.953720
5784.356689	-44.397251
5787.048340	-44.290878
5789.739990	-44.230419
5792.431641	-44.210381
5795.123291	-43.946678
5797.814941	-43.801327
5800.506592	-45.306698
5803.198242	-44.660252
5805.889893	-43.159611
5808.581543	-44.940670
5811.273193	-42.411369
5813.964844	-41.981739
5816.656494	-44.001305
5819.348145	-43.160526
5822.039795	-43.859402
5824.731445	-43.819397
5827.423096	-44.204197
5830.114746	-44.754810
5832.806396	-44.439133
5835.498047	-44.332294
5838.189697	-44.942871
5840.881348	-44.250488
5843.572998	-44.589485
5846.264648	-43.891865
5848.956299	-43.503075
5851.647949	-44.616947
5854.339600	-45.626747
5857.031250	-44.068260
5859.722900	-43.814857
5862.414551	-42.654457
5865.106201	-43.219883
5867.797852	-44.057507
5870.489502	-44.592857
5873.181152	-43.475155
5875.872803	-43.172951
5878.564453	-43.007225
5881.256104	-44.577988
5883.947754	-42.872990
5886.639404	-43.941868
5889.331055	-43.118793
5892.022705	-44.363205
5894.714355	-44.705589
5897.406006	-45.729416
5900.097656	-45.610382
5902.789307	-43.319790
5905.480957	-43.439800
5908.172607	-44.182316
5910.864258	-43.860069
5913.555908	-43.741249
5916.247559	-44.524059
5918.939209	-43.691639
5921.630859	-42.941994
5924.322510	-43.507427
5927.014160	-43.864738
5929.705811	-42.869480
5932.397461	-44.242249
5935.089111	-43.447567
5937.780762	-43.328697
5940.472412	-43.332977
5943.164062	-44.660591
5945.855713	-44.503304
5948.547363	-42.998219
5951.239014	-44.615295
5953.930664	-44.415371
5956.622314	-43.455429
5959.313965	-45.360996
5962.005615	-45.278969
5964.697266	-44.827625
5967.388916	-43.477642
5970.080566	-43.575867
5972.772217	-44.013020
5975.463867	-44.062286
5978.155518	-44.148067
5980.847168	-43.687397
5983.538818	-42.488403
5986.230469	-42.724003
5988.922119	-42.932316
5991.613770	-43.207253
5994.305420	-43.401447
5996.997070	-43.186085
5999.688721	-43.578068
6002.380371	-43.675785
6005.072021	-44.785500
6007.763672	-43.243309
6010.455322	-43.839706
6013.146973	-44.003304
6015.838623	-42.991173
6018.530273	-43.312550
6021.221924	-44.032555
6023.913574	-43.888401
6026.605225	-44.105724
6029.296875	-43.649277
6031.988525	-45.118771
6034.680176	-44.586720
6037.371826	-45.152374
6040.063477	-43.971214
6042.755127	-45.019413
6045.446777	-43.811317
6048.138428	-43.110958
6050.830078	-44.499760
6053.521729	-43.114353
6056.213379	-43.762405
6058.905029	-43.731487
6061.596680	-45.858532
6064.288330	-44.507641
6066.979980	-44.538441
6069.671631	-43.265343
6072.363281	-43.876781
6075.054932	-43.663658
6077.746582	-43.599701
6080.438232	-43.264912
6083.129883	-42.414116
6085.821533	-44.091072
6088.513184	-44.336864
6091.204834	-43.921856
6093.896484	-45.720955
6096.588135	-42.791946
6099.279785	-44.292244
6101.971436	-44.401024
6104.663086	-42.745422
6107.354736	-44.927078
6110.046387	-45.418819
6112.738037	-45.209156
6115.429688	-44.433449
6118.121338	-43.755180
6120.812988	-44.085098
6123.504639	-43.246498
6126.196289	-43.973175
6128.887939	-43.240219
6131.579590	-44.564175
6134.271240	-44.928333
6136.962891	-43.703815
6139.654541	-43.407738
6142.346191	-44.624756
6145.037842	-43.885735
6147.729492	-44.363842
6150.421143	-43.970627
6153.112793	-44.069881
6155.804443	-44.215439
6158.496094	-44.886753
6161.187744	-45.079754
6163.879395	-44.909225
6166.571045	-44.381481
6169.262695	-45.551136
6171.954346	-44.005657
6174.645996	-44.380581
6177.337646	-44.829956
6180.029297	-42.819813
6182.720947	-45.111664
6185.412598	-44.400604
6188.104248	-44.955917
6190.795898	-43.958157
6193.487549	-43.849854
6196.179199	-43.313297
6198.870850	-42.818520
6201.562500	-44.071754
6204.254150	-43.658073
6206.945801	-43.684589
6209.637451	-43.299522
6212.329102	-44.580204
6215.020752	-43.701530
6217.712402	-44.749081
6220.404053	-44.155975
6223.095703	-43.157921
6225.787354	-44.514168
6228.479004	-43.162239
6231.170654	-43.484898
6233.862305	-43.742420
6236.553955	-44.109928
6239.245605	-44.526730
6241.937256	-44.680256
6244.628906	-45.353680
6247.320557	-44.331139
6250.012207	-45.402725
6252.703857	-44.296329
6255.395508	-43.916534
6258.087158	-44.294903
6260.778809	-44.643990
6263.470459	-44.854015
6266.162109	-44.285156
6268.853760	-43.493206
6271.545410	-45.075516
6274.237061	-42.804913
6276.928711	-43.074474
6279.620361	-45.267399
6282.312012	-44.046509
6285.003662	-42.379959
6287.695312	-44.354992
6290.386963	-43.986320
6293.078613	-43.516228
6295.770264	-43.576813
6298.461914	-43.926750
6301.153564	-43.163460
6303.845215	-43.038734
6306.536865	-43.365387
6309.228516	-44.204418
6311.920166	-43.160545
6314.611816	-43.574303
6317.303467	-44.896946
6319.995117	-44.330917
6322.686768	-43.598232
6325.378418	-44.455925
6328.070068	-43.879375
6330.761719	-43.558929
6333.453369	-43.357868
6336.145020	-43.426521
6338.836670	-44.148804
6341.528320	-44.418240
6344.219971	-42.753815
6346.911621	-44.902485
6349.603271	-45.217400
6352.294922	-44.011723
6354.986572	-42.989647
6357.678223	-44.486603
6360.369873	-42.633358
6363.061523	-43.539082
6365.753174	-43.815266
6368.444824	-43.575405
6371.136475	-44.660740
6373.828125	-42.717468
6376.519775	-43.938313
6379.211426	-43.584507
6381.903076	-43.207794
6384.594727	-45.047062
6387.286377	-43.732788
6389.978027	-44.621876
6392.669678	-44.262691
6395.361328	-43.679310
6398.052979	-43.257477
6400.744629	-43.904716
6403.436279	-44.221024
6406.127930	-43.857479
6408.819580	-43.971157
6411.511230	-43.327152
6414.202881	-43.874447
6416.894531	-44.464836
6419.586182	-44.331142
6422.277832	-44.194057
6424.969482	-42.992157
6427.661133	-44.917259
6430.352783	-44.096294
6433.044434	-43.961918
6435.736084	-43.197201
6438.427734	-43.099705
6441.119385	-44.189919
6443.811035	-44.415836
6446.502686	-44.406796
6449.194336	-42.884308
6451.885986	-44.003361
6454.577637	-44.889408
6457.269287	-44.558609
6459.960938	-45.228256
6462.652588	-43.374813
6465.344238	-42.405132
6468.035889	-44.488594
6470.727539	-44.586620
6473.419189	-43.643616
6476.110840	-42.821018
6478.802490	-45.049152
6481.494141	-43.867962
6484.185791	-43.864151
6486.877441	-43.991257
6489.569092	-43.217915
6492.260742	-44.287693
6494.952393	-42.678635
6497.644043	-44.008408
6500.335693	-44.082863
6503.027344	-44.892147
6505.718994	-42.990726
6508.410645	-44.599640
6511.102295	-44.111179
6513.793945	-43.785339
6516.485596	-44.752487
6519.177246	-44.168243
6521.868896	-43.889164
6524.560547	-43.584743
6527.252197	-44.735912
6529.943848	-44.003677
6532.635498	-43.258846
6535.327148	-45.038208
6538.018799	-44.455433
6540.710449	-43.788502
6543.402100	-43.487144
6546.093750	-42.510460
6548.785400	-43.511059
6551.477051	-45.206169
6554.168701	-42.607494
6556.860352	-44.982956
6559.552002	-44.107044
6562.243652	-44.650860
6564.935303	-44.475887
6567.626953	-44.756454
6570.318604	-43.765770
6573.010254	-43.874081
6575.701904	-44.105553
6578.393555	-44.251835
6581.085205	-43.737892
6583.776855	-44.749626
6586.468506	-43.187122
6589.160156	-42.487614
6591.851807	-43.523399
6594.543457	-44.086994
6597.235107	-43.057877
6599.926758	-43.819836
6602.618408	-44.009815
6605.310059	-43.473156
6608.001709	-44.742516
6610.693359	-43.840965
6613.385010	-43.045197
6616.076660	-43.125317
6618.768311	-45.703110
6621.459961	-43.187866
6624.151611	-43.432240
6626.843262	-44.378426
6629.534912	-44.414371
6632.226562	-43.710548
6634.918213	-45.128490
6637.609863	-43.066917
6640.301514	-44.526875
6642.993164	-45.092022
6645.684814	-43.914867
6648.376465	-44.213272
6651.068115	-43.746449
6653.759766	-44.248726
6656.451416	-43.231579
6659.143066	-43.245838
6661.834717	-44.626568
6664.526367	-45.701466
6667.218018	-44.601555
6669.909668	-44.083744
6672.601318	-42.771309
6675.292969	-43.099995
6677.984619	-44.709251
6680.676270	-44.345444
6683.367920	-43.448296
6686.059570	-44.400349
6688.751221	-43.158897
6691.442871	-44.311741
6694.134521	-44.119717
6696.826172	-43.750938
6699.517822	-43.521149
6702.209473	-44.080376
6704.901123	-44.110725
6707.592773	-44.964169
6710.284424	-42.795517
6712.976074	-43.152500
6715.667725	-43.044361
6718.359375	-43.377335
6721.051025	-43.039677
6723.742676	-43.517178
6726.434326	-44.693504
6729.125977	-43.913765
6731.817627	-44.655594
6734.509277	-45.489899
6737.200928	-44.015293
6739.892578	-43.585426
6742.584229	-44.892296
6745.275879	-44.772419
6747.967529	-43.439842
6750.659180	-43.259449
6753.350830	-44.411674
6756.042480	-44.493690
6758.734131	-42.580296
6761.425781	-42.349800
6764.117432	-42.955666
6766.809082	-43.307495
6769.500732	-43.671253
6772.192383	-42.504345
6774.884033	-42.871613
6777.575684	-44.250683
6780.267334	-44.365894
6782.958984	-43.248917
6785.650635	-42.976986
6788.342285	-42.984097
6791.033936	-45.511581
6793.725586	-44.743652
6796.417236	-46.597080
6799.108887	-43.618797
6801.800537	-43.824448
6804.492188	-44.253464
6807.183838	-43.330605
6809.875488	-43.041508
6812.567139	-44.389229
6815.258789	-43.724148
6817.950439	-43.852032
6820.642090	-44.780453
6823.333740	-45.247364
6826.025391	-45.880516
6828.717041	-43.422802
6831.408691	-45.446613
6834.100342	-46.011002
6836.791992	-44.007030
6839.483643	-42.367668
6842.175293	-44.840328
6844.866943	-43.709877
6847.558594	-43.532383
6850.250244	-44.221642
6852.941895	-44.498081
6855.633545	-42.959778
6858.325195	-45.569767
6861.016846	-43.753300
6863.708496	-43.761124
6866.400146	-43.999668
6869.091797	-44.374779
6871.783447	-43.242683
6874.475098	-44.082287
6877.166748	-44.107204
6879.858398	-43.645405
6882.550049	-44.013474
6885.241699	-43.557869
6887.933350	-44.058895
6890.625000	-42.087643
6893.316650	-44.072781
6896.008301	-44.675125
6898.699951	-43.291187
6901.391602	-42.897633
6904.083252	-44.399670
6906.774902	-44.333344
6909.466553	-44.666233
6912.158203	-43.261604
6914.849854	-45.026653
6917.541504	-43.328140
6920.233154	-44.108444
6922.924805	-42.633575
6925.616455	-43.449532
6928.308105	-43.172237
6930.999756	-44.496372
6933.691406	-42.719608
6936.383057	-44.117458
6939.074707	-43.337719
6941.766357	-43.760914
6944.458008	-43.883873
6947.149658	-42.774361
6949.841309	-43.628712
6952.532959	-43.965107
6955.224609	-43.514748
6957.916260	-43.245403
6960.607910	-44.854286
6963.299561	-43.924335
6965.991211	-44.069286
6968.682861	-44.033276
6971.374512	-43.242836
6974.066162	-45.553272
6976.757812	-45.041225
6979.449463	-45.193985
6982.141113	-42.747482
6984.832764	-43.612274
6987.524414	-44.030720
6990.216064	-44.088493
6992.907715	-42.942017
6995.599365	-43.437347
6998.291016	-43.563553
7000.982666	-43.525421
7003.674316	-43.980732
7006.365967	-43.580082
7009.057617	-44.088722
7011.749268	-42.667202
7014.440918	-42.730549
7017.132568	-43.820095
7019.824219	-43.269558
7022.515869	-45.440945
7025.207520	-45.247276
7027.899170	-43.056862
7030.590820	-43.593227
7033.282471	-43.418430
7035.974121	-43.602856
7038.665771	-43.280354
7041.357422	-43.159309
7044.049072	-44.195873
7046.740723	-43.430759
7049.432373	-43.582176
7052.124023	-45.275578
7054.815674	-44.676735
7057.507324	-44.239853
7060.198975	-44.372063
7062.890625	-44.362015
7065.582275	-43.129200
7068.273926	-42.977100
7070.965576	-43.461212
7073.657227	-44.322739
7076.348877	-44.046288
7079.040527	-44.775246
7081.732178	-44.761971
7084.423828	-43.703457
7087.115479	-43.370144
7089.807129	-43.826004
7092.498779	-45.021793
7095.190430	-42.760082
7097.882080	-42.652573
7100.573730	-43.972988
7103.265381	-43.431675
7105.957031	-43.559410
7108.648682	-43.410156
7111.340332	-42.770519
7114.031982	-45.661686
7116.723633	-42.915707
7119.415283	-44.174175
7122.106934	-45.242718
7124.798584	-42.002060
7127.490234	-43.981537
7130.181885	-43.289318
7132.873535	-43.133720
7135.565186	-44.911545
7138.256836	-43.503212
7140.948486	-43.859859
7143.640137	-44.102913
7146.331787	-44.782143
7149.023438	-43.719566
7151.715088	-44.427696
7154.406738	-43.536903
7157.098389	-43.769924
7159.790039	-44.076347
7162.481689	-44.132069
7165.173340	-43.484390
7167.864990	-43.181129
7170.556641	-44.371418
7173.248291	-43.874508
7175.939941	-43.996494
7178.631592	-44.382759
7181.323242	-43.326752
7184.014893	-43.308964
7186.706543	-44.344540
7189.398193	-43.585560
7192.089844	-43.656616
7194.781494	-44.013294
7197.473145	-42.915382
7200.164795	-45.136646
7202.856445	-45.764202
7205.548096	-43.510284
7208.239746	-44.703499
7210.931396	-44.148067
7213.623047	-43.995537
7216.314697	-42.945808
7219.006348	-44.401752
7221.697998	-43.594231
7224.389648	-45.005756
7227.081299	-43.536873
7229.772949	-43.048004
7232.464600	-42.766701
7235.156250	-43.070084
7237.847900	-44.201820
7240.539551	-44.302708
7243.231201	-43.732384
7245.922852	-44.499428
7248.614502	-43.418484
7251.306152	-43.985058
7253.997803	-43.952240
7256.689453	-43.713757
7259.381104	-44.044117
7262.072754	-43.011528
7264.764404	-44.952347
7267.456055	-44.958179
7270.147705	-44.014679
7272.839355	-43.131668
7275.531006	-43.207138
7278.222656	-43.750019
7280.914307	-44.216702
7283.605957	-42.967720
7286.297607	-42.895870
7288.989258	-43.966480
7291.680908	-44.302242
7294.372559	-43.880196
7297.064209	-43.870831
7299.755859	-44.070457
7302.447510	-43.976086
7305.139160	-44.923378
7307.830811	-45.128265
7310.522461	-43.158947
7313.214111	-43.985600
7315.905762	-42.671291
7318.597412	-43.239761
7321.289062	-43.492310
7323.980713	-44.069962
7326.672363	-43.933762
7329.364014	-43.895092
7332.055664	-43.788883
7334.747314	-43.031700
7337.438965	-43.400425
7340.130615	-44.912449
7342.822266	-44.364304
7345.513916	-43.885380
7348.205566	-44.611984
7350.897217	-43.244541
7353.588867	-45.239441
7356.280518	-44.331738
7358.972168	-44.941864
7361.663818	-43.903278
7364.355469	-43.421097
7367.047119	-43.525013
7369.738770	-43.881016
7372.430420	-43.729164
7375.122070	-43.606178
7377.813721	-43.458824
7380.505371	-42.848129
7383.197021	-44.675495
7385.888672	-43.642895
7388.580322	-44.411774
7391.271973	-44.184563
7393.963623	-45.270264
7396.655273	-45.251068
7399.346924	-43.698856
7402.038574	-44.602592
7404.730225	-44.528393
7407.421875	-44.096855
7410.113525	-43.298622
7412.805176	-43.294716
7415.496826	-45.439224
7418.188477	-45.400642
7420.880127	-43.557178
7423.571777	-43.836292
7426.263428	-44.620354
7428.955078	-43.857643
7431.646729	-44.760845
7434.338379	-43.733444
7437.030029	-44.566063
7439.721680	-44.344486
7442.413330	-43.892700
7445.104980	-43.606091
7447.796631	-44.678593
7450.488281	-43.497982
7453.179932	-43.315304
7455.871582	-44.808792
7458.563232	-44.429695
7461.254883	-43.846142
7463.946533	-43.266266
7466.638184	-44.138134
7469.329834	-44.322083
7472.021484	-43.992542
7474.713135	-44.076561
7477.404785	-43.969940
7480.096436	-43.537102
7482.788086	-45.158367
7485.479736	-45.425732
7488.171387	-44.530823
7490.863037	-43.763760
7493.554688	-43.310627
7496.246338	-43.176182
7498.937988	-45.075336
7501.629639	-43.632866
7504.321289	-43.261108
7507.012939	-43.766449
7509.704590	-43.589359
7512.396240	-44.452511
7515.087891	-43.753529
7517.779541	-44.236835
7520.471191	-45.557201
7523.162842	-44.243561
7525.854492	-43.697380
7528.546143	-44.602688
7531.237793	-44.051479
7533.929443	-43.545208
7536.621094	-43.792625
7539.312744	-44.397022
7542.004395	-43.872993
7544.696045	-44.068306
7547.387695	-46.025616
7550.079346	-43.943272
7552.770996	-44.083904
7555.462646	-43.944859
7558.154297	-43.655354
7560.845947	-43.224022
7563.537598	-43.824444
7566.229248	-44.775742
7568.920898	-43.226585
7571.612549	-43.001518
7574.304199	-43.276253
7576.995850	-43.628490
7579.687500	-44.943542
7582.379150	-44.851921
7585.070801	-44.495571
7587.762451	-44.249706
7590.454102	-45.267834
7593.145752	-43.715614
7595.837402	-44.195396
7598.529053	-44.069675
7601.220703	-43.808121
7603.912354	-43.129555
7606.604004	-44.003159
7609.295654	-43.843151
7611.987305	-43.256527
7614.678955	-44.056389
7617.370605	-44.418907
7620.062256	-44.244267
7622.753906	-44.423836
7625.445557	-45.287113
7628.137207	-44.550076
7630.828857	-43.285446
7633.520508	-44.111683
7636.212158	-44.961296
7638.903809	-44.220287
7641.595459	-44.567333
7644.287109	-44.007431
7646.978760	-43.615150
7649.670410	-45.189808
7652.362061	-44.484001
7655.053711	-45.384541
7657.745361	-43.617668
7660.437012	-44.039684
7663.128662	-44.538239
7665.820312	-43.925156
7668.511963	-44.425900
7671.203613	-42.775257
7673.895264	-43.238422
7676.586914	-43.313496
7679.278564	-42.991989
7681.970215	-43.235371
7684.661865	-43.013885
7687.353516	-44.650356
7690.045166	-43.491791
7692.736816	-42.715679
7695.428467	-44.156738
7698.120117	-44.825394
7700.811768	-44.925640
7703.503418	-43.816071
7706.195068	-42.853382
7708.886719	-44.085613
7711.578369	-43.938812
7714.270020	-44.561794
7716.961670	-44.492992
7719.653320	-44.637192
7722.344971	-45.376263
7725.036621	-42.999977
7727.728271	-44.657860
7730.419922	-44.606640
7733.111572	-42.708752
7735.803223	-44.727905
7738.494873	-44.702587
7741.186523	-45.415913
7743.878174	-43.271511
7746.569824	-43.129128
7749.261475	-43.812702
7751.953125	-43.350468
7754.644775	-44.173283
7757.336426	-42.685371
7760.028076	-42.707787
7762.719727	-44.431015
7765.411377	-43.981297
7768.103027	-44.743534
7770.794678	-43.908360
7773.486328	-44.436779
7776.177979	-45.146305
7778.869629	-44.379559
7781.561279	-43.871769
7784.252930	-44.499657
7786.944580	-43.777573
7789.636230	-45.337193
7792.327881	-44.505257
7795.019531	-43.387566
7797.711182	-43.657734
7800.402832	-44.683254
7803.094482	-45.295227
7805.786133	-44.844513
7808.477783	-44.571262
7811.169434	-44.817024
7813.861084	-43.921246
7816.552734	-44.535137
7819.244385	-42.958290
7821.936035	-45.527073
7824.627686	-44.242043
7827.319336	-44.909031
7830.010986	-44.265450
7832.702637	-43.949684
7835.394287	-45.299591
7838.085938	-44.203903
7840.777588	-44.159718
7843.469238	-44.166252
7846.160889	-43.768433
7848.852539	-43.816345
7851.544189	-44.898022
7854.235840	-44.587505
7856.927490	-43.304691
7859.619141	-43.490192
7862.310791	-44.186134
7865.002441	-44.348507
7867.694092	-44.472618
7870.385742	-43.164345
7873.077393	-44.177006
7875.769043	-45.731934
7878.460693	-43.674572
7881.152344	-44.828506
7883.843994	-43.909492
7886.535645	-45.674397
7889.227295	-44.966179
7891.918945	-44.665104
7894.610596	-44.344421
7897.302246	-44.093781
7899.993896	-43.678398
7902.685547	-43.422756
7905.377197	-45.641499
7908.068848	-44.649784
7910.760498	-43.573933
7913.452148	-43.972843
7916.143799	-43.734234
7918.835449	-42.935890
7921.527100	-43.756073
7924.218750	-45.106785
7926.910400	-44.062183
7929.602051	-43.810688
7932.293701	-43.552921
7934.985352	-44.118523
7937.677002	-43.824741
7940.368652	-44.056110
7943.060303	-44.086105
7945.751953	-44.248646
7948.443604	-44.383511
7951.135254	-44.580692
7953.826904	-43.120293
7956.518555	-43.666798
7959.210205	-43.609310
7961.901855	-44.172867
7964.593506	-44.619610
7967.285156	-45.143642
7969.976807	-45.219952
7972.668457	-43.640385
7975.360107	-43.443031
7978.051758	-43.729767
7980.743408	-42.905502
7983.435059	-44.420429
7986.126709	-43.170303
7988.818359	-43.369190
7991.510010	-43.133541
7994.201660	-44.642147
7996.893311	-44.030819
7999.584961	-43.540962
8002.276611	-44.018539
8004.968262	-43.904564
8007.659912	-42.478008
8010.351562	-44.168770
8013.043213	-44.644428
8015.734863	-44.649601
8018.426514	-44.587021
8021.118164	-44.300186
8023.809814	-44.320263
8026.501465	-44.191669
8029.193115	-44.697121
8031.884766	-44.873783
8034.576416	-44.924129
8037.268066	-45.058697
8039.959717	-43.236816
8042.651367	-44.476929
8045.343018	-45.568661
8048.034668	-43.684902
8050.726318	-44.037548
8053.417969	-44.193508
8056.109619	-43.514690
8058.801270	-44.695534
8061.492920	-44.514614
8064.184570	-44.430748
8066.876221	-44.687744
8069.567871	-45.334469
8072.259521	-43.416000
8074.951172	-44.774849
8077.642822	-43.644371
8080.334473	-44.065750
8083.026123	-44.985027
8085.717773	-43.893543
8088.409424	-42.908310
8091.101074	-42.892239
8093.792725	-45.370533
8096.484375	-43.527000
8099.176025	-43.388889
8101.867676	-43.516262
8104.559326	-45.176201
8107.250977	-43.445847
8109.942627	-44.520035
8112.634277	-44.859291
8115.325928	-42.979572
8118.017578	-43.630959
8120.709229	-42.652519
8123.400879	-44.392864
8126.092529	-45.372662
8128.784180	-44.682407
8131.475830	-43.844753
8134.167480	-43.277031
8136.859131	-44.751247
8139.550781	-44.755154
8142.242432	-44.709915
8144.934082	-43.432617
8147.625732	-43.967617
8150.317383	-43.709957
8153.009033	-44.822193
8155.700684	-43.528378
8158.392334	-44.278709
8161.083984	-44.303356
8163.775635	-44.555660
8166.467285	-44.911556
8169.158936	-45.084438
8171.850586	-43.663326
8174.542236	-43.977745
8177.233887	-44.489239
8179.925537	-45.077793
8182.617188	-43.208984
8185.308838	-43.726257
8188.000488	-43.243416
8190.692139	-44.267651
8193.383789	-44.493816
8196.075439	-43.909492
8198.767090	-43.740276
8201.458740	-44.453537
8204.150391	-42.403492
8206.842041	-43.872417
8209.533691	-43.977737
8212.225342	-44.253155
8214.916992	-43.737900
8217.608643	-44.327915
8220.300293	-43.465370
8222.991943	-43.993603
8225.683594	-43.408348
8228.375244	-43.956635
8231.066895	-43.490292
8233.758545	-43.877590
8236.450195	-45.134861
8239.141846	-42.957394
8241.833496	-43.825867
8244.525146	-44.421700
8247.216797	-43.446320
8249.908447	-43.888874
8252.600098	-44.177921
8255.291748	-44.691463
8257.983398	-43.766308
8260.675049	-43.446674
8263.366699	-43.279537
8266.058350	-43.941242
8268.750000	-43.671722
8271.441650	-44.132294
8274.133301	-43.091061
8276.824951	-43.454987
8279.516602	-45.433643
8282.208252	-43.295998
8284.899902	-44.383175
8287.591553	-44.310524
8290.283203	-43.731758
8292.974854	-43.519169
8295.666504	-44.082104
8298.358154	-43.320244
8301.049805	-43.368389
8303.741455	-43.594742
8306.433105	-43.404068
8309.124756	-44.539131
8311.816406	-44.869053
8314.508057	-44.074352
8317.199707	-44.399906
8319.891357	-44.685795
8322.583008	-44.981487
8325.274658	-44.023907
8327.966309	-44.873753
8330.657959	-44.954376
8333.349609	-44.271481
8336.041260	-43.828182
8338.732910	-44.577724
8341.424561	-43.867413
8344.116211	-42.776825
8346.807861	-43.730885
8349.499512	-43.544682
8352.191162	-43.025871
8354.882812	-42.843754
8357.574463	-43.610699
8360.266113	-44.751530
8362.957764	-44.515648
8365.649414	-43.777058
8368.341064	-44.921745
8371.032715	-46.418343
8373.724365	-44.891838
8376.416016	-43.848011
8379.107666	-43.421200
8381.799316	-44.673527
8384.490967	-43.372433
8387.182617	-43.531704
8389.874268	-44.401325
8392.565918	-43.475998
8395.257568	-45.024879
8397.949219	-44.404137
8400.640869	-43.596832
8403.332520	-44.215118
8406.024170	-43.658432
8408.715820	-44.580269
8411.407471	-43.826099
8414.099121	-43.844727
8416.790771	-44.112747
8419.482422	-44.441116
8422.174072	-44.165791
8424.865723	-43.606693
8427.557373	-44.204533
8430.249023	-42.318275
8432.940674	-44.233368
8435.632324	-42.485794
8438.323975	-44.834690
8441.015625	-43.117153
8443.707275	-43.525093
8446.398926	-42.991421
8449.090576	-43.688316
8451.782227	-43.694447
8454.473877	-42.605297
8457.165527	-43.231609
8459.857178	-45.657116
8462.548828	-44.067455
8465.240479	-45.589954
8467.932129	-43.338642
8470.623779	-43.882305
8473.315430	-43.515385
8476.007080	-43.522995
8478.698730	-45.935482
8481.390381	-44.239666
8484.082031	-43.956123
8486.773682	-43.662815
8489.465332	-45.403866
8492.156982	-44.175671
8494.848633	-44.246311
8497.540283	-44.359528
8500.231934	-43.505760
8502.923584	-43.779289
8505.615234	-44.035507
8508.306885	-43.832119
8510.998535	-43.348080
8513.690186	-43.609715
8516.381836	-43.658436
8519.073486	-43.890629
8521.765137	-42.563580
8524.456787	-42.923973
8527.148438	-43.566189
8529.840088	-44.575798
8532.531738	-43.387447
8535.223389	-43.886822
8537.915039	-43.631504
8540.606689	-43.383938
8543.298340	-43.566570
8545.989990	-43.192791
8548.681641	-43.042633
8551.373291	-44.716030
8554.064941	-44.520451
8556.756592	-44.510521
8559.448242	-43.488297
8562.139893	-43.669617
8564.831543	-44.500832
8567.523193	-45.358997
8570.214844	-44.805359
8572.906494	-44.126789
8575.598145	-43.741905
8578.289795	-43.465897
8580.981445	-43.185028
8583.673096	-44.887779
8586.364746	-43.652508
8589.056396	-44.075348
8591.748047	-44.282528
8594.439697	-44.233013
8597.131348	-43.670525
8599.822998	-43.991184
8602.514648	-43.554119
8605.206299	-43.788128
8607.897949	-42.977959
8610.589600	-43.155941
8613.281250	-43.857731
8615.972900	-43.959259
8618.664551	-44.080372
8621.356201	-44.721413
8624.047852	-43.098808
8626.739502	-41.849796
8629.431152	-43.276863
8632.122803	-42.799934
8634.814453	-43.064564
8637.506104	-43.240284
8640.197754	-43.990345
8642.889404	-43.574261
8645.581055	-42.473091
8648.272705	-44.230450
8650.964355	-45.001476
8653.656006	-43.794300
8656.347656	-42.754910
8659.039307	-43.551491
8661.730957	-43.536201
8664.422607	-43.390045
8667.114258	-44.594887
8669.805908	-44.140072
8672.497559	-43.065659
8675.189209	-44.430862
8677.880859	-44.542435
8680.572510	-44.525471
8683.264160	-44.854633
8685.955811	-45.098694
8688.647461	-43.308506
8691.339111	-43.777004
8694.030762	-43.410770
8696.722412	-44.262917
8699.414062	-44.288857
8702.105713	-43.437275
8704.797363	-43.337284
8707.489014	-44.475491
8710.180664	-44.662399
8712.872314	-45.653843
8715.563965	-43.786922
8718.255615	-42.429657
8720.947266	-44.288860
8723.638916	-44.966358
8726.330566	-44.754562
8729.022217	-44.241669
8731.713867	-43.212009
8734.405518	-43.111523
8737.097168	-43.629631
8739.788818	-44.448311
8742.480469	-43.674763
8745.172119	-43.355312
8747.863770	-44.404266
8750.555420	-43.651798
8753.247070	-42.460075
8755.938721	-43.935986
8758.630371	-43.655800
8761.322021	-43.246944
8764.013672	-42.885258
8766.705322	-43.163124
8769.396973	-42.834892
8772.088623	-41.928989
8774.780273	-43.371147
8777.471924	-42.702927
8780.163574	-43.321594
8782.855225	-45.602940
8785.546875	-44.005676
8788.238525	-43.904491
8790.930176	-44.272812
8793.621826	-42.692474
8796.313477	-42.309017
8799.005127	-43.644543
8801.696777	-43.993893
8804.388428	-44.612148
8807.080078	-42.448620
8809.771729	-43.445084
8812.463379	-43.628967
8815.155029	-42.754135
8817.846680	-43.196938
8820.538330	-42.471130
8823.229980	-42.973328
8825.921631	-43.760120
8828.613281	-44.632694
8831.304932	-43.893661
8833.996582	-43.509010
8836.688232	-44.088482
8839.379883	-43.221485
8842.071533	-42.890980
8844.763184	-43.212498
8847.454834	-43.346672
8850.146484	-44.067142
8852.838135	-43.978889
8855.529785	-44.252335
8858.221436	-43.351990
8860.913086	-43.041870
8863.604736	-43.225109
8866.296387	-43.437405
8868.988037	-44.164925
8871.679688	-43.626366
8874.371338	-43.468948
8877.062988	-43.014061
8879.754639	-43.686131
8882.446289	-43.998833
8885.137939	-42.819199
8887.829590	-43.254932
8890.521240	-44.828781
8893.212891	-44.000019
8895.904541	-44.044640
8898.596191	-43.253754
8901.287842	-43.804485
8903.979492	-43.841373
8906.671143	-42.699654
8909.362793	-44.026917
8912.054443	-44.132820
8914.746094	-44.181976
8917.437744	-43.749287
8920.129395	-43.313847
8922.821045	-43.020782
8925.512695	-43.380108
8928.204346	-43.050972
8930.895996	-45.326412
8933.587646	-43.328587
8936.279297	-45.489979
8938.970947	-44.286983
8941.662598	-44.302162
8944.354248	-43.599731
8947.045898	-43.863464
8949.737549	-44.841515
8952.429199	-43.556641
8955.120850	-43.917034
8957.812500	-44.249157
8960.504150	-44.299679
8963.195801	-43.814579
8965.887451	-43.572697
8968.579102	-43.141983
8971.270752	-44.147404
8973.962402	-43.680897
8976.654053	-44.853333
8979.345703	-44.516312
8982.037354	-43.472713
8984.729004	-43.687675
8987.420654	-43.083241
8990.112305	-43.990669
8992.803955	-45.120667
8995.495605	-44.391586
8998.187256	-44.803661
9000.878906	-43.069633
9003.570557	-44.326332
9006.262207	-44.614109
9008.953857	-44.029564
9011.645508	-43.377983
9014.337158	-44.114502
9017.028809	-44.551254
9019.720459	-43.888329
9022.412109	-44.670090
9025.103760	-44.877338
9027.795410	-43.687157
9030.487061	-44.244205
9033.178711	-44.496441
9035.870361	-43.502892
9038.562012	-44.098846
9041.253662	-44.364441
9043.945312	-45.495895
9046.636963	-45.595146
9049.328613	-45.348442
9052.020264	-43.517494
9054.711914	-43.619755
9057.403564	-42.573967
9060.095215	-43.131805
9062.786865	-44.356178
9065.478516	-42.000332
9068.170166	-42.475407
9070.861816	-44.008987
9073.553467	-44.640842
9076.245117	-42.408215
9078.936768	-43.065315
9081.628418	-44.156605
9084.320068	-43.850368
9087.011719	-43.144512
9089.703369	-44.757957
9092.395020	-42.417690
9095.086670	-44.230740
9097.778320	-44.923347
9100.469971	-43.704212
9103.161621	-42.737171
9105.853271	-43.692287
9108.544922	-45.614349
9111.236572	-45.241341
9113.928223	-43.462742
9116.619873	-43.570839
9119.311523	-43.893856
9122.003174	-43.081322
9124.694824	-42.993553
9127.386475	-43.704441
9130.078125	-43.448425
9132.769775	-42.453583
9135.461426	-43.711308
9138.153076	-45.667702
9140.844727	-45.135670
9143.536377	-43.733238
9146.228027	-44.066845
9148.919678	-43.603279
9151.611328	-44.793026
9154.302979	-44.294212
9156.994629	-44.121422
9159.686279	-43.316368
9162.377930	-45.751633
9165.069580	-43.674061
9167.761230	-43.237125
9170.452881	-44.058987
9173.144531	-45.470669
9175.836182	-43.604511
9178.527832	-43.922379
9181.219482	-43.357643
9183.911133	-44.533768
9186.602783	-44.115623
9189.294434	-43.443535
9191.986084	-44.058521
9194.677734	-44.002083
9197.369385	-44.095459
9200.061035	-43.495491
9202.752686	-43.729511
9205.444336	-44.001968
9208.135986	-44.059509
9210.827637	-43.718327
9213.519287	-44.339512
9216.210938	-45.157463
9218.902588	-43.732159
9221.594238	-44.505985
9224.285889	-44.059387
9226.977539	-43.516247
9229.669189	-43.347317
9232.360840	-44.247795
9235.052490	-43.833492
9237.744141	-43.905575
9240.435791	-43.876038
9243.127441	-44.220020
9245.819092	-44.473404
9248.510742	-44.176876
9251.202393	-44.704304
9253.894043	-43.545120
9256.585693	-45.826252
9259.277344	-44.294121
9261.968994	-44.411678
9264.660645	-44.306049
9267.352295	-46.264027
9270.043945	-44.269920
9272.735596	-42.877113
9275.427246	-44.574074
9278.118896	-44.846745
9280.810547	-42.706600
9283.502197	-44.419979
9286.193848	-43.377457
9288.885498	-43.720531
9291.577148	-42.929714
9294.268799	-43.533077
9296.960449	-43.305767
9299.652100	-43.581062
9302.343750	-43.054550
9305.035400	-45.066769
9307.727051	-44.491909
9310.418701	-43.972805
9313.110352	-42.786785
9315.802002	-43.636879
9318.493652	-43.485115
9321.185303	-42.882248
9323.876953	-44.442646
9326.568604	-42.907402
9329.260254	-43.531391
9331.951904	-44.821404
9334.643555	-43.747601
9337.335205	-45.875523
9340.026855	-43.354511
9342.718506	-44.833626
9345.410156	-43.650219
9348.101807	-44.910172
9350.793457	-43.774059
9353.485107	-44.403736
9356.176758	-43.516331
9358.868408	-44.561707
9361.560059	-41.939507
9364.251709	-42.873657
9366.943359	-43.686363
9369.635010	-42.225986
9372.326660	-43.541016
9375.018311	-43.390770
9377.709961	-44.341587
9380.401611	-44.349979
9383.093262	-43.318714
9385.784912	-43.434422
9388.476562	-41.996132
9391.168213	-44.066811
9393.859863	-44.282021
9396.551514	-44.116055
9399.243164	-44.025566
9401.934814	-44.248493
9404.626465	-43.612747
9407.318115	-43.429832
9410.009766	-43.034569
9412.701416	-43.866386
9415.393066	-45.615746
9418.084717	-43.195244
9420.776367	-45.118622
9423.468018	-43.761803
9426.159668	-44.142124
9428.851318	-44.207466
9431.542969	-43.617683
9434.234619	-43.351967
9436.926270	-44.762829
9439.617920	-43.308609
9442.309570	-43.946674
9445.001221	-42.915024
9447.692871	-42.969177
9450.384521	-44.870022
9453.076172	-42.686562
9455.767822	-43.151749
9458.459473	-44.742477
9461.151123	-45.065872
9463.842773	-44.186481
9466.534424	-42.965988
9469.226074	-43.451134
9471.917725	-43.840733
9474.609375	-45.344719
9477.301025	-44.298847
9479.992676	-44.344185
9482.684326	-43.858402
9485.375977	-44.136333
9488.067627	-44.545975
9490.759277	-43.339626
9493.450928	-43.456181
9496.142578	-43.977238
9498.834229	-42.804920
9501.525879	-43.801533
9504.217529	-44.525536
9506.909180	-44.791924
9509.600830	-43.991177
9512.292480	-43.988739
9514.984131	-44.851902
9517.675781	-43.819088
9520.367432	-42.959518
9523.059082	-43.145252
9525.750732	-43.697037
9528.442383	-43.161739
9531.134033	-44.742245
9533.825684	-43.140160
9536.517334	-43.727608
9539.208984	-44.132721
9541.900635	-44.845764
9544.592285	-43.174473
9547.283936	-43.428398
9549.975586	-44.067345
9552.667236	-44.720604
9555.358887	-44.096554
9558.050537	-45.121845
9560.742188	-43.521553
9563.433838	-44.255222
9566.125488	-43.742687
9568.817139	-42.929546
9571.508789	-44.310856
9574.200439	-43.836784
9576.892090	-44.218388
9579.583740	-42.205929
9582.275391	-44.080685
9584.967041	-43.524864
9587.658691	-44.245888
9590.350342	-43.685764
9593.041992	-43.252525
9595.733643	-44.557144
9598.425293	-44.295570
9601.116943	-44.842014
9603.808594	-45.179703
9606.500244	-43.875000
9609.191895	-43.629631
9611.883545	-44.920631
9614.575195	-44.244480
9617.266846	-44.193623
9619.958496	-44.735596
9622.650146	-43.831577
9625.341797	-43.086754
9628.033447	-44.196190
9630.725098	-44.900383
9633.416748	-44.854977
9636.108398	-43.229019
9638.800049	-43.243454
9641.491699	-44.337845
9644.183350	-44.116882
9646.875000	-43.783970
9649.566650	-43.748127
9652.258301	-42.451359
9654.949951	-44.631462
9657.641602	-43.958168
9660.333252	-41.706951
9663.024902	-45.317074
9665.716553	-43.348679
9668.408203	-43.503429
9671.099854	-44.657990
9673.791504	-44.049049
9676.483154	-43.058556
9679.174805	-43.633205
9681.866455	-43.738819
9684.558105	-44.428020
9687.249756	-45.179638
9689.941406	-43.292580
9692.633057	-42.772923
9695.324707	-44.361237
9698.016357	-44.427937
9700.708008	-44.282837
9703.399658	-44.011574
9706.091309	-43.839195
9708.782959	-43.141388
9711.474609	-44.932091
9714.166260	-44.134293
9716.857910	-43.348709
9719.549561	-43.359699
9722.241211	-44.250416
9724.932861	-44.581383
9727.624512	-44.308704
9730.316162	-43.448486
9733.007812	-43.109528
9735.699463	-44.112247
9738.391113	-43.745102
9741.082764	-44.432423
9743.774414	-44.070515
9746.466064	-44.627010
9749.157715	-43.581264
9751.849365	-43.171146
9754.541016	-42.573212
9757.232666	-43.692287
9759.924316	-43.525791
9762.615967	-44.871906
9765.307617	-44.790653
9767.999268	-43.333614
9770.690918	-43.119167
9773.382568	-44.553230
9776.074219	-44.026340
9778.765869	-43.404087
9781.457520	-43.227772
9784.149170	-43.509342
9786.840820	-42.694164
9789.532471	-44.941772
9792.224121	-43.052265
9794.915771	-42.924500
9797.607422	-44.571228
9800.299072	-44.900692
9802.990723	-43.239212
9805.682373	-42.829334
9808.374023	-44.956127
9811.065674	-45.468113
9813.757324	-43.466503
9816.448975	-44.022823
9819.140625	-43.606537
9821.832275	-43.108780
9824.523926	-44.439232
9827.215576	-43.829987
9829.907227	-43.936333
9832.598877	-44.539162
9835.290527	-44.170113
9837.982178	-42.648815
9840.673828	-44.231522
9843.365479	-43.362335
9846.057129	-43.974251
9848.748779	-44.080666
9851.440430	-43.734364
9854.132080	-44.181255
9856.823730	-42.234322
9859.515381	-45.611050
9862.207031	-43.927982
9864.898682	-43.352516
9867.590332	-44.839523
9870.281982	-42.422535
9872.973633	-43.573120
9875.665283	-44.374062
9878.356934	-44.934212
9881.048584	-43.826916
9883.740234	-44.299858
9886.431885	-43.986973
9889.123535	-42.689548
9891.815186	-43.148647
9894.506836	-44.553463
9897.198486	-45.197609
9899.890137	-42.771748
9902.581787	-44.400227
9905.273438	-43.958523
9907.965088	-44.573502
9910.656738	-43.343956
9913.348389	-43.970821
9916.040039	-43.428646
9918.731689	-44.224743
9921.423340	-45.010162
9924.114990	-42.926682
9926.806641	-45.822330
9929.498291	-43.840172
9932.189941	-44.067593
9934.881592	-44.604240
9937.573242	-43.746738
9940.264893	-43.851704
9942.956543	-44.003365
9945.648193	-43.830162
9948.339844	-45.287399
9951.031494	-43.976154
9953.723145	-43.563057
9956.414795	-43.811092
9959.106445	-43.571133
9961.798096	-43.550156
9964.489746	-44.189816
9967.181396	-45.216507
9969.873047	-43.516003
9972.564697	-43.749828
9975.256348	-43.192738
9977.947998	-44.801193
9980.639648	-44.329769
9983.331299	-43.644367
9986.022949	-43.621464
9988.714600	-44.829777
9991.406250	-44.085701
9994.097900	-44.505554
9996.789551	-43.001831
9999.481201	-44.458096
10002.172852	-44.309067
10004.864502	-43.461040
10007.556152	-42.781002
10010.247803	-42.665913
10012.939453	-42.585415
10015.631104	-43.596031
10018.322754	-43.752960
10021.014404	-41.978500
10023.706055	-42.143360
10026.397705	-43.142879
10029.089355	-43.833447
10031.781006	-45.043037
10034.472656	-43.948017
10037.164307	-44.462357
10039.855957	-44.412323
10042.547607	-44.531281
10045.239258	-44.523708
10047.930908	-44.440323
10050.622559	-44.328999
10053.314209	-43.922192
10056.005859	-44.298019
10058.697510	-44.073799
10061.389160	-44.216305
10064.080811	-45.213627
10066.772461	-44.219021
10069.464111	-44.664280
10072.155762	-44.521610
10074.847412	-44.545925
10077.539062	-45.128418
10080.230713	-43.950783
10082.922363	-44.484173
10085.614014	-45.308865
10088.305664	-44.771866
10090.997314	-44.119595
10093.688965	-44.977489
10096.380615	-44.605892
10099.072266	-43.100388
10101.763916	-43.818657
10104.455566	-46.168789
10107.147217	-44.483372
10109.838867	-43.789524
10112.530518	-43.504951
10115.222168	-43.537102
10117.913818	-44.942841
10120.605469	-44.119137
10123.297119	-43.646797
10125.988770	-43.285877
10128.680420	-43.339508
10131.372070	-44.456123
10134.063721	-43.576283
10136.755371	-45.036156
10139.447021	-44.024311
10142.138672	-43.955479
10144.830322	-45.375263
10147.521973	-45.351837
10150.213623	-44.624924
10152.905273	-43.314545
10155.596924	-45.541649
10158.288574	-44.077324
10160.980225	-43.816692
10163.671875	-45.046509
10166.363525	-43.549202
10169.055176	-43.447052
10171.746826	-43.724049
10174.438477	-44.746105
10177.130127	-43.356644
10179.821777	-44.196861
10182.513428	-43.838226
10185.205078	-44.217964
10187.896729	-43.378605
10190.588379	-43.971703
10193.280029	-44.407238
10195.971680	-45.176498
10198.663330	-43.350437
10201.354980	-44.106045
10204.046631	-44.642593
10206.738281	-44.459240
10209.429932	-43.878532
10212.121582	-43.339310
10214.813232	-43.209141
10217.504883	-44.673801
10220.196533	-44.019783
10222.888184	-43.675343
10225.579834	-43.968998
10228.271484	-44.467743
10230.963135	-45.062866
10233.654785	-45.850494
10236.346436	-44.188538
10239.038086	-43.825172
10241.729736	-45.122730
10244.421387	-44.605991
10247.113037	-44.705948
10249.804688	-43.989262
10252.496338	-43.673161
10255.187988	-43.397488
10257.879639	-44.395466
10260.571289	-43.892002
10263.262939	-43.623600
10265.954590	-43.992901
10268.646240	-43.903152
10271.337891	-43.770695
10274.029541	-45.469387
10276.721191	-42.750484
10279.412842	-44.378681
10282.104492	-44.130333
10284.796143	-44.348465
10287.487793	-44.603210
10290.179443	-43.722542
10292.871094	-43.283222
10295.562744	-44.463959
10298.254395	-44.902969
10300.946045	-44.510700
10303.637695	-44.050167
10306.329346	-44.730576
10309.020996	-43.472168
10311.712646	-43.637280
10314.404297	-43.623638
10317.095947	-44.000919
10319.787598	-44.008389
10322.479248	-42.903969
10325.170898	-43.605000
10327.862549	-45.812283
10330.554199	-43.085579
10333.245850	-44.178146
10335.937500	-43.343948
10338.629150	-43.623920
10341.320801	-44.473026
10344.012451	-43.595955
10346.704102	-45.154091
10349.395752	-44.304802
10352.087402	-43.676308
10354.779053	-43.802940
10357.470703	-44.197170
10360.162354	-43.737732
10362.854004	-42.379776
10365.545654	-43.501175
10368.237305	-42.853951
10370.928955	-45.010242
10373.620605	-44.337654
10376.312256	-44.032265
10379.003906	-43.654713
10381.695557	-44.217194
10384.387207	-43.479511
10387.078857	-43.889576
10389.770508	-44.408970
10392.462158	-44.549549
10395.153809	-44.344460
10397.845459	-43.638477
10400.537109	-43.325642
10403.228760	-44.597717
10405.920410	-43.528042
10408.612061	-45.817513
10411.303711	-44.536293
10413.995361	-43.892433
10416.687012	-44.170780
10419.378662	-44.729801
10422.070312	-43.660339
10424.761963	-45.020840
10427.453613	-44.845821
10430.145264	-44.783794
10432.836914	-44.456299
10435.528564	-42.939289
10438.220215	-44.411861
10440.911865	-43.564507
10443.603516	-44.378601
10446.295166	-44.106258
10448.986816	-44.673260
10451.678467	-43.648640
10454.370117	-43.180771
10457.061768	-43.507946
10459.753418	-44.344654
10462.445068	-43.969830
10465.136719	-44.787769
10467.828369	-45.231682
10470.520020	-42.709213
10473.211670	-44.170177
10475.903320	-44.295128
10478.594971	-43.050674
10481.286621	-44.076645
10483.978271	-42.952229
10486.669922	-44.803440
10489.361572	-43.721748
10492.053223	-43.505272
10494.744873	-43.627182
10497.436523	-45.128487
10500.128174	-45.016586
10502.819824	-43.989483
10505.511475	-43.917694
10508.203125	-43.972340
10510.894775	-43.260059
10513.586426	-44.954926
10516.278076	-42.606285
10518.969727	-44.254387
10521.661377	-44.190674
10524.353027	-44.383781
10527.044678	-43.625843
10529.736328	-45.123245
10532.427979	-44.623112
10535.119629	-43.844776
10537.811279	-43.787350
10540.502930	-44.124420
10543.194580	-44.439480
10545.886230	-45.557350
10548.577881	-44.379974
10551.269531	-44.429783
10553.961182	-44.264660
10556.652832	-45.748566
10559.344482	-44.206448
10562.036133	-44.485622
10564.727783	-42.566265
10567.419434	-43.829468
10570.111084	-43.857857
10572.802734	-43.625320
10575.494385	-44.554794
10578.186035	-43.517178
10580.877686	-44.633396
10583.569336	-45.341667
10586.260986	-42.631058
10588.952637	-43.246029
10591.644287	-44.548237
10594.335938	-43.076645
10597.027588	-44.549503
10599.719238	-43.966305
10602.410889	-43.828522
10605.102539	-42.710129
10607.794189	-43.530052
10610.485840	-43.607342
10613.177490	-43.822971
10615.869141	-43.007225
10618.560791	-44.345886
10621.252441	-44.782223
10623.944092	-43.382084
10626.635742	-43.750153
10629.327393	-43.516636
10632.019043	-44.921219
10634.710693	-44.156689
10637.402344	-44.325928
10640.093994	-44.360935
10642.785645	-44.133587
10645.477295	-43.533016
10648.168945	-43.697193
10650.860596	-44.285065
10653.552246	-44.231670
10656.243896	-42.925911
10658.935547	-43.421276
10661.627197	-43.447739
10664.318848	-44.057362
10667.010498	-43.735764
10669.702148	-43.617447
10672.393799	-44.322926
10675.085449	-43.968655
10677.777100	-44.290947
10680.468750	-43.814796
10683.160400	-45.399971
10685.852051	-43.090557
10688.543701	-43.217884
10691.235352	-44.249912
10693.927002	-43.538002
10696.618652	-44.164524
10699.310303	-43.651539
10702.001953	-42.941624
10704.693604	-43.227833
10707.385254	-44.317215
10710.076904	-44.378632
10712.768555	-44.007793
10715.460205	-43.357590
10718.151855	-44.645893
10720.843506	-44.197552
10723.535156	-44.257088
10726.226807	-43.163086
10728.918457	-44.132534
10731.610107	-44.144913
10734.301758	-44.102661
10736.993408	-43.254608
10739.685059	-45.551384
10742.376709	-44.036312
10745.068359	-43.436970
10747.760010	-44.779602
10750.451660	-43.564415
10753.143311	-43.850456
10755.834961	-43.512093
10758.526611	-44.271374
10761.218262	-42.841331
10763.909912	-44.134548
10766.601562	-42.943768
10769.293213	-43.502956
10771.984863	-42.946903
10774.676514	-44.321762
10777.368164	-45.115734
10780.059814	-44.223309
10782.751465	-43.727112
10785.443115	-43.838890
10788.134766	-44.212490
10790.826416	-43.459393
10793.518066	-44.716431
10796.209717	-44.813644
10798.901367	-43.929337
10801.593018	-43.984280
10804.284668	-45.170547
10806.976318	-42.826885
10809.667969	-43.429325
10812.359619	-43.965168
10815.051270	-44.327831
10817.742920	-43.120983
10820.434570	-44.003452
10823.126221	-44.092064
10825.817871	-43.992176
10828.509521	-43.947796
10831.201172	-43.327923
10833.892822	-43.551193
10836.584473	-44.727150
10839.276123	-44.327541
10841.967773	-43.230198
10844.659424	-43.725525
10847.351074	-43.976646
10850.042725	-43.894169
10852.734375	-43.358803
10855.426025	-44.498768
10858.117676	-45.327515
10860.809326	-44.082081
10863.500977	-43.645206
10866.192627	-44.222832
10868.884277	-44.273167
10871.575928	-44.331997
10874.267578	-43.117325
10876.959229	-45.005699
10879.650879	-44.080570
10882.342529	-42.804977
10885.034180	-44.055355
10887.725830	-42.565727
10890.417480	-44.411919
10893.109131	-43.391579
10895.800781	-43.186310
10898.492432	-43.848942
10901.184082	-44.232861
10903.875732	-44.712685
10906.567383	-45.127220
10909.259033	-44.368313
10911.950684	-44.752541
10914.642334	-44.652000
10917.333984	-42.485821
10920.025635	-43.934345
10922.717285	-43.964298
10925.408936	-43.381306
10928.100586	-44.410248
10930.792236	-44.674911
10933.483887	-44.274048
10936.175537	-43.953003
10938.867188	-44.504787
10941.558838	-44.552471
10944.250488	-43.718113
10946.942139	-43.402287
10949.633789	-45.677856
10952.325439	-43.974281
10955.017090	-42.372036
10957.708740	-44.737709
10960.400391	-45.273399
10963.092041	-43.326294
10965.783691	-44.489708
10968.475342	-42.801403
10971.166992	-44.735355
10973.858643	-45.145535
10976.550293	-43.523422
10979.241943	-44.481216
10981.933594	-43.514820
10984.625244	-43.462006
10987.316895	-44.258884
10990.008545	-43.272877
10992.700195	-43.493111
10995.391846	-44.019962
10998.083496	-44.125748
11000.775146	-43.317108
11003.466797	-43.142719
11006.158447	-43.777588
11008.850098	-44.841595
11011.541748	-45.754738
11014.233398	-44.653084
11016.925049	-43.933971
11019.616699	-45.166286
11022.308350	-44.074741
