Frequency (Hz)	Level (dB)
1.345825	-94.571075
2.691650	-94.514320
4.037476	-93.081001
5.383301	-92.927971
6.729126	-91.017769
8.074951	-92.201569
9.420776	-90.192581
10.766602	-88.813316
12.112427	-87.386154
13.458252	-86.500687
14.804077	-86.730003
16.149902	-86.130554
17.495728	-87.132942
18.841553	-83.652748
20.187378	-85.513107
21.533203	-83.379539
22.879028	-82.192146
24.224854	-83.357201
25.570679	-84.687119
26.916504	-82.099655
28.262329	-82.122902
29.608154	-79.289246
30.953979	-81.697296
32.299805	-83.284508
33.645630	-82.729088
34.991455	-82.792412
36.337280	-82.470772
37.683105	-80.317780
39.028931	-81.540108
40.374756	-80.398804
41.720581	-77.520020
43.066406	-79.280869
44.412231	-78.312050
45.758057	-79.127579
47.103882	-77.848076
48.449707	-76.951752
49.795532	-78.012421
51.141357	-77.043396
52.487183	-77.142479
53.833008	-76.728477
55.178833	-75.630791
56.524658	-75.801598
57.870483	-74.117714
59.216309	-73.189751
60.562134	-75.414474
61.907959	-73.320076
63.253784	-73.328918
64.599609	-75.549194
65.945435	-76.778214
67.291260	-76.553421
68.637085	-76.074242
69.982910	-76.729271
71.328735	-75.941124
72.674561	-75.362534
74.020386	-75.491058
75.366211	-75.478989
76.712036	-74.626503
78.057861	-76.464340
79.403687	-75.982330
80.749512	-74.792526
82.095337	-76.018738
83.441162	-76.293770
84.786987	-75.713127
86.132812	-75.544937
87.478638	-74.921364
88.824463	-75.108978
90.170288	-75.192032
91.516113	-74.383194
92.861938	-74.694077
94.207764	-75.863403
95.553589	-76.525673
96.899414	-75.913673
98.245239	-75.244331
99.591064	-76.122971
100.936890	-75.768120
102.282715	-74.844772
103.628540	-76.141113
104.974365	-75.503151
106.320190	-75.456375
107.666016	-76.655182
109.011841	-76.945526
110.357666	-75.583809
111.703491	-78.426407
113.049316	-75.817001
114.395142	-75.655403
115.740967	-78.084000
117.086792	-76.781387
118.432617	-74.761299
119.778442	-75.793404
121.124268	-75.855820
122.470093	-77.700294
123.815918	-75.090736
125.161743	-75.495506
126.507568	-75.952911
127.853394	-75.479286
129.199219	-75.248955
130.545044	-76.072060
131.890869	-74.145813
133.236694	-77.019958
134.582520	-76.067024
135.928345	-76.133018
137.274170	-74.690338
138.619995	-76.323448
139.965820	-76.066383
141.311646	-74.355438
142.657471	-75.419991
144.003296	-77.697334
145.349121	-75.540649
146.694946	-74.746063
148.040771	-76.272476
149.386597	-75.486015
150.732422	-73.818703
152.078247	-75.491280
153.424072	-75.959892
154.769897	-75.809952
156.115723	-76.133873
157.461548	-76.577545
158.807373	-75.104462
160.153198	-75.324310
161.499023	-77.230537
162.844849	-75.988625
164.190674	-75.915726
165.536499	-76.275719
166.882324	-74.202911
168.228149	-75.618584
169.573975	-76.541679
170.919800	-75.836304
172.265625	-75.831650
173.611450	-73.912483
174.957275	-75.029900
176.303101	-76.442932
177.648926	-75.238541
178.994751	-75.410789
180.340576	-75.716850
181.686401	-76.275429
183.032227	-76.119171
184.378052	-75.290680
185.723877	-75.390518
187.069702	-77.024933
188.415527	-74.941719
189.761353	-77.047455
191.107178	-77.599586
192.453003	-76.210876
193.798828	-76.386940
195.144653	-75.937263
196.490479	-77.445778
197.836304	-76.907623
199.182129	-74.712906
200.527954	-75.472298
201.873779	-77.071701
203.219604	-77.231224
204.565430	-75.877525
205.911255	-75.938850
207.257080	-74.865608
208.602905	-76.139359
209.948730	-76.013901
211.294556	-76.468842
212.640381	-76.800674
213.986206	-77.063705
215.332031	-76.897255
216.677856	-76.842972
218.023682	-78.254318
219.369507	-77.266441
220.715332	-76.906487
222.061157	-78.256767
223.406982	-77.189720
224.752808	-76.510338
226.098633	-75.582649
227.444458	-76.892715
228.790283	-75.854279
230.136108	-77.831749
231.481934	-77.533852
232.827759	-76.939758
234.173584	-78.629951
235.519409	-75.622040
236.865234	-76.920486
238.211060	-77.253433
239.556885	-76.504211
240.902710	-76.853836
242.248535	-75.634064
243.594360	-76.709648
244.940186	-78.650963
246.286011	-76.644463
247.631836	-77.574852
248.977661	-76.231613
250.323486	-75.853348
251.669312	-76.718102
253.015137	-77.675323
254.360962	-76.446640
255.706787	-77.473419
257.052612	-77.114365
258.398438	-75.536339
259.744263	-76.555084
261.090088	-78.015366
262.435913	-77.531525
263.781738	-78.931793
265.127563	-75.584282
266.473389	-77.662506
267.819214	-76.882622
269.165039	-77.657570
270.510864	-76.226700
271.856689	-75.944626
273.202515	-76.083618
274.548340	-77.857727
275.894165	-76.974365
277.239990	-77.402855
278.585815	-76.861893
279.931641	-76.603760
281.277466	-78.013367
282.623291	-77.319000
283.969116	-76.887184
285.314941	-75.129204
286.660767	-77.197418
288.006592	-78.048599
289.352417	-77.238548
290.698242	-77.369781
292.044067	-76.435219
293.389893	-76.207985
294.735718	-77.601082
296.081543	-77.204178
297.427368	-77.418892
298.773193	-77.941498
300.119019	-76.794533
301.464844	-76.071953
302.810669	-76.997002
304.156494	-77.796593
305.502319	-77.291878
306.848145	-76.996407
308.193970	-78.242516
309.539795	-78.834961
310.885620	-77.865105
312.231445	-77.392525
313.577271	-77.430695
314.923096	-75.982811
316.268921	-76.684555
317.614746	-77.213043
318.960571	-76.463806
320.306396	-77.826683
321.652222	-76.614716
322.998047	-76.089020
324.343872	-77.858742
325.689697	-77.435791
327.035522	-76.195244
328.381348	-78.038284
329.727173	-77.843483
331.072998	-76.869446
332.418823	-77.952766
333.764648	-79.157509
335.110474	-77.621384
336.456299	-76.932213
337.802124	-76.782707
339.147949	-77.996658
340.493774	-75.617798
341.839600	-76.369217
343.185425	-77.120483
344.531250	-77.898689
345.877075	-76.917221
347.222900	-77.147110
348.568726	-77.172302
349.914551	-76.266441
351.260376	-77.765228
352.606201	-77.012337
353.952026	-78.120522
355.297852	-76.622566
356.643677	-76.866013
357.989502	-76.884705
359.335327	-76.183609
360.681152	-77.590996
362.026978	-76.394722
363.372803	-78.321922
364.718628	-76.900642
366.064453	-76.712540
367.410278	-77.470055
368.756104	-75.427109
370.101929	-76.505531
371.447754	-77.277245
372.793579	-76.173882
374.139404	-77.296631
375.485229	-76.972488
376.831055	-76.491203
378.176880	-76.480309
379.522705	-78.348480
380.868530	-76.371498
382.214355	-76.117386
383.560181	-75.602982
384.906006	-76.744568
386.251831	-77.497520
387.597656	-76.227905
388.943481	-76.993858
390.289307	-78.138680
391.635132	-78.562325
392.980957	-77.338631
394.326782	-76.031998
395.672607	-77.766495
397.018433	-77.555977
398.364258	-76.704948
399.710083	-77.278496
401.055908	-76.072021
402.401733	-77.774086
403.747559	-77.788109
405.093384	-79.116447
406.439209	-77.063698
407.785034	-77.205185
409.130859	-76.400383
410.476685	-77.072792
411.822510	-76.374321
413.168335	-78.529701
414.514160	-76.793869
415.859985	-76.380310
417.205811	-77.449417
418.551636	-76.395233
419.897461	-76.662483
421.243286	-75.766441
422.589111	-77.921074
423.934937	-77.811516
425.280762	-77.086304
426.626587	-75.844444
427.972412	-76.764091
429.318237	-75.980247
430.664062	-75.952347
432.009888	-76.446075
433.355713	-76.538612
434.701538	-77.153168
436.047363	-77.336845
437.393188	-78.258362
438.739014	-78.911682
440.084839	-75.748878
441.430664	-76.609062
442.776489	-77.298485
444.122314	-75.384071
445.468140	-76.624664
446.813965	-78.040405
448.159790	-78.587715
449.505615	-75.894981
450.851440	-76.476868
452.197266	-76.837563
453.543091	-76.608528
454.888916	-76.160576
456.234741	-76.072433
457.580566	-76.397896
458.926392	-76.010056
460.272217	-75.901207
461.618042	-75.408745
462.963867	-74.952423
464.309692	-76.023209
465.655518	-76.950684
467.001343	-76.853554
468.347168	-75.552208
469.692993	-76.173378
471.038818	-76.264946
472.384644	-76.558609
473.730469	-75.677307
475.076294	-75.423737
476.422119	-75.212601
477.767944	-76.217232
479.113770	-76.022163
480.459595	-76.732376
481.805420	-75.406082
483.151245	-75.915657
484.497070	-76.628464
485.842896	-78.061874
487.188721	-75.850136
488.534546	-75.315147
489.880371	-74.826958
491.226196	-75.411858
492.572021	-76.467712
493.917847	-76.277161
495.263672	-76.516342
496.609497	-76.177101
497.955322	-75.634209
499.301147	-74.893387
500.646973	-75.484741
501.992798	-75.983681
503.338623	-75.126556
504.684448	-76.461426
506.030273	-75.950539
507.376099	-76.133514
508.721924	-75.651840
510.067749	-76.144463
511.413574	-75.394341
512.759399	-75.477722
514.105225	-76.313011
515.451050	-75.348686
516.796875	-76.728661
518.142700	-75.678352
519.488525	-75.503036
520.834351	-76.094543
522.180176	-76.186913
523.526001	-74.592766
524.871826	-75.769775
526.217651	-75.426689
527.563477	-74.572174
528.909302	-74.748489
530.255127	-74.413826
531.600952	-74.019592
532.946777	-74.262657
534.292603	-75.451759
535.638428	-74.361488
536.984253	-75.756187
538.330078	-76.489861
539.675903	-74.409752
541.021729	-74.242867
542.367554	-75.260788
543.713379	-72.278137
545.059204	-73.056335
546.405029	-74.831047
547.750854	-74.247299
549.096680	-74.077980
550.442505	-74.713112
551.788330	-73.740715
553.134155	-73.392181
554.479980	-74.284531
555.825806	-74.716293
557.171631	-74.504517
558.517456	-74.407318
559.863281	-74.382210
561.209106	-74.981552
562.554932	-72.739754
563.900757	-75.487793
565.246582	-75.050499
566.592407	-75.251572
567.938232	-74.320908
569.284058	-74.136284
570.629883	-74.304634
571.975708	-74.644394
573.321533	-73.338547
574.667358	-74.925964
576.013184	-74.961082
577.359009	-73.954918
578.704834	-73.922791
580.050659	-74.003868
581.396484	-75.725571
582.742310	-73.496651
584.088135	-73.211792
585.433960	-73.457237
586.779785	-74.421364
588.125610	-74.779518
589.471436	-75.350006
590.817261	-73.159225
592.163086	-73.347420
593.508911	-72.993263
594.854736	-72.398964
596.200562	-72.963844
597.546387	-72.952812
598.892212	-73.031548
600.238037	-73.122200
601.583862	-71.087265
602.929688	-72.606102
604.275513	-71.726959
605.621338	-72.768913
606.967163	-74.563850
608.312988	-73.248833
609.658813	-73.249069
611.004639	-73.350029
612.350464	-71.641327
613.696289	-71.988068
615.042114	-73.390602
616.387939	-72.856209
617.733765	-73.942543
619.079590	-72.230103
620.425415	-72.539474
621.771240	-71.965775
623.117065	-72.279327
624.462891	-71.548225
625.808716	-73.114349
627.154541	-71.451797
628.500366	-71.688332
629.846191	-70.698929
631.192017	-73.434509
632.537842	-71.217964
633.883667	-72.608109
635.229492	-72.099243
636.575317	-73.010529
637.921143	-73.542915
639.266968	-71.862030
640.612793	-71.647484
641.958618	-73.021179
643.304443	-72.378609
644.650269	-71.967506
645.996094	-70.315231
647.341919	-70.307671
648.687744	-71.766006
650.033569	-72.670898
651.379395	-72.124916
652.725220	-71.927780
654.071045	-71.675499
655.416870	-70.933205
656.762695	-71.963982
658.108521	-72.398758
659.454346	-71.187996
660.800171	-71.794327
662.145996	-72.066650
663.491821	-70.750816
664.837646	-68.885590
666.183472	-69.076653
667.529297	-71.130112
668.875122	-69.823448
670.220947	-69.680023
671.566772	-69.847687
672.912598	-68.263657
674.258423	-68.704742
675.604248	-70.977341
676.950073	-70.144615
678.295898	-69.611359
679.641724	-68.319458
680.987549	-68.554962
682.333374	-69.275574
683.679199	-70.642578
685.025024	-69.214714
686.370850	-69.208771
687.716675	-69.934464
689.062500	-71.291794
690.408325	-70.529770
691.754150	-69.369499
693.099976	-69.547829
694.445801	-69.151451
695.791626	-68.180107
697.137451	-68.195686
698.483276	-69.890717
699.829102	-66.648567
701.174927	-67.822845
702.520752	-67.856651
703.866577	-68.142570
705.212402	-67.232025
706.558228	-68.435768
707.904053	-67.776573
709.249878	-68.423134
710.595703	-67.965294
711.941528	-67.932396
713.287354	-67.163170
714.633179	-66.777977
715.979004	-66.681641
717.324829	-66.756348
718.670654	-67.131912
720.016479	-68.617882
721.362305	-67.404167
722.708130	-65.221352
724.053955	-67.189590
725.399780	-66.651016
726.745605	-66.103699
728.091431	-65.309738
729.437256	-65.541855
730.783081	-66.271896
732.128906	-66.283340
733.474731	-65.613983
734.820557	-66.180313
736.166382	-65.841599
737.512207	-65.911522
738.858032	-65.102501
740.203857	-64.977379
741.549683	-64.354774
742.895508	-64.252800
744.241333	-63.968658
745.587158	-64.593575
746.932983	-65.341034
748.278809	-64.827843
749.624634	-63.994720
750.970459	-62.680927
752.316284	-63.446438
753.662109	-62.565422
755.007935	-63.011654
756.353760	-62.945564
757.699585	-64.226807
759.045410	-63.042442
760.391235	-64.538979
761.737061	-64.443779
763.082886	-61.018234
764.428711	-62.424530
765.774536	-61.457066
767.120361	-62.627110
768.466187	-62.548954
769.812012	-61.448685
771.157837	-60.959404
772.503662	-61.845226
773.849487	-61.817215
775.195312	-60.993652
776.541138	-60.886250
777.886963	-60.520836
779.232788	-60.009243
780.578613	-59.387218
781.924438	-58.777756
783.270264	-59.554150
784.616089	-59.878822
785.961914	-60.103813
787.307739	-59.917473
788.653564	-60.826817
789.999390	-59.065540
791.345215	-57.834702
792.691040	-58.034016
794.036865	-58.257954
795.382690	-59.236057
796.728516	-60.189384
798.074341	-57.781586
799.420166	-55.512051
800.765991	-58.865158
802.111816	-58.034744
803.457642	-57.575264
804.803467	-58.119423
806.149292	-56.298241
807.495117	-55.188564
808.840942	-55.784046
810.186768	-57.164459
811.532593	-57.150826
812.878418	-55.053692
814.224243	-55.295040
815.570068	-55.020000
816.915894	-55.115673
818.261719	-55.836048
819.607544	-55.597130
820.953369	-55.689648
822.299194	-55.109062
823.645020	-54.999485
824.990845	-54.611462
826.336670	-55.662666
827.682495	-56.265354
829.028320	-56.897938
830.374146	-55.868118
831.719971	-55.045898
833.065796	-55.668465
834.411621	-56.579117
835.757446	-56.247925
837.103271	-57.056129
838.449097	-56.671909
839.794922	-57.693233
841.140747	-56.014362
842.486572	-56.089127
843.832397	-57.291588
845.178223	-57.883240
846.524048	-57.413418
847.869873	-57.246605
849.215698	-58.947071
850.561523	-59.011700
851.907349	-58.302662
853.253174	-59.282612
854.598999	-59.747826
855.944824	-58.390022
857.290649	-59.324379
858.636475	-59.049976
859.982300	-58.313866
861.328125	-60.114159
862.673950	-59.899303
864.019775	-60.373207
865.365601	-60.868591
866.711426	-60.426262
868.057251	-61.055668
869.403076	-60.818447
870.748901	-59.330807
872.094727	-61.701809
873.440552	-60.495850
874.786377	-61.433556
876.132202	-60.979481
877.478027	-60.971359
878.823853	-59.284039
880.169678	-62.867203
881.515503	-60.770958
882.861328	-64.700325
884.207153	-62.728394
885.552979	-62.553600
886.898804	-63.088100
888.244629	-63.970402
889.590454	-64.661682
890.936279	-62.471832
892.282104	-62.657394
893.627930	-63.939240
894.973755	-65.094177
896.319580	-63.448654
897.665405	-64.394844
899.011230	-63.482319
900.357056	-65.190086
901.702881	-64.451828
903.048706	-63.848324
904.394531	-63.206120
905.740356	-65.253143
907.086182	-64.413193
908.432007	-64.142563
909.777832	-63.732349
911.123657	-64.547699
912.469482	-63.189354
913.815308	-64.352829
915.161133	-63.248405
916.506958	-64.716377
917.852783	-65.122665
919.198608	-64.538391
920.544434	-65.861214
921.890259	-63.940708
923.236084	-65.480270
924.581909	-66.034004
925.927734	-64.388130
927.273560	-65.426323
928.619385	-65.116928
929.965210	-65.090805
931.311035	-65.650574
932.656860	-66.574516
934.002686	-65.397247
935.348511	-65.465919
936.694336	-66.730759
938.040161	-66.161827
939.385986	-65.916794
940.731812	-68.459213
942.077637	-65.711395
943.423462	-66.689865
944.769287	-66.153160
946.115112	-67.791847
947.460938	-68.111298
948.806763	-67.866646
950.152588	-66.920967
951.498413	-66.785019
952.844238	-66.983215
954.190063	-67.911407
955.535889	-65.924774
956.881714	-67.811676
958.227539	-66.412109
959.573364	-67.076622
960.919189	-67.020210
962.265015	-67.490929
963.610840	-66.105812
964.956665	-66.516014
966.302490	-68.286018
967.648315	-67.273178
968.994141	-68.023422
970.339966	-68.346886
971.685791	-67.713867
973.031616	-67.427216
974.377441	-69.386986
975.723267	-68.059090
977.069092	-68.209564
978.414917	-68.528404
979.760742	-67.668747
981.106567	-69.268898
982.452393	-70.442688
983.798218	-68.118980
985.144043	-68.937454
986.489868	-67.486755
987.835693	-68.262550
989.181519	-69.038544
990.527344	-67.467400
991.873169	-67.917244
993.218994	-70.002747
994.564819	-68.449829
995.910645	-69.685127
997.256470	-69.090500
998.602295	-69.266594
999.948120	-68.924500
1001.293945	-68.851006
1002.639771	-69.007805
1003.985596	-69.200027
1005.331421	-69.223602
1006.677246	-69.397758
1008.023071	-69.448303
1009.368896	-69.209824
1010.714722	-68.702934
1012.060547	-70.134453
1013.406372	-70.870918
1014.752197	-69.661736
1016.098022	-69.092865
1017.443848	-70.362755
1018.789673	-70.781548
1020.135498	-70.150963
1021.481323	-70.936218
1022.827148	-70.361870
1024.172974	-70.466911
1025.518799	-69.411247
1026.864624	-69.045776
1028.210449	-70.281929
1029.556274	-69.406456
1030.902100	-70.877472
1032.247925	-70.137024
1033.593750	-68.881660
1034.939575	-68.155975
1036.285400	-67.872475
1037.631226	-68.336258
1038.977051	-69.272766
1040.322876	-70.899605
1041.668701	-70.748703
1043.014526	-69.824417
1044.360352	-70.168129
1045.706177	-70.348030
1047.052002	-69.329369
1048.397827	-71.808540
1049.743652	-70.449547
1051.089478	-69.814178
1052.435303	-71.670097
1053.781128	-71.428093
1055.126953	-71.298790
1056.472778	-71.033264
1057.818604	-71.212212
1059.164429	-70.806847
1060.510254	-71.090820
1061.856079	-69.951096
1063.201904	-71.548721
1064.547729	-69.948433
1065.893555	-70.905441
1067.239380	-70.970398
1068.585205	-69.086784
1069.931030	-69.773659
1071.276855	-69.609825
1072.622681	-71.574028
1073.968506	-71.707031
1075.314331	-70.934311
1076.660156	-70.896141
1078.005981	-71.385002
1079.351807	-71.827209
1080.697632	-71.983772
1082.043457	-72.887169
1083.389282	-71.040657
1084.735107	-70.782944
1086.080933	-70.867752
1087.426758	-71.923981
1088.772583	-68.191605
1090.118408	-70.684517
1091.464233	-70.220955
1092.810059	-69.523048
1094.155884	-69.935593
1095.501709	-71.257996
1096.847534	-71.995033
1098.193359	-71.191811
1099.539185	-71.735580
1100.885010	-71.676735
1102.230835	-71.110725
1103.576660	-71.292488
1104.922485	-69.755318
1106.268311	-70.921654
1107.614136	-69.954742
1108.959961	-70.831703
1110.305786	-72.798134
1111.651611	-70.921707
1112.997437	-70.888084
1114.343262	-69.238640
1115.689087	-69.917938
1117.034912	-70.197311
1118.380737	-70.832825
1119.726562	-70.461357
1121.072388	-70.918159
1122.418213	-71.108917
1123.764038	-71.071487
1125.109863	-71.378365
1126.455688	-70.915009
1127.801514	-72.068848
1129.147339	-70.678688
1130.493164	-72.690201
1131.838989	-70.518906
1133.184814	-71.133797
1134.530640	-70.069267
1135.876465	-70.686028
1137.222290	-73.008057
1138.568115	-72.072609
1139.913940	-70.798134
1141.259766	-70.161530
1142.605591	-70.500626
1143.951416	-71.886520
1145.297241	-72.246422
1146.643066	-71.584305
1147.988892	-71.296753
1149.334717	-73.659248
1150.680542	-73.333199
1152.026367	-71.158661
1153.372192	-70.013100
1154.718018	-71.824821
1156.063843	-72.066536
1157.409668	-73.410492
1158.755493	-72.920731
1160.101318	-71.964531
1161.447144	-72.411293
1162.792969	-71.325211
1164.138794	-72.097313
1165.484619	-71.645813
1166.830444	-71.010155
1168.176270	-71.774803
1169.522095	-72.009506
1170.867920	-72.100929
1172.213745	-73.084961
1173.559570	-71.792046
1174.905396	-71.542450
1176.251221	-71.995422
1177.597046	-73.579407
1178.942871	-72.336021
1180.288696	-72.479553
1181.634521	-73.391075
1182.980347	-73.415039
1184.326172	-72.614677
1185.671997	-73.044991
1187.017822	-72.417633
1188.363647	-72.417137
1189.709473	-70.614281
1191.055298	-72.088448
1192.401123	-73.514610
1193.746948	-72.925697
1195.092773	-72.394806
1196.438599	-72.612946
1197.784424	-72.462997
1199.130249	-72.315262
1200.476074	-73.539490
1201.821899	-72.732719
1203.167725	-74.530670
1204.513550	-72.300385
1205.859375	-72.397316
1207.205200	-71.295364
1208.551025	-72.306190
1209.896851	-72.784798
1211.242676	-72.833969
1212.588501	-70.732651
1213.934326	-74.064049
1215.280151	-72.706528
1216.625977	-73.313568
1217.971802	-73.186508
1219.317627	-72.686913
1220.663452	-72.774796
1222.009277	-71.831856
1223.355103	-73.684441
1224.700928	-71.441063
1226.046753	-72.344437
1227.392578	-72.346909
1228.738403	-74.522232
1230.084229	-73.276222
1231.430054	-73.693710
1232.775879	-73.164825
1234.121704	-71.768349
1235.467529	-72.388191
1236.813354	-72.529945
1238.159180	-73.172386
1239.505005	-71.621803
1240.850830	-73.603882
1242.196655	-72.258263
1243.542480	-72.038719
1244.888306	-70.000984
1246.234131	-73.212883
1247.579956	-72.478622
1248.925781	-73.490341
1250.271606	-73.085876
1251.617432	-72.000183
1252.963257	-71.954964
1254.309082	-73.643303
1255.654907	-73.025719
1257.000732	-72.767052
1258.346558	-72.441498
1259.692383	-72.745598
1261.038208	-71.543648
1262.384033	-70.355576
1263.729858	-72.248642
1265.075684	-72.123337
1266.421509	-71.928711
1267.767334	-71.944862
1269.113159	-70.548523
1270.458984	-71.401871
1271.804810	-71.615540
1273.150635	-71.909668
1274.496460	-72.779243
1275.842285	-72.632942
1277.188110	-71.922409
1278.533936	-71.272285
1279.879761	-73.813530
1281.225586	-71.234810
1282.571411	-70.844795
1283.917236	-72.705452
1285.263062	-71.749252
1286.608887	-71.721153
1287.954712	-71.331673
1289.300537	-71.145477
1290.646362	-71.665955
1291.992188	-71.485985
1293.338013	-72.258087
1294.683838	-73.076149
1296.029663	-72.720032
1297.375488	-72.031342
1298.721313	-71.264107
1300.067139	-71.215622
1301.412964	-72.603195
1302.758789	-72.264534
1304.104614	-71.646049
1305.450439	-71.267326
1306.796265	-72.688034
1308.142090	-71.781197
1309.487915	-69.694252
1310.833740	-72.527588
1312.179565	-71.589043
1313.525391	-70.366623
1314.871216	-72.419022
1316.217041	-72.018318
1317.562866	-71.037827
1318.908691	-70.973457
1320.254517	-70.805527
1321.600342	-71.332336
1322.946167	-71.264961
1324.291992	-72.696648
1325.637817	-71.099251
1326.983643	-71.950035
1328.329468	-71.951096
1329.675293	-72.772438
1331.021118	-72.371101
1332.366943	-70.300247
1333.712769	-70.996765
1335.058594	-70.319069
1336.404419	-71.907349
1337.750244	-71.496475
1339.096069	-71.601372
1340.441895	-69.574318
1341.787720	-68.895760
1343.133545	-70.917114
1344.479370	-70.628853
1345.825195	-69.431129
1347.171021	-70.508820
1348.516846	-70.161697
1349.862671	-69.978210
1351.208496	-69.989754
1352.554321	-71.692299
1353.900146	-69.782387
1355.245972	-71.067528
1356.591797	-71.445953
1357.937622	-71.020729
1359.283447	-70.610474
1360.629272	-69.930847
1361.975098	-70.392242
1363.320923	-71.207733
1364.666748	-70.564392
1366.012573	-70.051506
1367.358398	-70.454819
1368.704224	-70.105919
1370.050049	-69.314789
1371.395874	-68.674278
1372.741699	-69.751762
1374.087524	-69.989128
1375.433350	-69.896759
1376.779175	-70.003067
1378.125000	-69.774025
1379.470825	-70.566360
1380.816650	-71.515396
1382.162476	-69.076591
1383.508301	-69.990120
1384.854126	-69.015182
1386.199951	-70.068375
1387.545776	-69.142448
1388.891602	-68.690910
1390.237427	-69.885384
1391.583252	-70.922935
1392.929077	-70.219353
1394.274902	-69.826454
1395.620728	-67.981995
1396.966553	-70.602402
1398.312378	-68.782593
1399.658203	-70.456192
1401.004028	-69.454193
1402.349854	-68.451149
1403.695679	-69.490799
1405.041504	-69.516541
1406.387329	-69.330292
1407.733154	-69.539909
1409.078979	-68.853058
1410.424805	-68.262520
1411.770630	-69.784126
1413.116455	-68.558632
1414.462280	-68.929367
1415.808105	-68.032326
1417.153931	-68.434555
1418.499756	-68.913742
1419.845581	-67.705582
1421.191406	-67.993462
1422.537231	-70.224655
1423.883057	-68.662079
1425.228882	-67.909210
1426.574707	-68.766510
1427.920532	-69.225830
1429.266357	-69.040710
1430.612183	-67.866142
1431.958008	-66.652733
1433.303833	-68.616776
1434.649658	-68.650307
1435.995483	-69.946732
1437.341309	-68.780289
1438.687134	-67.834747
1440.032959	-67.808144
1441.378784	-67.305580
1442.724609	-67.320396
1444.070435	-67.644409
1445.416260	-66.939095
1446.762085	-67.193169
1448.107910	-68.670509
1449.453735	-67.429703
1450.799561	-67.578575
1452.145386	-67.766418
1453.491211	-66.906212
1454.837036	-67.596405
1456.182861	-67.628616
1457.528687	-66.849953
1458.874512	-68.370888
1460.220337	-68.374016
1461.566162	-67.449043
1462.911987	-67.149048
1464.257812	-66.351845
1465.603638	-66.250854
1466.949463	-68.178391
1468.295288	-65.742615
1469.641113	-65.685478
1470.986938	-66.091461
1472.332764	-67.504486
1473.678589	-67.296356
1475.024414	-65.313309
1476.370239	-66.015816
1477.716064	-66.665428
1479.061890	-65.487778
1480.407715	-66.192703
1481.753540	-67.007820
1483.099365	-66.708694
1484.445190	-66.037094
1485.791016	-67.563606
1487.136841	-65.725235
1488.482666	-65.004150
1489.828491	-66.358574
1491.174316	-65.726685
1492.520142	-66.175667
1493.865967	-63.797562
1495.211792	-64.863220
1496.557617	-66.385826
1497.903442	-66.753448
1499.249268	-64.979523
1500.595093	-66.174034
1501.940918	-66.260994
1503.286743	-64.962624
1504.632568	-66.421295
1505.978394	-65.342278
1507.324219	-64.642418
1508.670044	-64.719017
1510.015869	-63.882946
1511.361694	-63.914043
1512.707520	-63.854992
1514.053345	-64.287933
1515.399170	-63.856617
1516.744995	-64.808853
1518.090820	-64.286057
1519.436646	-63.815659
1520.782471	-63.880085
1522.128296	-63.489338
1523.474121	-63.338123
1524.819946	-64.560295
1526.165771	-64.595306
1527.511597	-63.473412
1528.857422	-63.195869
1530.203247	-63.143723
1531.549072	-62.908810
1532.894897	-62.932301
1534.240723	-62.724197
1535.586548	-61.688328
1536.932373	-62.338264
1538.278198	-63.021816
1539.624023	-63.094299
1540.969849	-63.194202
1542.315674	-61.547924
1543.661499	-63.517712
1545.007324	-63.829906
1546.353149	-63.284363
1547.698975	-61.136292
1549.044800	-62.118740
1550.390625	-62.783173
1551.736450	-61.602150
1553.082275	-61.243423
1554.428101	-60.724983
1555.773926	-61.779762
1557.119751	-60.587925
1558.465576	-60.232670
1559.811401	-61.504204
1561.157227	-60.757065
1562.503052	-60.244175
1563.848877	-60.318287
1565.194702	-59.390789
1566.540527	-60.653343
1567.886353	-61.015099
1569.232178	-59.974854
1570.578003	-60.516388
1571.923828	-60.809887
1573.269653	-59.850704
1574.615479	-58.871590
1575.961304	-60.424820
1577.307129	-59.936409
1578.652954	-56.563210
1579.998779	-60.127495
1581.344604	-60.674484
1582.690430	-57.921570
1584.036255	-56.944565
1585.382080	-59.157486
1586.727905	-58.743931
1588.073730	-58.058212
1589.419556	-58.213924
1590.765381	-58.358025
1592.111206	-58.971245
1593.457031	-59.813923
1594.802856	-56.926109
1596.148682	-57.381504
1597.494507	-59.610241
1598.840332	-57.646900
1600.186157	-57.047001
1601.531982	-57.086372
1602.877808	-56.692829
1604.223633	-55.532337
1605.569458	-56.277718
1606.915283	-55.338245
1608.261108	-55.540817
1609.606934	-55.908070
1610.952759	-55.820026
1612.298584	-54.743698
1613.644409	-55.539730
1614.990234	-54.586613
1616.336060	-56.185467
1617.681885	-56.648232
1619.027710	-56.940624
1620.373535	-55.383469
1621.719360	-53.833626
1623.065186	-54.549191
1624.411011	-56.573589
1625.756836	-54.864536
1627.102661	-55.208183
1628.448486	-54.531406
1629.794312	-53.553566
1631.140137	-53.743679
1632.485962	-54.774895
1633.831787	-53.351147
1635.177612	-54.777451
1636.523438	-52.760239
1637.869263	-52.885475
1639.215088	-53.982323
1640.560913	-54.319450
1641.906738	-54.025276
1643.252563	-53.624794
1644.598389	-53.694237
1645.944214	-54.388100
1647.290039	-55.105591
1648.635864	-55.127533
1649.981689	-53.238262
1651.327515	-52.807262
1652.673340	-52.492496
1654.019165	-52.789383
1655.364990	-53.750607
1656.710815	-53.566738
1658.056641	-54.440426
1659.402466	-53.482536
1660.748291	-55.755463
1662.094116	-54.691711
1663.439941	-52.766266
1664.785767	-55.617912
1666.131592	-54.218895
1667.477417	-53.400105
1668.823242	-53.661266
1670.169067	-53.062260
1671.514893	-54.620720
1672.860718	-54.643116
1674.206543	-52.950439
1675.552368	-54.850468
1676.898193	-54.344128
1678.244019	-53.831478
1679.589844	-54.463676
1680.935669	-54.828979
1682.281494	-57.004749
1683.627319	-54.870148
1684.973145	-56.902035
1686.318970	-56.203247
1687.664795	-56.058342
1689.010620	-56.104694
1690.356445	-55.757698
1691.702271	-57.479401
1693.048096	-56.129894
1694.393921	-56.948685
1695.739746	-56.900692
1697.085571	-56.919159
1698.431396	-57.344631
1699.777222	-56.320351
1701.123047	-58.842144
1702.468872	-57.744667
1703.814697	-57.757236
1705.160522	-58.611900
1706.506348	-57.034466
1707.852173	-56.702988
1709.197998	-57.940865
1710.543823	-57.658543
1711.889648	-59.505898
1713.235474	-58.788906
1714.581299	-58.459507
1715.927124	-58.697712
1717.272949	-57.003036
1718.618774	-58.760052
1719.964600	-57.476971
1721.310425	-59.755802
1722.656250	-60.594055
1724.002075	-60.209984
1725.347900	-58.724964
1726.693726	-60.273476
1728.039551	-60.063644
1729.385376	-59.000896
1730.731201	-58.574139
1732.077026	-59.291393
1733.422852	-59.750557
1734.768677	-60.318890
1736.114502	-60.029297
1737.460327	-59.964863
1738.806152	-60.934952
1740.151978	-61.187496
1741.497803	-60.954884
1742.843628	-61.392071
1744.189453	-59.823387
1745.535278	-61.553280
1746.881104	-60.916531
1748.226929	-60.338943
1749.572754	-61.450310
1750.918579	-60.828075
1752.264404	-61.368404
1753.610229	-61.324200
1754.956055	-60.968475
1756.301880	-61.907883
1757.647705	-63.209152
1758.993530	-62.545082
1760.339355	-61.541958
1761.685181	-60.748203
1763.031006	-63.389885
1764.376831	-61.874489
1765.722656	-61.380932
1767.068481	-60.732018
1768.414307	-63.207039
1769.760132	-62.348625
1771.105957	-62.419144
1772.451782	-62.488426
1773.797607	-62.208427
1775.143433	-62.304070
1776.489258	-62.810219
1777.835083	-62.596149
1779.180908	-61.874199
1780.526733	-62.352520
1781.872559	-63.603153
1783.218384	-62.926964
1784.564209	-64.418091
1785.910034	-62.190014
1787.255859	-62.911789
1788.601685	-63.119186
1789.947510	-63.342487
1791.293335	-64.045349
1792.639160	-63.700031
1793.984985	-62.866207
1795.330811	-65.566460
1796.676636	-63.540405
1798.022461	-64.130516
1799.368286	-63.600548
1800.714111	-64.398827
1802.059937	-63.612549
1803.405762	-62.737835
1804.751587	-63.471733
1806.097412	-64.128578
1807.443237	-63.834896
1808.789062	-63.243969
1810.134888	-64.923080
1811.480713	-63.498779
1812.826538	-62.799503
1814.172363	-62.988621
1815.518188	-62.948479
1816.864014	-62.643677
1818.209839	-64.273079
1819.555664	-65.973701
1820.901489	-63.448135
1822.247314	-62.715305
1823.593140	-63.604900
1824.938965	-64.226631
1826.284790	-65.568077
1827.630615	-63.050632
1828.976440	-63.418999
1830.322266	-65.375153
1831.668091	-64.742180
1833.013916	-65.423271
1834.359741	-66.707672
1835.705566	-64.248352
1837.051392	-65.199707
1838.397217	-65.255043
1839.743042	-65.434151
1841.088867	-64.568977
1842.434692	-65.627243
1843.780518	-64.446808
1845.126343	-66.251526
1846.472168	-64.025192
1847.817993	-65.604256
1849.163818	-65.046165
1850.509644	-64.852272
1851.855469	-66.697044
1853.201294	-66.572006
1854.547119	-66.086479
1855.892944	-65.279678
1857.238770	-65.569893
1858.584595	-65.188408
1859.930420	-64.485573
1861.276245	-66.208786
1862.622070	-66.366409
1863.967896	-64.601166
1865.313721	-66.678673
1866.659546	-64.743980
1868.005371	-64.790657
1869.351196	-65.449883
1870.697021	-67.845169
1872.042847	-65.281807
1873.388672	-64.727859
1874.734497	-65.982841
1876.080322	-66.586044
1877.426147	-65.970711
1878.771973	-67.216110
1880.117798	-65.394058
1881.463623	-66.627823
1882.809448	-66.550224
1884.155273	-66.468842
1885.501099	-66.429947
1886.846924	-65.459190
1888.192749	-66.161278
1889.538574	-65.693802
1890.884399	-66.045120
1892.230225	-66.038780
1893.576050	-67.853813
1894.921875	-65.598991
1896.267700	-66.645370
1897.613525	-65.970497
1898.959351	-66.729027
1900.305176	-67.405724
1901.651001	-67.296371
1902.996826	-68.429939
1904.342651	-66.071548
1905.688477	-66.051788
1907.034302	-66.208496
1908.380127	-67.200981
1909.725952	-65.814354
1911.071777	-65.749786
1912.417603	-65.003860
1913.763428	-65.942169
1915.109253	-67.602394
1916.455078	-66.913704
1917.800903	-66.983543
1919.146729	-67.886971
1920.492554	-65.711952
1921.838379	-66.590439
1923.184204	-65.390472
1924.530029	-67.129089
1925.875854	-66.406166
1927.221680	-65.974731
1928.567505	-66.478775
1929.913330	-66.902184
1931.259155	-66.724274
1932.604980	-65.532265
1933.950806	-66.153252
1935.296631	-67.377548
1936.642456	-66.608276
1937.988281	-66.258514
1939.334106	-67.032585
1940.679932	-67.383904
1942.025757	-66.855347
1943.371582	-67.420700
1944.717407	-66.135475
1946.063232	-66.019897
1947.409058	-66.610489
1948.754883	-66.421410
1950.100708	-67.694221
1951.446533	-66.615547
1952.792358	-67.359383
1954.138184	-67.750404
1955.484009	-68.630180
1956.829834	-67.886467
1958.175659	-68.491005
1959.521484	-67.680290
1960.867310	-66.370018
1962.213135	-67.019966
1963.558960	-66.601410
1964.904785	-66.450935
1966.250610	-67.458595
1967.596436	-67.898369
1968.942261	-66.236786
1970.288086	-68.362457
1971.633911	-67.944191
1972.979736	-67.636116
1974.325562	-66.388214
1975.671387	-66.442711
1977.017212	-69.003021
1978.363037	-67.724342
1979.708862	-67.837257
1981.054688	-68.499359
1982.400513	-66.288902
1983.746338	-67.915924
1985.092163	-68.561775
1986.437988	-67.948524
1987.783813	-67.366409
1989.129639	-66.617500
1990.475464	-65.787674
1991.821289	-66.831917
1993.167114	-66.374245
1994.512939	-66.189362
1995.858765	-67.024063
1997.204590	-68.283272
1998.550415	-67.947220
1999.896240	-65.749489
2001.242065	-66.891220
2002.587891	-65.770943
2003.933716	-66.182419
2005.279541	-67.758591
2006.625366	-65.946625
2007.971191	-67.087387
2009.317017	-66.286385
2010.662842	-66.912590
2012.008667	-67.790115
2013.354492	-68.102509
2014.700317	-66.870201
2016.046143	-67.211006
2017.391968	-67.111504
2018.737793	-66.724930
2020.083618	-67.873917
2021.429443	-67.304718
2022.775269	-65.970695
2024.121094	-66.794861
2025.466919	-68.197021
2026.812744	-66.952324
2028.158569	-67.005539
2029.504395	-67.079674
2030.850220	-66.362274
2032.196045	-66.658157
2033.541870	-68.335190
2034.887695	-66.780708
2036.233521	-67.845985
2037.579346	-68.431160
2038.925171	-67.595764
2040.270996	-67.979408
2041.616821	-67.364441
2042.962646	-66.790146
2044.308472	-68.224991
2045.654297	-69.165779
2047.000122	-69.149605
2048.345947	-68.022079
2049.691772	-67.837440
2051.037598	-66.320129
2052.383423	-67.656868
2053.729248	-67.626358
2055.075073	-67.935570
2056.420898	-66.996170
2057.766724	-67.648071
2059.112549	-65.502419
2060.458374	-67.133308
2061.804199	-66.672569
2063.150024	-67.466057
2064.495850	-67.513100
2065.841675	-67.507057
2067.187500	-65.824905
2068.533325	-67.260857
2069.879150	-68.115112
2071.224976	-65.539032
2072.570801	-66.434631
2073.916626	-67.424164
2075.262451	-67.535889
2076.608276	-66.113007
2077.954102	-66.940414
2079.299927	-66.667496
2080.645752	-65.838524
2081.991577	-66.418556
2083.337402	-66.113060
2084.683228	-65.772751
2086.029053	-64.713066
2087.374878	-67.346352
2088.720703	-68.665588
2090.066528	-66.207184
2091.412354	-67.577621
2092.758179	-67.601082
2094.104004	-66.960777
2095.449829	-66.941910
2096.795654	-67.323883
2098.141479	-67.452866
2099.487305	-66.674614
2100.833130	-66.975533
2102.178955	-67.470154
2103.524780	-67.246574
2104.870605	-66.272224
2106.216431	-66.302002
2107.562256	-66.191437
2108.908081	-65.491096
2110.253906	-66.828384
2111.599731	-65.418045
2112.945557	-66.531746
2114.291382	-67.059700
2115.637207	-66.261726
2116.983032	-66.779541
2118.328857	-66.315765
2119.674683	-66.640388
2121.020508	-66.590096
2122.366333	-65.489594
2123.712158	-66.830498
2125.057983	-66.662575
2126.403809	-66.732475
2127.749634	-65.616600
2129.095459	-66.410370
2130.441284	-67.148201
2131.787109	-67.459297
2133.132935	-66.294106
2134.478760	-65.211121
2135.824585	-64.537102
2137.170410	-65.182495
2138.516235	-65.007828
2139.862061	-66.633316
2141.207886	-65.485100
2142.553711	-63.915733
2143.899536	-65.120674
2145.245361	-65.059998
2146.591187	-65.010078
2147.937012	-65.930382
2149.282837	-65.822235
2150.628662	-64.564377
2151.974487	-66.517670
2153.320312	-65.895714
2154.666138	-67.026505
2156.011963	-65.672760
2157.357788	-64.963081
2158.703613	-66.407646
2160.049438	-65.651741
2161.395264	-64.551094
2162.741089	-65.356949
2164.086914	-64.107178
2165.432739	-64.083878
2166.778564	-65.339401
2168.124390	-63.760563
2169.470215	-65.650795
2170.816040	-65.349907
2172.161865	-64.642006
2173.507690	-65.821793
2174.853516	-65.120743
2176.199341	-65.052361
2177.545166	-65.677452
2178.890991	-64.329025
2180.236816	-64.649223
2181.582642	-64.384216
2182.928467	-63.736736
2184.274292	-67.503586
2185.620117	-64.492844
2186.965942	-63.368504
2188.311768	-64.101807
2189.657593	-63.533443
2191.003418	-64.990105
2192.349243	-65.292252
2193.695068	-63.941967
2195.040894	-63.695423
2196.386719	-64.797897
2197.732544	-66.523712
2199.078369	-66.519951
2200.424194	-64.765953
2201.770020	-64.720047
2203.115845	-64.816620
2204.461670	-64.558174
2205.807495	-64.082443
2207.153320	-64.360268
2208.499146	-66.636810
2209.844971	-64.120720
2211.190796	-63.704117
2212.536621	-62.890770
2213.882446	-63.759327
2215.228271	-65.336334
2216.574097	-65.338051
2217.919922	-63.899281
2219.265747	-64.792717
2220.611572	-64.432793
2221.957397	-62.137405
2223.303223	-63.463982
2224.649048	-63.841877
2225.994873	-64.954361
2227.340698	-64.419868
2228.686523	-64.645210
2230.032349	-63.147209
2231.378174	-64.334457
2232.723999	-64.463097
2234.069824	-62.157337
2235.415649	-64.641617
2236.761475	-64.151878
2238.107300	-64.797615
2239.453125	-64.297203
2240.798950	-62.685131
2242.144775	-63.897865
2243.490601	-62.568966
2244.836426	-64.238983
2246.182251	-62.723328
2247.528076	-62.869297
2248.873901	-62.369167
2250.219727	-62.043152
2251.565552	-64.125534
2252.911377	-63.708588
2254.257202	-62.440189
2255.603027	-61.954155
2256.948853	-62.673431
2258.294678	-61.499081
2259.640503	-61.202831
2260.986328	-60.987709
2262.332153	-63.039314
2263.677979	-61.681198
2265.023804	-61.204144
2266.369629	-62.299496
2267.715454	-61.862091
2269.061279	-60.970158
2270.407104	-61.674831
2271.752930	-61.140621
2273.098755	-61.883461
2274.444580	-62.595436
2275.790405	-61.839668
2277.136230	-61.764027
2278.482056	-60.823063
2279.827881	-61.992439
2281.173706	-61.081169
2282.519531	-62.362530
2283.865356	-61.930759
2285.211182	-61.210960
2286.557007	-61.011745
2287.902832	-61.306339
2289.248657	-61.393333
2290.594482	-61.694843
2291.940308	-61.689911
2293.286133	-61.178387
2294.631958	-59.915913
2295.977783	-60.685535
2297.323608	-60.111248
2298.669434	-59.152256
2300.015259	-60.803280
2301.361084	-60.876667
2302.706909	-60.966507
2304.052734	-61.525265
2305.398560	-60.407463
2306.744385	-58.757313
2308.090210	-60.601570
2309.436035	-58.670609
2310.781860	-59.410763
2312.127686	-59.258892
2313.473511	-59.687927
2314.819336	-60.749947
2316.165161	-59.065090
2317.510986	-58.098927
2318.856812	-58.997101
2320.202637	-58.941822
2321.548462	-61.180576
2322.894287	-60.217983
2324.240112	-59.201008
2325.585938	-58.404026
2326.931763	-57.867645
2328.277588	-58.051662
2329.623413	-58.853931
2330.969238	-60.686306
2332.315063	-58.412338
2333.660889	-59.982052
2335.006714	-59.276478
2336.352539	-58.440987
2337.698364	-58.050911
2339.044189	-55.736000
2340.390015	-57.898540
2341.735840	-58.299458
2343.081665	-58.462296
2344.427490	-58.915150
2345.773315	-58.298687
2347.119141	-56.640881
2348.464966	-57.654312
2349.810791	-57.702785
2351.156616	-56.381248
2352.502441	-56.818066
2353.848267	-57.743324
2355.194092	-55.846401
2356.539917	-56.539398
2357.885742	-56.186531
2359.231567	-58.990040
2360.577393	-56.782921
2361.923218	-54.964073
2363.269043	-55.625301
2364.614868	-56.145222
2365.960693	-58.234707
2367.306519	-55.609234
2368.652344	-55.700115
2369.998169	-55.123070
2371.343994	-55.201790
2372.689819	-54.826267
2374.035645	-56.407734
2375.381470	-54.519211
2376.727295	-54.988956
2378.073120	-54.442745
2379.418945	-54.285660
2380.764771	-53.772713
2382.110596	-55.128494
2383.456421	-52.901440
2384.802246	-53.076347
2386.148071	-54.108704
2387.493896	-53.944691
2388.839722	-55.224167
2390.185547	-54.079258
2391.531372	-53.113480
2392.877197	-55.082008
2394.223022	-53.080151
2395.568848	-53.788910
2396.914673	-53.892040
2398.260498	-55.852661
2399.606323	-53.074913
2400.952148	-51.086140
2402.297974	-52.650604
2403.643799	-51.349739
2404.989624	-53.190342
2406.335449	-51.682484
2407.681274	-50.912754
2409.027100	-53.972534
2410.372925	-52.651085
2411.718750	-51.310387
2413.064575	-51.074306
2414.410400	-50.292080
2415.756226	-51.235989
2417.102051	-51.453400
2418.447876	-50.931980
2419.793701	-51.716473
2421.139526	-50.625305
2422.485352	-49.228500
2423.831177	-50.298122
2425.177002	-50.038723
2426.522827	-52.182327
2427.868652	-51.181332
2429.214478	-49.164742
2430.560303	-50.624775
2431.906128	-50.412418
2433.251953	-50.677116
2434.597778	-48.932854
2435.943604	-50.923138
2437.289429	-49.727177
2438.635254	-50.775730
2439.981079	-50.333008
2441.326904	-50.191170
2442.672729	-49.894428
2444.018555	-51.401257
2445.364380	-49.787128
2446.710205	-48.803776
2448.056030	-49.237293
2449.401855	-49.670258
2450.747681	-48.406101
2452.093506	-49.205761
2453.439331	-49.502125
2454.785156	-50.108585
2456.130981	-48.404640
2457.476807	-49.356964
2458.822632	-47.733555
2460.168457	-49.457092
2461.514282	-51.609543
2462.860107	-48.736462
2464.205933	-48.376163
2465.551758	-49.343903
2466.897583	-50.354290
2468.243408	-50.569733
2469.589233	-49.715878
2470.935059	-50.363728
2472.280884	-48.322685
2473.626709	-49.415504
2474.972534	-49.069210
2476.318359	-48.800724
2477.664185	-48.563118
2479.010010	-50.722149
2480.355835	-49.145878
2481.701660	-48.559914
2483.047485	-49.411789
2484.393311	-49.030506
2485.739136	-48.393860
2487.084961	-49.351353
2488.430786	-49.084469
2489.776611	-51.643822
2491.122437	-49.271641
2492.468262	-49.322399
2493.814087	-49.947399
2495.159912	-52.054588
2496.505737	-50.762127
2497.851562	-50.460281
2499.197388	-50.448608
2500.543213	-50.440807
2501.889038	-50.753925
2503.234863	-51.186241
2504.580688	-51.466011
2505.926514	-52.244019
2507.272339	-49.727940
2508.618164	-49.916584
2509.963989	-51.360359
2511.309814	-51.867596
2512.655640	-51.542583
2514.001465	-50.964722
2515.347290	-51.237717
2516.693115	-51.758724
2518.038940	-50.808067
2519.384766	-52.004021
2520.730591	-51.050484
2522.076416	-51.454777
2523.422241	-53.223576
2524.768066	-51.964832
2526.113892	-52.996372
2527.459717	-53.131321
2528.805542	-53.558289
2530.151367	-52.665325
2531.497192	-52.984203
2532.843018	-51.437355
2534.188843	-52.989895
2535.534668	-52.178692
2536.880493	-53.674007
2538.226318	-53.702316
2539.572144	-54.348930
2540.917969	-54.757294
2542.263794	-52.356930
2543.609619	-55.517204
2544.955444	-55.462471
2546.301270	-56.295025
2547.647095	-52.832024
2548.992920	-53.825134
2550.338745	-54.879147
2551.684570	-55.458755
2553.030396	-55.595112
2554.376221	-54.228737
2555.722046	-55.018173
2557.067871	-57.170399
2558.413696	-53.923847
2559.759521	-56.165146
2561.105347	-56.423920
2562.451172	-55.628185
2563.796997	-56.474247
2565.142822	-54.817436
2566.488647	-56.370274
2567.834473	-56.916489
2569.180298	-56.274506
2570.526123	-56.091572
2571.871948	-56.776356
2573.217773	-56.618023
2574.563599	-56.102928
2575.909424	-56.058987
2577.255249	-54.817978
2578.601074	-56.545971
2579.946899	-56.191181
2581.292725	-57.325836
2582.638550	-56.682995
2583.984375	-56.281830
2585.330200	-55.180946
2586.676025	-56.704273
2588.021851	-56.661427
2589.367676	-57.945293
2590.713501	-56.677151
2592.059326	-55.497322
2593.405151	-56.312069
2594.750977	-57.358105
2596.096802	-56.985752
2597.442627	-57.912060
2598.788452	-57.900204
2600.134277	-58.003082
2601.480103	-59.270782
2602.825928	-58.188591
2604.171753	-57.451828
2605.517578	-57.187019
2606.863403	-58.086384
2608.209229	-59.373875
2609.555054	-57.726727
2610.900879	-56.940269
2612.246704	-59.886524
2613.592529	-59.286152
2614.938354	-58.040432
2616.284180	-56.666149
2617.630005	-57.302879
2618.975830	-57.750366
2620.321655	-57.618050
2621.667480	-57.782280
2623.013306	-57.877308
2624.359131	-57.115353
2625.704956	-58.772274
2627.050781	-58.105316
2628.396606	-58.144722
2629.742432	-58.928730
2631.088257	-59.586357
2632.434082	-61.033474
2633.779907	-58.540157
2635.125732	-57.782642
2636.471558	-58.958855
2637.817383	-59.017872
2639.163208	-58.170280
2640.509033	-58.315887
2641.854858	-58.803753
2643.200684	-59.750458
2644.546509	-59.489697
2645.892334	-59.966244
2647.238159	-58.856617
2648.583984	-57.275673
2649.929810	-60.772579
2651.275635	-59.269085
2652.621460	-58.425915
2653.967285	-59.237709
2655.313110	-58.619057
2656.658936	-59.550903
2658.004761	-59.490845
2659.350586	-58.786491
2660.696411	-60.493061
2662.042236	-59.626518
2663.388062	-59.762459
2664.733887	-58.554184
2666.079712	-58.755108
2667.425537	-59.257847
2668.771362	-59.120014
2670.117188	-60.220985
2671.463013	-59.788689
2672.808838	-61.615116
2674.154663	-59.267479
2675.500488	-60.463398
2676.846313	-60.597725
2678.192139	-59.512421
2679.537964	-60.352974
2680.883789	-60.630409
2682.229614	-59.938862
2683.575439	-58.862762
2684.921265	-59.939629
2686.267090	-59.900978
2687.612915	-59.816921
2688.958740	-60.211395
2690.304565	-59.097546
2691.650391	-59.946423
2692.996216	-59.839714
2694.342041	-61.410286
2695.687866	-59.481880
2697.033691	-59.919891
2698.379517	-62.008320
2699.725342	-60.101395
2701.071167	-60.162434
2702.416992	-60.003296
2703.762817	-59.823246
2705.108643	-59.972794
2706.454468	-59.283001
2707.800293	-60.491493
2709.146118	-59.015701
2710.491943	-60.984764
2711.837769	-60.875565
2713.183594	-60.245201
2714.529419	-59.972389
2715.875244	-60.241390
2717.221069	-59.982208
2718.566895	-60.056664
2719.912720	-61.425095
2721.258545	-60.651470
2722.604370	-60.586796
2723.950195	-62.034184
2725.296021	-61.504482
2726.641846	-61.776146
2727.987671	-61.754391
2729.333496	-61.603493
2730.679321	-61.118122
2732.025146	-59.634796
2733.370972	-60.485645
2734.716797	-61.023197
2736.062622	-60.722057
2737.408447	-59.958416
2738.754272	-61.596134
2740.100098	-60.208504
2741.445923	-60.583912
2742.791748	-62.365696
2744.137573	-59.605278
2745.483398	-60.276012
2746.829224	-59.666260
2748.175049	-61.528328
2749.520874	-62.845898
2750.866699	-61.959248
2752.212524	-61.797867
2753.558350	-61.933731
2754.904175	-61.363201
2756.250000	-61.058346
2757.595825	-61.982773
2758.941650	-62.193798
2760.287476	-61.849792
2761.633301	-60.121895
2762.979126	-60.993225
2764.324951	-59.610538
2765.670776	-59.970024
2767.016602	-62.385914
2768.362427	-62.264484
2769.708252	-60.445370
2771.054077	-59.932652
2772.399902	-61.742531
2773.745728	-61.514473
2775.091553	-61.212856
2776.437378	-59.565098
2777.783203	-61.707813
2779.129028	-61.738590
2780.474854	-60.830338
2781.820679	-61.215366
2783.166504	-60.878315
2784.512329	-60.675560
2785.858154	-61.719898
2787.203979	-61.844368
2788.549805	-61.439743
2789.895630	-60.665916
2791.241455	-61.023407
2792.587280	-60.475933
2793.933105	-59.796871
2795.278931	-59.624214
2796.624756	-60.017845
2797.970581	-60.869503
2799.316406	-61.116184
2800.662231	-60.580166
2802.008057	-59.692612
2803.353882	-60.229702
2804.699707	-60.764240
2806.045532	-60.399628
2807.391357	-60.688602
2808.737183	-61.562832
2810.083008	-62.035152
2811.428833	-60.308323
2812.774658	-60.492611
2814.120483	-62.070824
2815.466309	-62.011063
2816.812134	-60.146973
2818.157959	-61.314880
2819.503784	-61.410938
2820.849609	-60.760918
2822.195435	-61.012024
2823.541260	-60.319538
2824.887085	-62.384132
2826.232910	-62.819569
2827.578735	-62.801121
2828.924561	-62.867599
2830.270386	-61.837353
2831.616211	-61.773788
2832.962036	-62.661942
2834.307861	-60.401340
2835.653687	-60.254433
2836.999512	-61.165077
2838.345337	-60.727058
2839.691162	-61.800800
2841.036987	-62.083942
2842.382812	-60.429447
2843.728638	-62.035210
2845.074463	-60.399574
2846.420288	-63.772568
2847.766113	-62.863739
2849.111938	-61.307644
2850.457764	-60.347282
2851.803589	-60.781925
2853.149414	-61.337048
2854.495239	-61.038040
2855.841064	-60.816475
2857.186890	-62.447773
2858.532715	-61.456047
2859.878540	-61.443130
2861.224365	-60.998711
2862.570190	-62.499218
2863.916016	-62.281826
2865.261841	-61.853024
2866.607666	-62.425686
2867.953491	-60.243816
2869.299316	-58.300758
2870.645142	-61.497536
2871.990967	-61.716042
2873.336792	-62.633717
2874.682617	-61.369759
2876.028442	-62.209118
2877.374268	-60.162033
2878.720093	-60.923515
2880.065918	-61.769112
2881.411743	-59.714611
2882.757568	-62.284920
2884.103394	-61.330959
2885.449219	-61.263748
2886.795044	-61.223484
2888.140869	-62.380154
2889.486694	-59.769783
2890.832520	-59.365734
2892.178345	-61.165791
2893.524170	-60.719597
2894.869995	-61.688190
2896.215820	-61.396149
2897.561646	-60.130222
2898.907471	-60.181507
2900.253296	-59.746071
2901.599121	-61.094296
2902.944946	-59.903809
2904.290771	-60.394852
2905.636597	-60.954475
2906.982422	-60.235210
2908.328247	-60.221836
2909.674072	-60.240150
2911.019897	-59.384335
2912.365723	-62.858078
2913.711548	-61.266850
2915.057373	-59.629448
2916.403198	-60.077644
2917.749023	-59.804295
2919.094849	-60.035824
2920.440674	-59.007065
2921.786499	-60.184101
2923.132324	-60.253151
2924.478149	-61.494030
2925.823975	-61.315212
2927.169800	-62.180222
2928.515625	-60.802746
2929.861450	-60.588741
2931.207275	-61.623962
2932.553101	-62.092556
2933.898926	-60.354637
2935.244751	-60.840111
2936.590576	-59.331985
2937.936401	-59.263424
2939.282227	-60.350441
2940.628052	-61.341114
2941.973877	-61.223122
2943.319702	-58.447269
2944.665527	-60.850544
2946.011353	-59.957035
2947.357178	-61.336262
2948.703003	-60.526047
2950.048828	-60.432983
2951.394653	-61.281906
2952.740479	-61.702839
2954.086304	-59.711246
2955.432129	-58.818001
2956.777954	-60.131985
2958.123779	-59.036118
2959.469604	-59.814575
2960.815430	-59.569973
2962.161255	-58.998840
2963.507080	-59.368538
2964.852905	-60.035744
2966.198730	-60.403248
2967.544556	-60.354713
2968.890381	-57.889008
2970.236206	-59.293449
2971.582031	-59.909878
2972.927856	-60.425858
2974.273682	-59.436039
2975.619507	-58.747524
2976.965332	-58.683762
2978.311157	-58.753948
2979.656982	-59.783756
2981.002808	-60.181465
2982.348633	-60.474224
2983.694458	-58.185158
2985.040283	-58.140778
2986.386108	-60.026974
2987.731934	-60.308308
2989.077759	-60.840305
2990.423584	-60.910721
2991.769409	-59.860935
2993.115234	-60.275806
2994.461060	-59.602806
2995.806885	-59.256241
2997.152710	-59.630577
2998.498535	-58.830067
2999.844360	-58.297688
3001.190186	-58.512238
3002.536011	-59.687386
3003.881836	-60.268032
3005.227661	-60.033928
3006.573486	-58.374733
3007.919312	-59.575794
3009.265137	-59.719536
3010.610962	-58.931293
3011.956787	-58.377609
3013.302612	-60.029594
3014.648438	-60.495613
3015.994263	-59.412636
3017.340088	-58.779339
3018.685913	-60.171871
3020.031738	-60.258789
3021.377563	-60.156525
3022.723389	-58.030190
3024.069214	-57.625252
3025.415039	-58.544342
3026.760864	-57.917393
3028.106689	-57.650833
3029.452515	-58.948627
3030.798340	-57.143127
3032.144165	-57.863880
3033.489990	-60.212032
3034.835815	-58.957310
3036.181641	-57.837826
3037.527466	-59.269989
3038.873291	-58.570583
3040.219116	-58.408978
3041.564941	-58.029144
3042.910767	-58.729671
3044.256592	-58.368248
3045.602417	-57.365860
3046.948242	-57.674221
3048.294067	-56.414520
3049.639893	-56.590580
3050.985718	-56.580494
3052.331543	-57.830044
3053.677368	-57.427036
3055.023193	-57.177624
3056.369019	-58.870022
3057.714844	-57.081341
3059.060669	-57.595169
3060.406494	-56.963943
3061.752319	-58.522289
3063.098145	-57.370216
3064.443970	-58.486202
3065.789795	-58.137199
3067.135620	-57.507027
3068.481445	-58.488819
3069.827271	-56.484852
3071.173096	-58.245808
3072.518921	-56.902596
3073.864746	-57.365326
3075.210571	-55.713234
3076.556396	-57.390934
3077.902222	-56.005005
3079.248047	-54.532677
3080.593872	-55.261196
3081.939697	-55.404140
3083.285522	-56.433640
3084.631348	-58.011341
3085.977173	-56.221550
3087.322998	-56.087662
3088.668823	-56.901508
3090.014648	-55.048187
3091.360474	-54.524624
3092.706299	-56.641979
3094.052124	-54.712467
3095.397949	-55.752262
3096.743774	-54.454449
3098.089600	-54.782673
3099.435425	-57.143116
3100.781250	-55.467186
3102.127075	-55.597572
3103.472900	-56.377304
3104.818726	-54.663677
3106.164551	-54.944633
3107.510376	-55.365456
3108.856201	-54.922421
3110.202026	-54.704067
3111.547852	-54.212364
3112.893677	-55.015808
3114.239502	-54.478367
3115.585327	-54.581257
3116.931152	-54.422771
3118.276978	-54.342995
3119.622803	-54.473000
3120.968628	-54.505161
3122.314453	-54.633392
3123.660278	-54.901356
3125.006104	-54.568306
3126.351929	-54.361092
3127.697754	-52.776268
3129.043579	-52.629528
3130.389404	-53.965191
3131.735229	-52.595085
3133.081055	-52.653580
3134.426880	-53.610844
3135.772705	-53.957199
3137.118530	-54.536358
3138.464355	-53.607197
3139.810181	-53.173973
3141.156006	-53.672825
3142.501831	-51.276237
3143.847656	-52.560505
3145.193481	-52.511353
3146.539307	-52.931919
3147.885132	-51.122314
3149.230957	-50.658955
3150.576782	-52.219284
3151.922607	-52.006378
3153.268433	-52.853592
3154.614258	-52.066605
3155.960083	-52.533516
3157.305908	-53.413857
3158.651733	-51.117645
3159.997559	-51.898979
3161.343384	-51.658184
3162.689209	-51.878872
3164.035034	-51.627583
3165.380859	-49.388168
3166.726685	-51.556465
3168.072510	-51.695930
3169.418335	-50.807720
3170.764160	-50.796619
3172.109985	-52.601204
3173.455811	-52.154770
3174.801636	-49.988613
3176.147461	-49.260738
3177.493286	-51.659744
3178.839111	-51.733200
3180.184937	-49.224266
3181.530762	-50.319427
3182.876587	-51.406338
3184.222412	-49.700085
3185.568237	-49.294697
3186.914062	-49.893208
3188.259888	-48.650219
3189.605713	-49.894669
3190.951538	-51.172348
3192.297363	-49.795235
3193.643188	-49.999699
3194.989014	-49.759300
3196.334839	-49.628674
3197.680664	-48.518887
3199.026489	-48.458942
3200.372314	-47.572598
3201.718140	-50.159233
3203.063965	-50.843082
3204.409790	-49.468636
3205.755615	-49.000431
3207.101440	-49.083031
3208.447266	-49.244366
3209.793091	-47.914516
3211.138916	-48.682850
3212.484741	-48.126148
3213.830566	-47.543400
3215.176392	-47.002300
3216.522217	-46.526714
3217.868042	-48.181538
3219.213867	-48.547401
3220.559692	-48.401176
3221.905518	-49.916550
3223.251343	-48.129147
3224.597168	-46.560501
3225.942993	-44.944027
3227.288818	-47.647720
3228.634644	-47.241974
3229.980469	-48.040264
3231.326294	-46.602921
3232.672119	-50.719093
3234.017944	-48.021832
3235.363770	-45.536213
3236.709595	-46.191006
3238.055420	-47.627636
3239.401245	-46.743336
3240.747070	-47.930099
3242.092896	-46.884163
3243.438721	-46.659252
3244.784546	-47.669365
3246.130371	-47.145245
3247.476196	-45.836040
3248.822021	-46.624058
3250.167847	-46.122307
3251.513672	-47.879097
3252.859497	-46.271061
3254.205322	-47.644241
3255.551147	-47.084038
3256.896973	-46.695972
3258.242798	-48.562180
3259.588623	-47.227608
3260.934448	-46.870995
3262.280273	-46.659332
3263.626099	-47.704990
3264.971924	-45.947044
3266.317749	-47.305550
3267.663574	-46.948280
3269.009399	-45.503273
3270.355225	-46.455036
3271.701050	-47.267967
3273.046875	-46.980827
3274.392700	-46.930683
3275.738525	-46.790943
3277.084351	-47.799053
3278.430176	-48.330994
3279.776001	-48.056511
3281.121826	-47.397919
3282.467651	-47.391300
3283.813477	-46.881451
3285.159302	-48.276028
3286.505127	-46.851688
3287.850952	-47.351292
3289.196777	-47.052296
3290.542603	-45.104439
3291.888428	-46.305977
3293.234253	-47.355595
3294.580078	-47.705536
3295.925903	-48.448742
3297.271729	-47.537209
3298.617554	-46.100155
3299.963379	-45.777664
3301.309204	-46.454353
3302.655029	-47.439472
3304.000854	-48.391758
3305.346680	-47.423424
3306.692505	-48.563618
3308.038330	-48.185242
3309.384155	-49.405834
3310.729980	-47.627682
3312.075806	-47.039852
3313.421631	-48.303425
3314.767456	-47.593037
3316.113281	-48.222317
3317.459106	-47.282024
3318.804932	-48.767059
3320.150757	-47.654915
3321.496582	-47.002968
3322.842407	-48.947453
3324.188232	-47.041458
3325.534058	-46.743736
3326.879883	-49.571526
3328.225708	-48.703743
3329.571533	-48.960041
3330.917358	-47.463459
3332.263184	-50.633030
3333.609009	-48.330936
3334.954834	-48.127338
3336.300659	-49.446472
3337.646484	-50.324902
3338.992310	-48.815971
3340.338135	-49.829063
3341.683960	-49.502434
3343.029785	-48.890579
3344.375610	-50.618382
3345.721436	-52.348152
3347.067261	-51.647102
3348.413086	-49.348564
3349.758911	-50.199379
3351.104736	-50.826939
3352.450562	-50.276691
3353.796387	-52.097527
3355.142212	-51.109222
3356.488037	-52.116013
3357.833862	-50.972523
3359.179688	-50.240868
3360.525513	-49.063789
3361.871338	-50.207047
3363.217163	-50.056931
3364.562988	-52.522686
3365.908813	-50.889294
3367.254639	-50.285378
3368.600464	-50.886749
3369.946289	-49.153664
3371.292114	-51.566662
3372.637939	-51.695469
3373.983765	-51.723694
3375.329590	-52.941704
3376.675415	-50.213577
3378.021240	-51.590061
3379.367065	-51.667053
3380.712891	-53.869087
3382.058716	-51.703480
3383.404541	-52.462257
3384.750366	-51.688133
3386.096191	-52.784565
3387.442017	-53.196236
3388.787842	-54.483395
3390.133667	-53.649910
3391.479492	-54.618320
3392.825317	-54.532120
3394.171143	-52.427101
3395.516968	-52.945091
3396.862793	-52.436081
3398.208618	-52.530388
3399.554443	-54.192364
3400.900269	-51.680767
3402.246094	-53.874760
3403.591919	-54.506401
3404.937744	-54.193398
3406.283569	-53.979271
3407.629395	-53.542870
3408.975220	-54.794235
3410.321045	-54.530682
3411.666870	-53.586334
3413.012695	-55.922115
3414.358521	-54.882530
3415.704346	-53.987000
3417.050171	-52.656162
3418.395996	-54.354954
3419.741821	-54.424103
3421.087646	-53.637592
3422.433472	-54.920448
3423.779297	-54.892475
3425.125122	-55.536415
3426.470947	-54.915600
3427.816772	-54.140713
3429.162598	-54.687061
3430.508423	-54.831982
3431.854248	-56.946590
3433.200073	-55.446995
3434.545898	-55.916714
3435.891724	-55.360928
3437.237549	-56.330776
3438.583374	-56.821095
3439.929199	-55.447674
3441.275024	-56.164200
3442.620850	-54.613243
3443.966675	-55.521454
3445.312500	-56.837147
3446.658325	-56.101120
3448.004150	-54.443439
3449.349976	-55.446262
3450.695801	-55.542488
3452.041626	-56.152992
3453.387451	-56.035831
3454.733276	-55.654423
3456.079102	-58.029243
3457.424927	-55.256989
3458.770752	-56.088181
3460.116577	-57.385181
3461.462402	-57.261017
3462.808228	-57.156090
3464.154053	-56.302567
3465.499878	-56.152561
3466.845703	-56.258720
3468.191528	-58.087749
3469.537354	-56.887997
3470.883179	-56.452129
3472.229004	-56.626476
3473.574829	-55.960732
3474.920654	-57.535473
3476.266479	-55.659973
3477.612305	-56.668919
3478.958130	-56.724541
3480.303955	-57.312111
3481.649780	-57.838329
3482.995605	-56.630413
3484.341431	-57.446407
3485.687256	-57.788326
3487.033081	-56.957901
3488.378906	-56.058899
3489.724731	-57.935120
3491.070557	-57.702492
3492.416382	-58.342800
3493.762207	-58.994404
3495.108032	-57.277931
3496.453857	-57.244125
3497.799683	-56.399578
3499.145508	-57.494946
3500.491333	-58.110031
3501.837158	-57.350925
3503.182983	-59.287693
3504.528809	-58.118011
3505.874634	-57.637268
3507.220459	-56.851261
3508.566284	-58.437294
3509.912109	-57.582802
3511.257935	-57.643787
3512.603760	-58.152046
3513.949585	-57.849651
3515.295410	-57.813942
3516.641235	-57.285686
3517.987061	-58.639225
3519.332886	-58.923264
3520.678711	-58.608715
3522.024536	-57.085690
3523.370361	-57.551800
3524.716187	-57.460186
3526.062012	-57.477779
3527.407837	-57.118088
3528.753662	-57.273762
3530.099487	-59.093266
3531.445312	-58.099800
3532.791138	-56.286255
3534.136963	-57.427773
3535.482788	-59.602974
3536.828613	-58.820889
3538.174438	-58.101101
3539.520264	-58.238636
3540.866089	-58.318993
3542.211914	-58.975437
3543.557739	-57.684296
3544.903564	-58.105598
3546.249390	-58.059547
3547.595215	-58.457096
3548.941040	-59.023163
3550.286865	-57.771999
3551.632690	-58.736130
3552.978516	-58.441315
3554.324341	-58.421181
3555.670166	-59.253723
3557.015991	-58.166229
3558.361816	-57.618050
3559.707642	-58.194984
3561.053467	-58.382343
3562.399292	-58.016621
3563.745117	-59.084763
3565.090942	-59.921787
3566.436768	-58.750759
3567.782593	-57.867393
3569.128418	-58.925743
3570.474243	-57.336964
3571.820068	-58.324890
3573.165894	-59.304214
3574.511719	-58.169445
3575.857544	-58.486980
3577.203369	-58.092392
3578.549194	-59.116352
3579.895020	-59.629650
3581.240845	-60.171696
3582.586670	-57.782684
3583.932495	-58.478283
3585.278320	-60.294628
3586.624146	-59.442318
3587.969971	-58.888870
3589.315796	-59.273537
3590.661621	-58.213215
3592.007446	-58.176590
3593.353271	-60.402988
3594.699097	-59.487259
3596.044922	-59.373051
3597.390747	-59.602150
3598.736572	-57.974285
3600.082397	-58.578476
3601.428223	-59.179062
3602.774048	-58.810867
3604.119873	-58.453442
3605.465698	-59.520508
3606.811523	-60.835320
3608.157349	-58.076252
3609.503174	-59.052132
3610.848999	-60.904694
3612.194824	-59.208351
3613.540649	-58.574677
3614.886475	-60.482361
3616.232300	-60.278950
3617.578125	-60.615498
3618.923950	-59.269203
3620.269775	-59.586987
3621.615601	-58.749241
3622.961426	-58.581203
3624.307251	-59.190407
3625.653076	-59.237553
3626.998901	-58.337849
3628.344727	-58.682110
3629.690552	-59.622833
3631.036377	-59.956924
3632.382202	-59.248001
3633.728027	-60.206619
3635.073853	-59.300682
3636.419678	-60.415234
3637.765503	-59.988804
3639.111328	-59.206059
3640.457153	-59.017838
3641.802979	-58.755871
3643.148804	-59.359032
3644.494629	-60.072533
3645.840454	-60.810299
3647.186279	-60.523777
3648.532104	-57.981747
3649.877930	-58.743027
3651.223755	-60.604679
3652.569580	-60.017315
3653.915405	-59.940510
3655.261230	-59.368618
3656.607056	-60.770916
3657.952881	-59.397167
3659.298706	-59.079514
3660.644531	-60.110527
3661.990356	-60.390430
3663.336182	-60.606873
3664.682007	-59.782066
3666.027832	-58.298161
3667.373657	-60.579594
3668.719482	-58.840374
3670.065308	-59.241467
3671.411133	-59.966793
3672.756958	-58.608505
3674.102783	-57.931309
3675.448608	-58.663113
3676.794434	-60.265167
3678.140259	-60.727520
3679.486084	-59.489830
3680.831909	-61.375252
3682.177734	-59.453762
3683.523560	-61.183819
3684.869385	-60.392761
3686.215210	-59.385147
3687.561035	-59.314766
3688.906860	-59.193897
3690.252686	-59.298954
3691.598511	-59.135155
3692.944336	-59.094528
3694.290161	-60.246880
3695.635986	-62.001812
3696.981812	-60.276653
3698.327637	-59.304962
3699.673462	-60.075535
3701.019287	-61.913078
3702.365112	-59.553108
3703.710938	-59.747833
3705.056763	-60.629066
3706.402588	-60.455875
3707.748413	-58.340885
3709.094238	-60.206100
3710.440063	-60.035976
3711.785889	-59.518047
3713.131714	-60.842915
3714.477539	-59.137760
3715.823364	-58.909168
3717.169189	-58.507145
3718.515015	-60.237663
3719.860840	-60.121380
3721.206665	-61.035091
3722.552490	-60.033886
3723.898315	-58.643002
3725.244141	-58.745461
3726.589966	-59.987377
3727.935791	-59.354370
3729.281616	-59.042198
3730.627441	-58.366009
3731.973267	-59.689255
3733.319092	-59.678967
3734.664917	-60.533382
3736.010742	-60.485668
3737.356567	-60.995384
3738.702393	-59.677299
3740.048218	-59.269596
3741.394043	-58.466431
3742.739868	-59.980213
3744.085693	-59.626556
3745.431519	-59.439632
3746.777344	-60.023373
3748.123169	-59.653206
3749.468994	-58.976753
3750.814819	-58.774426
3752.160645	-60.086834
3753.506470	-59.215900
3754.852295	-58.255146
3756.198120	-59.391220
3757.543945	-60.200363
3758.889771	-60.701847
3760.235596	-60.575558
3761.581421	-59.246635
3762.927246	-59.409859
3764.273071	-60.938396
3765.618896	-58.656082
3766.964722	-60.643967
3768.310547	-60.816254
3769.656372	-58.711403
3771.002197	-59.417500
3772.348022	-58.304062
3773.693848	-61.322052
3775.039673	-59.437897
3776.385498	-59.626503
3777.731323	-59.842209
3779.077148	-60.515587
3780.422974	-59.442303
3781.768799	-59.284058
3783.114624	-58.099617
3784.460449	-57.263393
3785.806274	-59.665127
3787.152100	-60.227772
3788.497925	-59.039898
3789.843750	-58.996201
3791.189575	-60.089008
3792.535400	-58.952499
3793.881226	-59.488209
3795.227051	-58.799015
3796.572876	-59.198353
3797.918701	-59.568062
3799.264526	-58.745087
3800.610352	-58.680840
3801.956177	-56.888542
3803.302002	-58.538189
3804.647827	-57.804184
3805.993652	-57.623077
3807.339478	-58.439190
3808.685303	-58.533092
3810.031128	-59.139187
3811.376953	-58.061619
3812.722778	-57.865063
3814.068604	-58.221241
3815.414429	-57.298950
3816.760254	-58.195053
3818.106079	-57.234665
3819.451904	-57.357441
3820.797729	-58.402447
3822.143555	-59.309765
3823.489380	-58.087711
3824.835205	-57.910103
3826.181030	-59.570610
3827.526855	-60.429462
3828.872681	-57.735489
3830.218506	-56.670795
3831.564331	-59.312248
3832.910156	-57.154568
3834.255981	-58.902893
3835.601807	-57.348267
3836.947632	-58.390018
3838.293457	-57.456425
3839.639282	-59.036682
3840.985107	-58.585590
3842.330933	-59.674675
3843.676758	-60.189644
3845.022583	-58.144039
3846.368408	-58.715439
3847.714233	-57.514965
3849.060059	-57.669796
3850.405884	-57.883690
3851.751709	-58.226120
3853.097534	-58.040802
3854.443359	-58.425526
3855.789185	-58.493572
3857.135010	-57.094177
3858.480835	-57.271233
3859.826660	-56.484577
3861.172485	-57.425026
3862.518311	-58.602859
3863.864136	-56.374840
3865.209961	-58.058540
3866.555786	-59.337406
3867.901611	-57.861118
3869.247437	-56.452904
3870.593262	-57.739094
3871.939087	-57.171345
3873.284912	-56.799389
3874.630737	-57.442558
3875.976562	-56.156788
3877.322388	-56.267189
3878.668213	-57.205627
3880.014038	-57.888817
3881.359863	-56.677990
3882.705688	-57.884045
3884.051514	-58.045216
3885.397339	-58.764236
3886.743164	-57.369091
3888.088989	-58.746349
3889.434814	-56.794792
3890.780640	-56.977299
3892.126465	-56.287968
3893.472290	-57.150677
3894.818115	-55.664719
3896.163940	-56.091366
3897.509766	-56.325230
3898.855591	-55.020100
3900.201416	-57.105686
3901.547241	-57.004112
3902.893066	-55.223480
3904.238892	-55.900970
3905.584717	-56.282955
3906.930542	-56.645931
3908.276367	-54.306633
3909.622192	-57.055210
3910.968018	-56.389297
3912.313843	-57.501041
3913.659668	-56.475391
3915.005493	-54.836891
3916.351318	-54.836544
3917.697144	-55.070660
3919.042969	-54.404160
3920.388794	-54.576702
3921.734619	-53.636372
3923.080444	-55.806717
3924.426270	-54.791527
3925.772095	-56.273029
3927.117920	-54.915005
3928.463745	-55.476940
3929.809570	-54.152847
3931.155396	-54.563602
3932.501221	-52.751194
3933.847046	-54.562046
3935.192871	-52.196861
3936.538696	-54.226246
3937.884521	-53.948875
3939.230347	-54.448872
3940.576172	-53.604630
3941.921997	-53.678703
3943.267822	-53.888741
3944.613647	-54.203732
3945.959473	-54.361393
3947.305298	-54.348881
3948.651123	-53.218472
3949.996948	-54.961685
3951.342773	-54.073143
3952.688599	-53.980526
3954.034424	-54.166206
3955.380249	-51.892273
3956.726074	-53.663818
3958.071899	-52.930447
3959.417725	-53.938148
3960.763550	-54.077015
3962.109375	-54.099121
3963.455200	-53.474926
3964.801025	-53.531349
3966.146851	-52.051941
3967.492676	-51.453934
3968.838501	-52.538242
3970.184326	-52.709175
3971.530151	-52.273743
3972.875977	-50.445507
3974.221802	-52.181232
3975.567627	-51.972805
3976.913452	-51.858952
3978.259277	-52.911697
3979.605103	-50.587097
3980.950928	-53.241016
3982.296753	-51.383587
3983.642578	-51.171185
3984.988403	-51.558258
3986.334229	-49.980377
3987.680054	-50.937675
3989.025879	-50.067047
3990.371704	-51.831192
3991.717529	-51.765236
3993.063354	-50.399078
3994.409180	-50.424393
3995.755005	-50.018341
3997.100830	-51.045395
3998.446655	-50.051994
3999.792480	-51.227985
4001.138306	-51.398418
4002.484131	-51.129364
4003.829956	-50.884949
4005.175781	-49.722042
4006.521606	-48.225365
4007.867432	-47.625454
4009.213257	-48.314308
4010.559082	-50.286297
4011.904907	-49.767097
4013.250732	-50.169830
4014.596558	-50.305981
4015.942383	-50.818790
4017.288208	-49.049294
4018.634033	-49.598244
4019.979858	-49.547359
4021.325684	-50.283180
4022.671509	-49.504543
4024.017334	-51.000557
4025.363159	-50.661407
4026.708984	-50.211975
4028.054810	-50.800537
4029.400635	-50.899956
4030.746460	-50.938927
4032.092285	-49.592472
4033.438110	-49.007496
4034.783936	-51.342804
4036.129761	-50.408737
4037.475586	-49.794022
4038.821411	-49.804028
4040.167236	-47.934422
4041.513062	-49.606110
4042.858887	-50.421814
4044.204712	-48.427723
4045.550537	-49.993698
4046.896362	-49.534180
4048.242188	-49.135807
4049.588013	-48.330791
4050.933838	-49.963036
4052.279663	-49.483543
4053.625488	-50.519211
4054.971313	-50.520245
4056.317139	-49.308819
4057.662964	-49.636181
4059.008789	-49.825516
4060.354614	-50.236034
4061.700439	-50.668526
4063.046265	-51.969978
4064.392090	-51.825134
4065.737915	-48.926754
4067.083740	-49.472198
4068.429565	-51.087376
4069.775391	-49.854691
4071.121216	-52.028740
4072.467041	-49.053131
4073.812866	-49.185230
4075.158691	-49.086433
4076.504517	-50.424339
4077.850342	-49.832230
4079.196167	-50.019314
4080.541992	-48.277199
4081.887817	-49.122581
4083.233643	-48.682697
4084.579468	-51.339859
4085.925293	-50.292217
4087.271118	-49.374783
4088.616943	-49.695507
4089.962769	-49.947701
4091.308594	-50.803642
4092.654419	-50.328804
4094.000244	-50.670979
4095.346069	-50.973682
4096.691895	-50.402962
4098.037720	-50.391129
4099.383545	-51.172127
4100.729370	-50.882412
4102.075195	-50.315304
4103.421021	-50.539310
4104.766846	-50.809834
4106.112671	-49.137730
4107.458496	-50.587185
4108.804321	-52.024010
4110.150146	-51.912418
4111.495972	-52.172539
4112.841797	-51.708324
4114.187622	-51.308598
4115.533447	-49.946613
4116.879272	-50.582531
4118.225098	-51.175896
4119.570923	-51.900131
4120.916748	-51.905605
4122.262573	-51.432652
4123.608398	-50.514458
4124.954224	-51.216587
4126.300049	-50.763485
4127.645874	-50.994030
4128.991699	-51.661110
4130.337524	-50.264767
4131.683350	-50.391224
4133.029175	-52.293278
4134.375000	-51.332237
4135.720825	-51.553726
4137.066650	-51.548656
4138.412476	-51.041901
4139.758301	-51.033821
4141.104126	-50.819878
4142.449951	-51.905632
4143.795776	-51.943546
4145.141602	-51.012249
4146.487427	-51.244377
4147.833252	-50.798561
4149.179077	-52.389008
4150.524902	-54.186451
4151.870728	-53.552807
4153.216553	-51.130447
4154.562378	-52.329372
4155.908203	-52.375401
4157.254028	-52.625530
4158.599854	-52.706673
4159.945679	-52.591545
4161.291504	-54.360653
4162.637329	-52.810562
4163.983154	-52.513546
4165.328979	-54.034824
4166.674805	-53.409557
4168.020630	-52.901634
4169.366455	-53.219711
4170.712280	-55.875385
4172.058105	-54.566845
4173.403931	-55.654499
4174.749756	-56.107719
4176.095581	-52.625782
4177.441406	-54.769791
4178.787231	-55.467522
4180.133057	-53.178757
4181.478882	-53.324337
4182.824707	-53.041927
4184.170532	-55.644913
4185.516357	-56.021564
4186.862183	-54.742264
4188.208008	-56.250088
4189.553833	-56.102276
4190.899658	-55.439911
4192.245483	-55.357697
4193.591309	-55.061409
4194.937134	-57.039165
4196.282959	-55.763638
4197.628784	-56.578648
4198.974609	-55.877369
4200.320435	-56.174416
4201.666260	-55.869400
4203.012085	-55.511578
4204.357910	-56.533627
4205.703735	-55.121384
4207.049561	-56.929981
4208.395386	-56.077217
4209.741211	-57.077728
4211.087036	-56.910904
4212.432861	-58.105698
4213.778687	-56.016899
4215.124512	-56.263378
4216.470337	-59.569485
4217.816162	-57.076477
4219.161987	-57.505455
4220.507812	-56.002041
4221.853638	-57.858845
4223.199463	-57.496578
4224.545288	-58.150520
4225.891113	-58.401760
4227.236938	-56.638901
4228.582764	-57.391090
4229.928589	-57.717964
4231.274414	-58.534332
4232.620239	-58.434181
4233.966064	-57.187023
4235.311890	-58.936806
4236.657715	-56.893082
4238.003540	-59.005772
4239.349365	-59.062050
4240.695190	-57.559139
4242.041016	-59.834576
4243.386841	-57.809330
4244.732666	-58.707458
4246.078491	-60.257759
4247.424316	-58.095470
4248.770142	-58.474110
4250.115967	-58.907833
4251.461792	-58.936733
4252.807617	-59.234665
4254.153442	-60.393555
4255.499268	-59.759678
4256.845093	-59.354397
4258.190918	-59.961964
4259.536743	-59.322918
4260.882568	-59.999691
4262.228394	-58.738220
4263.574219	-59.103172
4264.920044	-59.644062
4266.265869	-60.712887
4267.611694	-60.152649
4268.957520	-59.702827
4270.303345	-60.585457
4271.649170	-61.614414
4272.994995	-58.957069
4274.340820	-59.177811
4275.686646	-60.376190
4277.032471	-60.875011
4278.378296	-59.356911
4279.724121	-59.102074
4281.069946	-61.155449
4282.415771	-62.249084
4283.761597	-59.053970
4285.107422	-59.690929
4286.453247	-59.829632
4287.799072	-63.507969
4289.144897	-61.312164
4290.490723	-61.073803
4291.836548	-60.627228
4293.182373	-61.097805
4294.528198	-61.039448
4295.874023	-60.209854
4297.219849	-61.919765
4298.565674	-61.336155
4299.911499	-61.527702
4301.257324	-62.022064
4302.603149	-62.289490
4303.948975	-62.617554
4305.294800	-62.335579
4306.640625	-62.903580
4307.986450	-62.635487
4309.332275	-61.740410
4310.678101	-62.206249
4312.023926	-60.867661
4313.369751	-63.819195
4314.715576	-62.651600
4316.061401	-61.249413
4317.407227	-62.434032
4318.753052	-62.170135
4320.098877	-61.593151
4321.444702	-63.573097
4322.790527	-62.640224
4324.136353	-63.307129
4325.482178	-62.031967
4326.828003	-61.534035
4328.173828	-64.161491
4329.519653	-63.619862
4330.865479	-61.397846
4332.211304	-63.215549
4333.557129	-64.087364
4334.902954	-62.568417
4336.248779	-62.153221
4337.594604	-62.399193
4338.940430	-62.857071
4340.286255	-62.674942
4341.632080	-62.126434
4342.977905	-63.359894
4344.323730	-62.665955
4345.669556	-63.802406
4347.015381	-63.818684
4348.361206	-63.835354
4349.707031	-62.998024
4351.052856	-62.915646
4352.398682	-63.990517
4353.744507	-64.021400
4355.090332	-64.954056
4356.436157	-63.510502
4357.781982	-64.163918
4359.127808	-62.220615
4360.473633	-64.118134
4361.819458	-64.162033
4363.165283	-65.452415
4364.511108	-64.096771
4365.856934	-63.284790
4367.202759	-62.996273
4368.548584	-62.749245
4369.894409	-62.457973
4371.240234	-64.080650
4372.586060	-62.082607
4373.931885	-64.133789
4375.277710	-64.777763
4376.623535	-64.842880
4377.969360	-63.880161
4379.315186	-63.471508
4380.661011	-65.096977
4382.006836	-64.682144
4383.352661	-63.768898
4384.698486	-63.149948
4386.044312	-66.694153
4387.390137	-64.795441
4388.735962	-63.737511
4390.081787	-64.599785
4391.427612	-63.924782
4392.773438	-64.673599
4394.119263	-64.133316
4395.465088	-65.556122
4396.810913	-64.479240
4398.156738	-62.848759
4399.502563	-66.133568
4400.848389	-64.722878
4402.194214	-64.659409
4403.540039	-65.912071
4404.885864	-64.435699
4406.231689	-65.890205
4407.577515	-65.628662
4408.923340	-64.585579
4410.269165	-64.910378
4411.614990	-64.782227
4412.960815	-64.826103
4414.306641	-65.485672
4415.652466	-64.966805
4416.998291	-65.784157
4418.344116	-65.935570
4419.689941	-65.657089
4421.035767	-67.681503
4422.381592	-65.704773
4423.727417	-66.846420
4425.073242	-65.528320
4426.419067	-65.625145
4427.764893	-65.910881
4429.110718	-66.591316
4430.456543	-66.111160
4431.802368	-66.166512
4433.148193	-65.609741
4434.494019	-66.329002
4435.839844	-66.093216
4437.185669	-66.754341
4438.531494	-66.400558
4439.877319	-65.253525
4441.223145	-67.058426
4442.568970	-66.033829
4443.914795	-67.135811
4445.260620	-66.499374
4446.606445	-66.049744
4447.952271	-66.403214
4449.298096	-66.423813
4450.643921	-67.183517
4451.989746	-66.728073
4453.335571	-65.872498
4454.681396	-67.947655
4456.027222	-65.833389
4457.373047	-67.958054
4458.718872	-67.585838
4460.064697	-66.289825
4461.410522	-66.255013
4462.756348	-66.997223
4464.102173	-66.603752
4465.447998	-66.519196
4466.793823	-67.404228
4468.139648	-68.469833
4469.485474	-68.628273
4470.831299	-67.343964
4472.177124	-66.523941
4473.522949	-67.254555
4474.868774	-65.694878
4476.214600	-66.658104
4477.560425	-66.673561
4478.906250	-67.164520
4480.252075	-66.947762
4481.597900	-65.823631
4482.943726	-67.069862
4484.289551	-66.296463
4485.635376	-67.394562
4486.981201	-67.078934
4488.327026	-67.911362
4489.672852	-67.015038
4491.018677	-68.867096
4492.364502	-66.947983
4493.710327	-68.041687
4495.056152	-67.413734
4496.401978	-66.458076
4497.747803	-69.406952
4499.093628	-68.445297
4500.439453	-67.916763
4501.785278	-67.141441
4503.131104	-65.569786
4504.476929	-66.949997
4505.822754	-68.339066
4507.168579	-68.632156
4508.514404	-69.391777
4509.860229	-68.641541
4511.206055	-69.562126
4512.551880	-68.198868
4513.897705	-67.028305
4515.243530	-68.346237
4516.589355	-68.563332
4517.935181	-67.972610
4519.281006	-68.281036
4520.626831	-69.290970
4521.972656	-67.352432
4523.318481	-67.259918
4524.664307	-68.839760
4526.010132	-68.039650
4527.355957	-67.564339
4528.701782	-68.871658
4530.047607	-67.700195
4531.393433	-68.083855
4532.739258	-68.100739
4534.085083	-67.718361
4535.430908	-67.997726
4536.776733	-67.689812
4538.122559	-70.058563
4539.468384	-70.024017
4540.814209	-68.838280
4542.160034	-69.205284
4543.505859	-68.643005
4544.851685	-67.485466
4546.197510	-67.765915
4547.543335	-70.280220
4548.889160	-68.200668
4550.234985	-68.354141
4551.580811	-69.860390
4552.926636	-68.351181
4554.272461	-67.106171
4555.618286	-68.407158
4556.964111	-68.426987
4558.309937	-69.080833
4559.655762	-68.904243
4561.001587	-68.547066
4562.347412	-67.994026
4563.693237	-68.759354
4565.039062	-69.223801
4566.384888	-70.024193
4567.730713	-67.967613
4569.076538	-68.688660
4570.422363	-69.102013
4571.768188	-70.078629
4573.114014	-68.650230
4574.459839	-70.202408
4575.805664	-67.267502
4577.151489	-68.504036
4578.497314	-69.066704
4579.843140	-67.672676
4581.188965	-68.735229
4582.534790	-68.422379
4583.880615	-67.301384
4585.226440	-68.762230
4586.572266	-69.669365
4587.918091	-69.038605
4589.263916	-69.021362
4590.609741	-69.003159
4591.955566	-70.562050
4593.301392	-69.330727
4594.647217	-69.243324
4595.993042	-70.332123
4597.338867	-69.429382
4598.684692	-69.626122
4600.030518	-67.846497
4601.376343	-68.880936
4602.722168	-69.008026
4604.067993	-69.697662
4605.413818	-70.129219
4606.759644	-68.867188
4608.105469	-70.196022
4609.451294	-68.936813
4610.797119	-69.330994
4612.142944	-70.862251
4613.488770	-69.360268
4614.834595	-70.240829
4616.180420	-70.443932
4617.526245	-69.413315
4618.872070	-67.868332
4620.217896	-69.443260
4621.563721	-68.606384
4622.909546	-69.497360
4624.255371	-71.135880
4625.601196	-70.877838
4626.947021	-71.566475
4628.292847	-69.181740
4629.638672	-69.575043
4630.984497	-70.212273
4632.330322	-69.958359
4633.676147	-69.978821
4635.021973	-69.955429
4636.367798	-70.430893
4637.713623	-71.704079
4639.059448	-69.717194
4640.405273	-70.010269
4641.751099	-70.487617
4643.096924	-72.348160
4644.442749	-69.375954
4645.788574	-71.240883
4647.134399	-70.654160
4648.480225	-70.725700
4649.826050	-70.592888
4651.171875	-71.615059
4652.517700	-70.299698
4653.863525	-69.935570
4655.209351	-70.342850
4656.555176	-69.208405
4657.901001	-68.707260
4659.246826	-68.714699
4660.592651	-69.177719
4661.938477	-69.561012
4663.284302	-70.191635
4664.630127	-69.488258
4665.975952	-70.297333
4667.321777	-69.716858
4668.667603	-69.334099
4670.013428	-69.600555
4671.359253	-70.118721
4672.705078	-70.865356
4674.050903	-69.808006
4675.396729	-70.215286
4676.742554	-69.443367
4678.088379	-69.568291
4679.434204	-69.422737
4680.780029	-71.814987
4682.125854	-71.891846
4683.471680	-71.012833
4684.817505	-70.651413
4686.163330	-71.521744
4687.509155	-70.841591
4688.854980	-70.565254
4690.200806	-71.541504
4691.546631	-70.730408
4692.892456	-71.083450
4694.238281	-71.539848
4695.584106	-70.818840
4696.929932	-70.561066
4698.275757	-69.326050
4699.621582	-72.608002
4700.967407	-70.483261
4702.313232	-69.580765
4703.659058	-71.641899
4705.004883	-72.093468
4706.350708	-71.522202
4707.696533	-70.300453
4709.042358	-69.652596
4710.388184	-71.226753
4711.734009	-71.665413
4713.079834	-72.121399
4714.425659	-71.186302
4715.771484	-70.298347
4717.117310	-69.284538
4718.463135	-71.495827
4719.808960	-69.778709
4721.154785	-69.938599
4722.500610	-71.728851
4723.846436	-70.737640
4725.192261	-72.532181
4726.538086	-72.098572
4727.883911	-69.827156
4729.229736	-69.967644
4730.575562	-69.721710
4731.921387	-70.152252
4733.267212	-69.464615
4734.613037	-69.782631
4735.958862	-71.541786
4737.304688	-70.623482
4738.650513	-68.902473
4739.996338	-70.348366
4741.342163	-70.782806
4742.687988	-69.602013
4744.033813	-70.350349
4745.379639	-69.835831
4746.725464	-68.151848
4748.071289	-70.790726
4749.417114	-71.536636
4750.762939	-70.425964
4752.108765	-69.175072
4753.454590	-68.178268
4754.800415	-71.713600
4756.146240	-72.017929
4757.492065	-71.194298
4758.837891	-70.476639
4760.183716	-70.070129
4761.529541	-70.222786
4762.875366	-70.658600
4764.221191	-68.689186
4765.567017	-70.443512
4766.912842	-68.920853
4768.258667	-70.113724
4769.604492	-68.905159
4770.950317	-70.755699
4772.296143	-69.607658
4773.641968	-68.649689
4774.987793	-66.575867
4776.333618	-68.275719
4777.679443	-70.396790
4779.025269	-69.311081
4780.371094	-68.598801
4781.716919	-70.412041
4783.062744	-71.650528
4784.408569	-69.697174
4785.754395	-69.328880
4787.100220	-71.061165
4788.446045	-70.373451
4789.791870	-70.008026
4791.137695	-69.530571
4792.483521	-69.945320
4793.829346	-70.571075
4795.175171	-72.088684
4796.520996	-70.728775
4797.866821	-69.797676
4799.212646	-68.820580
4800.558472	-69.745918
4801.904297	-68.573509
4803.250122	-68.492111
4804.595947	-68.476158
4805.941772	-71.271484
4807.287598	-70.734352
4808.633423	-70.760094
4809.979248	-70.741280
4811.325073	-68.664139
4812.670898	-71.043121
4814.016724	-69.433823
4815.362549	-69.102333
4816.708374	-70.647690
4818.054199	-70.654274
4819.400024	-71.416618
4820.745850	-71.932755
4822.091675	-71.414436
4823.437500	-71.286591
4824.783325	-69.958618
4826.129150	-69.501442
4827.474976	-70.693153
4828.820801	-67.907043
4830.166626	-69.891151
4831.512451	-69.951042
4832.858276	-71.577110
4834.204102	-70.482307
4835.549927	-70.342339
4836.895752	-68.151085
4838.241577	-71.659958
4839.587402	-70.851608
4840.933228	-69.318832
4842.279053	-71.356415
4843.624878	-71.592682
4844.970703	-70.990234
4846.316528	-70.978699
4847.662354	-72.211349
4849.008179	-72.633919
4850.354004	-70.571808
4851.699829	-72.362129
4853.045654	-70.916321
4854.391479	-72.283455
4855.737305	-72.298676
4857.083130	-70.779800
4858.428955	-72.994904
4859.774780	-73.025055
4861.120605	-72.504311
4862.466431	-74.047470
4863.812256	-73.262703
4865.158081	-72.795258
4866.503906	-72.357491
4867.849731	-76.016884
4869.195557	-73.357010
4870.541382	-73.106377
4871.887207	-71.388924
4873.233032	-72.200516
4874.578857	-73.151833
4875.924683	-72.538567
4877.270508	-72.406570
4878.616333	-74.540260
4879.962158	-74.206985
4881.307983	-73.003876
4882.653809	-73.362991
4883.999634	-74.251472
4885.345459	-76.301048
4886.691284	-74.522240
4888.037109	-73.240868
4889.382935	-73.749817
4890.728760	-72.628769
4892.074585	-74.187592
4893.420410	-73.051331
4894.766235	-75.688126
4896.112061	-73.883751
4897.457886	-76.535995
4898.803711	-75.111656
4900.149536	-74.922546
4901.495361	-76.804001
4902.841187	-73.626717
4904.187012	-75.477226
4905.532837	-76.231941
4906.878662	-75.333038
4908.224487	-78.569473
4909.570312	-77.610229
4910.916138	-77.881149
4912.261963	-76.546402
4913.607788	-76.514877
4914.953613	-77.689064
4916.299438	-75.694489
4917.645264	-76.148529
4918.991089	-75.952660
4920.336914	-77.197525
4921.682739	-77.299774
4923.028564	-77.535789
4924.374390	-77.802567
4925.720215	-76.417694
4927.066040	-77.113304
4928.411865	-77.534927
4929.757690	-77.415199
4931.103516	-78.580406
4932.449341	-77.882973
4933.795166	-78.092667
4935.140991	-77.817467
4936.486816	-78.333122
4937.832642	-80.468170
4939.178467	-78.282097
4940.524292	-79.670631
4941.870117	-79.184471
4943.215942	-79.723518
4944.561768	-80.824097
4945.907593	-81.039192
4947.253418	-78.722649
4948.599243	-80.873398
4949.945068	-79.523743
4951.290894	-79.941879
4952.636719	-78.924477
4953.982544	-83.124001
4955.328369	-80.366394
4956.674194	-80.725235
4958.020020	-80.520950
4959.365845	-80.294373
4960.711670	-80.951096
4962.057495	-80.964714
4963.403320	-80.903137
4964.749146	-83.902237
4966.094971	-84.769287
4967.440796	-81.705650
4968.786621	-81.990814
4970.132446	-82.850937
4971.478271	-83.520805
4972.824097	-81.606689
4974.169922	-84.495209
4975.515747	-83.747993
4976.861572	-82.111427
4978.207397	-82.601784
4979.553223	-83.422165
4980.899048	-84.036400
4982.244873	-83.800743
4983.590698	-83.879234
4984.936523	-85.489967
4986.282349	-85.054398
4987.628174	-84.537903
4988.973999	-85.005394
4990.319824	-84.216713
4991.665649	-85.732452
4993.011475	-84.888229
4994.357300	-84.898560
4995.703125	-85.322075
4997.048950	-86.374329
4998.394775	-86.785515
4999.740601	-85.548523
5001.086426	-86.951912
5002.432251	-86.410301
5003.778076	-87.949104
5005.123901	-87.520340
5006.469727	-87.262535
5007.815552	-86.491447
5009.161377	-86.299828
5010.507202	-87.319550
5011.853027	-88.444580
5013.198853	-88.464439
5014.544678	-87.280037
5015.890503	-90.609299
5017.236328	-88.579308
5018.582153	-87.729004
5019.927979	-88.166016
5021.273804	-88.405220
5022.619629	-89.870613
5023.965454	-89.045357
5025.311279	-89.378555
5026.657104	-86.913284
5028.002930	-88.558846
5029.348755	-89.542183
5030.694580	-89.169342
5032.040405	-89.010719
5033.386230	-89.070526
5034.732056	-89.453163
5036.077881	-89.810265
5037.423706	-88.450684
5038.769531	-89.865845
5040.115356	-89.952141
5041.461182	-89.426323
5042.807007	-90.729538
5044.152832	-90.884315
5045.498657	-90.931000
5046.844482	-91.986557
5048.190308	-90.535072
5049.536133	-91.330917
5050.881958	-91.972641
5052.227783	-92.862816
5053.573608	-92.834442
5054.919434	-92.383034
5056.265259	-92.176865
5057.611084	-94.634361
5058.956909	-91.591179
5060.302734	-91.624199
5061.648560	-92.781998
5062.994385	-92.391716
5064.340210	-92.448517
5065.686035	-92.628502
5067.031860	-94.497040
5068.377686	-92.163284
5069.723511	-93.147713
5071.069336	-93.504860
5072.415161	-92.879440
5073.760986	-91.731155
5075.106812	-92.865875
5076.452637	-93.861076
5077.798462	-93.073914
5079.144287	-92.178268
5080.490112	-92.456238
5081.835938	-92.800064
5083.181763	-93.207367
5084.527588	-93.400787
5085.873413	-94.852379
5087.219238	-93.128494
5088.565063	-93.597321
5089.910889	-95.153664
5091.256714	-93.184181
5092.602539	-93.838356
5093.948364	-94.889328
5095.294189	-93.294693
5096.640015	-93.434647
5097.985840	-93.933319
5099.331665	-94.834442
5100.677490	-93.573326
5102.023315	-94.815071
5103.369141	-94.678406
5104.714966	-93.860466
5106.060791	-95.094208
5107.406616	-94.086021
5108.752441	-93.916183
5110.098267	-94.159348
5111.444092	-93.659973
5112.789917	-94.982567
5114.135742	-94.323761
5115.481567	-95.373154
5116.827393	-95.124962
5118.173218	-94.833954
5119.519043	-94.988777
5120.864868	-94.931908
5122.210693	-95.227959
5123.556519	-93.884987
5124.902344	-94.975075
5126.248169	-94.275276
5127.593994	-95.358452
5128.939819	-95.065430
5130.285645	-94.311874
5131.631470	-94.099510
5132.977295	-95.463379
5134.323120	-94.747437
5135.668945	-94.987473
5137.014771	-95.431007
5138.360596	-94.164551
5139.706421	-95.169960
5141.052246	-95.299370
5142.398071	-94.992592
5143.743896	-94.539032
5145.089722	-95.328300
5146.435547	-95.762978
5147.781372	-95.337639
5149.127197	-94.868690
5150.473022	-96.060905
5151.818848	-95.266968
5153.164673	-94.763550
5154.510498	-96.124283
5155.856323	-95.388748
5157.202148	-95.478020
5158.547974	-95.778412
5159.893799	-94.833092
5161.239624	-95.692406
5162.585449	-95.391464
5163.931274	-95.884888
5165.277100	-95.517212
5166.622925	-95.237389
5167.968750	-95.747711
5169.314575	-95.145248
5170.660400	-95.518913
5172.006226	-95.329483
5173.352051	-95.858192
5174.697876	-95.581566
5176.043701	-95.779419
5177.389526	-95.685226
5178.735352	-95.178925
5180.081177	-96.217239
5181.427002	-94.873131
5182.772827	-95.621704
5184.118652	-95.634979
5185.464478	-95.758232
5186.810303	-95.418877
5188.156128	-95.944305
5189.501953	-95.642761
5190.847778	-95.359367
5192.193604	-95.646370
5193.539429	-95.366875
5194.885254	-95.676308
5196.231079	-95.782310
5197.576904	-95.563316
5198.922729	-95.284370
5200.268555	-95.399063
5201.614380	-95.214279
5202.960205	-95.408615
5204.306030	-95.888687
5205.651855	-95.621536
5206.997681	-94.868973
5208.343506	-96.266403
5209.689331	-95.828384
5211.035156	-95.901436
5212.380981	-95.832253
5213.726807	-95.323944
5215.072632	-95.944267
5216.418457	-95.519669
5217.764282	-95.629227
5219.110107	-95.879898
5220.455933	-95.848061
5221.801758	-96.328369
5223.147583	-95.883141
5224.493408	-95.238167
5225.839233	-95.856438
5227.185059	-95.866249
5228.530884	-95.746231
5229.876709	-95.140640
5231.222534	-95.574203
5232.568359	-95.715263
5233.914185	-96.157089
5235.260010	-95.895432
5236.605835	-96.234550
5237.951660	-96.513748
5239.297485	-95.643051
5240.643311	-95.866249
5241.989136	-96.157532
5243.334961	-95.657272
5244.680786	-96.046516
5246.026611	-96.364624
5247.372437	-95.793610
5248.718262	-96.225060
5250.064087	-95.773811
5251.409912	-96.537804
5252.755737	-96.288292
5254.101562	-95.800583
5255.447388	-95.914413
5256.793213	-96.365417
5258.139038	-96.336143
5259.484863	-96.187180
5260.830688	-95.889313
5262.176514	-95.982697
5263.522339	-95.951454
5264.868164	-96.128250
5266.213989	-96.134865
5267.559814	-96.094315
5268.905640	-96.144051
5270.251465	-96.523529
5271.597290	-96.228813
5272.943115	-96.442184
5274.288940	-96.387764
5275.634766	-96.254059
5276.980591	-96.039238
5278.326416	-96.232742
5279.672241	-96.037590
5281.018066	-95.869392
5282.363892	-96.124557
5283.709717	-96.270378
5285.055542	-96.438332
5286.401367	-96.057915
5287.747192	-96.194054
5289.093018	-96.626389
5290.438843	-96.198013
5291.784668	-96.399284
5293.130493	-96.333870
5294.476318	-96.194191
5295.822144	-96.283096
5297.167969	-96.511765
5298.513794	-96.367546
5299.859619	-96.491554
5301.205444	-96.346855
5302.551270	-96.490868
5303.897095	-96.448730
5305.242920	-96.606178
5306.588745	-96.427956
5307.934570	-96.516121
5309.280396	-96.421959
5310.626221	-96.514832
5311.972046	-96.546249
5313.317871	-96.496567
5314.663696	-96.477409
5316.009521	-96.436966
5317.355347	-96.355042
5318.701172	-96.414459
5320.046997	-96.513809
5321.392822	-96.505325
5322.738647	-96.538231
5324.084473	-96.465546
5325.430298	-96.478333
5326.776123	-96.385551
5328.121948	-96.599289
5329.467773	-96.480446
5330.813599	-96.492386
5332.159424	-96.446068
5333.505249	-96.489143
5334.851074	-96.520775
5336.196899	-96.495445
5337.542725	-96.538635
5338.888550	-96.437790
5340.234375	-96.453629
5341.580200	-96.481300
5342.926025	-96.595039
5344.271851	-96.571449
5345.617676	-96.575073
5346.963501	-96.570679
5348.309326	-96.568100
5349.655151	-96.522163
5351.000977	-96.554176
5352.346802	-96.514099
5353.692627	-96.624321
5355.038452	-96.594925
5356.384277	-96.597404
5357.730103	-96.594101
5359.075928	-96.617371
5360.421753	-96.580643
5361.767578	-96.597954
5363.113403	-96.586800
5364.459229	-96.574242
5365.805054	-96.580872
5367.150879	-96.579460
5368.496704	-96.590820
5369.842529	-96.571770
5371.188354	-96.606972
5372.534180	-96.604431
5373.880005	-96.595535
5375.225830	-96.594589
5376.571655	-96.606819
5377.917480	-96.617889
5379.263306	-96.608742
5380.609131	-96.599182
5381.954956	-96.615273
5383.300781	-96.626709
5384.646606	-96.613892
5385.992432	-96.622032
5387.338257	-96.623589
5388.684082	-96.623291
5390.029907	-96.627792
5391.375732	-96.634644
5392.721558	-96.629486
5394.067383	-96.637772
5395.413208	-96.631462
5396.759033	-96.638939
5398.104858	-96.640541
5399.450684	-96.641975
5400.796509	-96.640518
5402.142334	-96.641457
5403.488159	-96.642677
5404.833984	-96.644234
5406.179810	-96.648109
5407.525635	-96.649200
5408.871460	-96.650589
5410.217285	-96.650230
5411.563110	-96.650688
5412.908936	-96.653030
5414.254761	-96.654770
5415.600586	-96.656792
5416.946411	-96.657639
5418.292236	-96.660103
5419.638062	-96.661522
5420.983887	-96.661049
5422.329712	-96.663857
5423.675537	-96.665260
5425.021362	-96.666756
5426.367188	-96.667435
5427.713013	-96.668098
5429.058838	-96.668846
5430.404663	-96.670578
5431.750488	-96.671906
5433.096313	-96.673447
5434.442139	-96.673729
5435.787964	-96.675117
5437.133789	-96.676163
5438.479614	-96.677612
5439.825439	-96.677986
5441.171265	-96.679268
5442.517090	-96.680367
5443.862915	-96.681396
5445.208740	-96.682213
5446.554565	-96.683014
5447.900391	-96.684021
5449.246216	-96.684898
5450.592041	-96.685829
5451.937866	-96.686737
5453.283691	-96.687622
5454.629517	-96.688431
5455.975342	-96.689240
5457.321167	-96.690048
5458.666992	-96.690750
5460.012817	-96.691544
5461.358643	-96.692291
5462.704468	-96.693024
5464.050293	-96.693687
5465.396118	-96.694344
5466.741943	-96.695000
5468.087769	-96.695610
5469.433594	-96.696251
5470.779419	-96.696877
5472.125244	-96.697426
5473.471069	-96.697983
5474.816895	-96.698540
5476.162720	-96.699043
5477.508545	-96.699554
5478.854370	-96.700027
5480.200195	-96.700500
5481.546021	-96.700935
5482.891846	-96.701355
5484.237671	-96.701775
5485.583496	-96.702148
5486.929321	-96.702515
5488.275146	-96.702881
5489.620972	-96.703209
5490.966797	-96.703529
5492.312622	-96.703827
5493.658447	-96.704071
5495.004272	-96.704338
5496.350098	-96.704613
5497.695923	-96.704796
5499.041748	-96.705009
5500.387573	-96.705162
5501.733398	-96.705338
5503.079224	-96.705475
5504.425049	-96.705627
5505.770874	-96.705719
5507.116699	-96.705803
5508.462524	-96.705864
5509.808350	-96.705925
5511.154175	-96.705948
