Frequency (Hz)	Level (dB)
1.345825	-85.776093
2.691650	-85.692818
4.037476	-85.504478
5.383301	-85.271782
6.729126	-84.771805
8.074951	-84.845490
9.420776	-84.914841
10.766602	-83.012756
12.112427	-83.918037
13.458252	-83.689728
14.804077	-83.867256
16.149902	-82.376007
17.495728	-82.539734
18.841553	-81.393440
20.187378	-81.492912
21.533203	-81.961510
22.879028	-79.848183
24.224854	-79.975601
25.570679	-79.544922
26.916504	-80.227905
28.262329	-79.350716
29.608154	-79.155952
30.953979	-80.006485
32.299805	-79.786514
33.645630	-80.226189
34.991455	-80.579926
36.337280	-78.427322
37.683105	-78.371887
39.028931	-79.449203
40.374756	-78.968170
41.720581	-79.877190
43.066406	-79.638626
44.412231	-77.828835
45.758057	-77.986786
47.103882	-77.906548
48.449707	-77.466270
49.795532	-76.627014
51.141357	-76.405800
52.487183	-76.331039
53.833008	-76.211617
55.178833	-75.335266
56.524658	-75.326958
57.870483	-74.696182
59.216309	-72.909706
60.562134	-74.432014
61.907959	-72.914314
63.253784	-74.755836
64.599609	-76.052597
65.945435	-75.395767
67.291260	-74.713867
68.637085	-74.461647
69.982910	-74.369347
71.328735	-74.295570
72.674561	-74.654877
74.020386	-73.534866
75.366211	-75.965714
76.712036	-73.825394
78.057861	-75.604973
79.403687	-75.260620
80.749512	-73.564735
82.095337	-74.226349
83.441162	-74.563080
84.786987	-74.095253
86.132812	-75.603958
87.478638	-73.872322
88.824463	-73.151459
90.170288	-74.369568
91.516113	-73.623009
92.861938	-73.269333
94.207764	-74.033417
95.553589	-75.352104
96.899414	-73.752670
98.245239	-73.139626
99.591064	-74.333084
100.936890	-73.532059
102.282715	-73.383476
103.628540	-74.314598
104.974365	-73.212120
106.320190	-73.268158
107.666016	-74.388786
109.011841	-74.446472
110.357666	-74.047997
111.703491	-76.696999
113.049316	-72.935608
114.395142	-73.149002
115.740967	-74.349182
117.086792	-73.369934
118.432617	-70.445129
119.778442	-68.138840
121.124268	-71.944740
122.470093	-73.945778
123.815918	-71.685417
125.161743	-72.545273
126.507568	-73.042503
127.853394	-72.858322
129.199219	-72.192215
130.545044	-73.263260
131.890869	-71.215950
133.236694	-72.969749
134.582520	-72.941925
135.928345	-73.149422
137.274170	-71.249611
138.619995	-72.607529
139.965820	-72.016632
141.311646	-71.198479
142.657471	-72.102196
144.003296	-73.440269
145.349121	-70.853828
146.694946	-71.591209
148.040771	-71.703934
149.386597	-71.041611
150.732422	-70.181320
152.078247	-71.204010
153.424072	-72.206299
154.769897	-71.732460
156.115723	-71.058693
157.461548	-71.333832
158.807373	-70.218330
160.153198	-69.957977
161.499023	-71.788559
162.844849	-70.408554
164.190674	-70.251915
165.536499	-71.515808
166.882324	-69.226982
168.228149	-70.269424
169.573975	-70.961922
170.919800	-69.813766
172.265625	-70.991623
173.611450	-68.062691
174.957275	-69.249863
176.303101	-69.901131
177.648926	-68.797760
178.994751	-68.565323
180.340576	-69.800133
181.686401	-69.534088
183.032227	-69.300751
184.378052	-68.625954
185.723877	-68.648849
187.069702	-69.675583
188.415527	-67.553650
189.761353	-69.140221
191.107178	-69.328072
192.453003	-68.285980
193.798828	-68.406517
195.144653	-67.950844
196.490479	-69.259659
197.836304	-68.440514
199.182129	-66.347519
200.527954	-66.455208
201.873779	-68.164513
203.219604	-68.063873
204.565430	-66.563774
205.911255	-66.224434
207.257080	-65.009094
208.602905	-66.119759
209.948730	-65.820030
211.294556	-66.492897
212.640381	-65.779419
213.986206	-66.531273
215.332031	-66.003113
216.677856	-65.719055
218.023682	-66.835342
219.369507	-65.192764
220.715332	-64.729042
222.061157	-65.876091
223.406982	-64.468910
224.752808	-63.288025
226.098633	-62.840820
227.444458	-63.856804
228.790283	-62.800243
230.136108	-64.200531
231.481934	-63.399326
232.827759	-62.334137
234.173584	-64.113976
235.519409	-60.852875
236.865234	-61.392677
238.211060	-61.463440
239.556885	-60.893169
240.902710	-60.149483
242.248535	-58.628044
243.594360	-59.758484
244.940186	-61.320015
246.286011	-58.912315
247.631836	-59.415051
248.977661	-57.701351
250.323486	-57.565258
251.669312	-57.465424
253.015137	-57.868042
254.360962	-56.844894
255.706787	-57.447914
257.052612	-56.454685
258.398438	-54.778996
259.744263	-55.599953
261.090088	-56.763752
262.435913	-55.952454
263.781738	-56.832249
265.127563	-53.519112
266.473389	-55.346375
267.819214	-55.390110
269.165039	-55.515816
270.510864	-54.465839
271.856689	-54.505318
273.202515	-54.789566
274.548340	-57.200882
275.894165	-56.446621
277.239990	-56.881523
278.585815	-56.912899
279.931641	-57.063011
281.277466	-58.469341
282.623291	-57.704556
283.969116	-58.325733
285.314941	-56.567696
286.660767	-59.254028
288.006592	-60.626270
289.352417	-59.403385
290.698242	-60.065815
292.044067	-59.717186
293.389893	-60.008114
294.735718	-61.330860
296.081543	-61.126335
297.427368	-62.052578
298.773193	-61.914158
300.119019	-61.781158
301.464844	-61.251419
302.810669	-62.564095
304.156494	-63.140564
305.502319	-63.556721
306.848145	-63.135651
308.193970	-64.483688
309.539795	-64.777145
310.885620	-64.761238
312.231445	-64.379349
313.577271	-64.146034
314.923096	-62.574303
316.268921	-63.565647
317.614746	-64.539772
318.960571	-64.217422
320.306396	-65.440109
321.652222	-64.333176
322.998047	-63.728737
324.343872	-66.020020
325.689697	-65.884552
327.035522	-64.797356
328.381348	-66.286385
329.727173	-66.948250
331.072998	-65.526840
332.418823	-66.800056
333.764648	-67.889076
335.110474	-67.007057
336.456299	-66.257629
337.802124	-65.636505
339.147949	-67.121811
340.493774	-64.764145
341.839600	-65.754250
343.185425	-66.419930
344.531250	-67.363853
345.877075	-66.840508
347.222900	-67.168884
348.568726	-66.621033
349.914551	-66.481186
351.260376	-67.833221
352.606201	-67.453804
353.952026	-67.847862
355.297852	-66.803482
356.643677	-67.135597
357.989502	-67.643738
359.335327	-66.274750
360.681152	-67.672974
362.026978	-67.094955
363.372803	-68.734665
364.718628	-67.590858
366.064453	-67.147797
367.410278	-68.082123
368.756104	-66.117668
370.101929	-67.219955
371.447754	-67.468697
372.793579	-66.960968
374.139404	-68.257416
375.485229	-67.856125
376.831055	-67.716522
378.176880	-67.264488
379.522705	-69.392662
380.868530	-67.341499
382.214355	-67.484245
383.560181	-66.727379
384.906006	-67.892982
386.251831	-68.747581
387.597656	-67.611626
388.943481	-68.255966
390.289307	-69.248535
391.635132	-70.163040
392.980957	-68.696487
394.326782	-67.263275
395.672607	-68.649239
397.018433	-69.161186
398.364258	-68.221558
399.710083	-68.664917
401.055908	-67.102623
402.401733	-68.839493
403.747559	-69.029625
405.093384	-69.808418
406.439209	-68.413338
407.785034	-68.282570
409.130859	-67.644859
410.476685	-68.289024
411.822510	-67.475822
413.168335	-69.488136
414.514160	-67.605621
415.859985	-67.762093
417.205811	-68.630241
418.551636	-67.634384
419.897461	-67.586586
421.243286	-66.781273
422.589111	-68.510384
423.934937	-68.667732
425.280762	-67.875366
426.626587	-66.588608
427.972412	-67.517052
429.318237	-66.630882
430.664062	-66.594887
432.009888	-66.789818
433.355713	-67.598145
434.701538	-67.887276
436.047363	-68.026924
437.393188	-68.683548
438.739014	-69.693390
440.084839	-66.243523
441.430664	-66.803207
442.776489	-67.125504
444.122314	-65.725166
445.468140	-66.378868
446.813965	-67.741623
448.159790	-68.460823
449.505615	-65.904518
450.851440	-66.345016
452.197266	-66.347069
453.543091	-66.168488
454.888916	-65.979729
456.234741	-65.340477
457.580566	-65.427689
458.926392	-65.609642
460.272217	-65.103966
461.618042	-64.446198
462.963867	-63.893986
464.309692	-64.687515
465.655518	-65.860252
467.001343	-65.973595
468.347168	-64.046158
469.692993	-64.282845
471.038818	-64.467140
472.384644	-64.520241
473.730469	-63.642498
475.076294	-63.504169
476.422119	-63.176178
477.767944	-63.507030
479.113770	-63.603268
480.459595	-63.728363
481.805420	-62.254753
483.151245	-62.906075
484.497070	-63.454815
485.842896	-64.258064
487.188721	-62.236771
488.534546	-61.494038
489.880371	-60.739532
491.226196	-60.979137
492.572021	-61.936935
493.917847	-61.671249
495.263672	-61.707954
496.609497	-60.848804
497.955322	-60.274387
499.301147	-59.427898
500.646973	-59.625999
501.992798	-60.076275
503.338623	-58.647873
504.684448	-60.053570
506.030273	-59.068970
507.376099	-59.156105
508.721924	-58.046570
510.067749	-58.102768
511.413574	-57.412369
512.759399	-56.805840
514.105225	-57.287571
515.451050	-56.335590
516.796875	-57.486771
518.142700	-56.040039
519.488525	-55.349377
520.834351	-55.879692
522.180176	-55.154743
523.526001	-53.473133
524.871826	-54.879047
526.217651	-54.106468
527.563477	-53.017605
528.909302	-53.181923
530.255127	-52.908169
531.600952	-52.232422
532.946777	-52.547600
534.292603	-53.920509
535.638428	-52.772625
536.984253	-54.670322
538.330078	-55.398685
539.675903	-53.740479
541.021729	-53.693684
542.367554	-54.957260
543.713379	-52.740395
545.059204	-53.901768
546.405029	-55.820629
547.750854	-55.642601
549.096680	-55.876740
550.442505	-56.946320
551.788330	-56.213032
553.134155	-55.974537
554.479980	-57.494129
555.825806	-58.554775
557.171631	-58.537437
558.517456	-58.685558
559.863281	-58.917229
561.209106	-59.808403
562.554932	-57.910812
563.900757	-60.840694
565.246582	-60.819656
566.592407	-61.678066
567.938232	-60.840778
569.284058	-60.620850
570.629883	-61.309219
571.975708	-61.914688
573.321533	-60.672268
574.667358	-62.994038
576.013184	-62.983032
577.359009	-61.750546
578.704834	-62.137463
580.050659	-62.750965
581.396484	-64.222260
582.742310	-62.340843
584.088135	-62.162525
585.433960	-62.966648
586.779785	-64.030090
588.125610	-64.470558
589.471436	-64.893944
590.817261	-63.161686
592.163086	-63.300056
593.508911	-63.443882
594.854736	-63.019104
596.200562	-63.819859
597.546387	-63.775928
598.892212	-64.102875
600.238037	-64.203056
601.583862	-62.555668
602.929688	-63.921413
604.275513	-63.455662
605.621338	-64.613838
606.967163	-66.273926
608.312988	-65.331703
609.658813	-65.233200
611.004639	-65.894600
612.350464	-64.113060
613.696289	-64.613365
615.042114	-66.000717
616.387939	-65.793427
617.733765	-67.051056
619.079590	-65.410599
620.425415	-65.949226
621.771240	-65.419495
623.117065	-65.899719
624.462891	-65.054176
625.808716	-66.902534
627.154541	-65.450172
628.500366	-65.661728
629.846191	-64.773514
631.192017	-67.408424
632.537842	-65.618080
633.883667	-67.162521
635.229492	-66.661606
636.575317	-67.795563
637.921143	-67.990189
639.266968	-66.571449
640.612793	-66.472778
641.958618	-67.871391
643.304443	-67.400330
644.650269	-66.949532
645.996094	-65.554405
647.341919	-65.693069
648.687744	-67.367439
650.033569	-68.145554
651.379395	-67.953018
652.725220	-67.792053
654.071045	-67.348503
655.416870	-66.922478
656.762695	-68.130623
658.108521	-68.123459
659.454346	-67.077675
660.800171	-68.126701
662.145996	-67.966301
663.491821	-67.085976
664.837646	-65.296013
666.183472	-65.332779
667.529297	-67.724808
668.875122	-66.451813
670.220947	-66.104530
671.566772	-66.373947
672.912598	-64.986038
674.258423	-65.235382
675.604248	-67.793350
676.950073	-67.027382
678.295898	-66.561447
679.641724	-65.207077
680.987549	-65.745300
682.333374	-66.373222
683.679199	-67.651459
685.025024	-66.259369
686.370850	-66.213417
687.716675	-67.285477
689.062500	-68.671349
690.408325	-67.676521
691.754150	-66.556252
693.099976	-67.183517
694.445801	-66.535088
695.791626	-65.586967
697.137451	-65.604126
698.483276	-67.317879
699.829102	-64.145554
701.174927	-65.400093
702.520752	-65.515259
703.866577	-65.876640
705.212402	-65.033669
706.558228	-65.932480
707.904053	-65.742867
709.249878	-66.092583
710.595703	-65.744896
711.941528	-65.484955
713.287354	-65.029343
714.633179	-64.389954
715.979004	-64.316490
717.324829	-64.672272
718.670654	-64.936180
720.016479	-66.342690
721.362305	-65.028938
722.708130	-63.000137
724.053955	-65.098885
725.399780	-64.630753
726.745605	-63.935635
728.091431	-62.971676
729.437256	-63.152840
730.783081	-64.031525
732.128906	-64.269905
733.474731	-63.292450
734.820557	-63.732422
736.166382	-63.349953
737.512207	-63.635208
738.858032	-62.752106
740.203857	-62.602608
741.549683	-61.975803
742.895508	-62.044022
744.241333	-61.567974
745.587158	-62.209476
746.932983	-62.715054
748.278809	-62.261326
749.624634	-61.507519
750.970459	-60.003128
752.316284	-60.784554
753.662109	-59.786594
755.007935	-60.308098
756.353760	-59.923607
757.699585	-61.401558
759.045410	-59.952534
760.391235	-61.398476
761.737061	-61.158836
763.082886	-57.651131
764.428711	-58.897160
765.774536	-57.934414
767.120361	-59.053604
768.466187	-58.846809
769.812012	-57.696316
771.157837	-56.996170
772.503662	-57.857132
773.849487	-57.550915
775.195312	-56.640625
776.541138	-56.489826
777.886963	-55.965687
779.232788	-55.315437
780.578613	-54.283829
781.924438	-53.664429
783.270264	-54.439377
784.616089	-54.778652
785.961914	-54.565872
787.307739	-54.123573
788.653564	-55.108849
789.999390	-53.046787
791.345215	-51.841694
792.691040	-51.949646
794.036865	-52.090828
795.382690	-53.003567
796.728516	-54.212852
798.074341	-51.716076
799.420166	-49.589264
800.765991	-53.076466
802.111816	-52.560638
803.457642	-52.181442
804.803467	-53.134193
806.149292	-51.718807
807.495117	-50.926662
808.840942	-52.114700
810.186768	-53.900272
811.532593	-54.272617
812.878418	-52.547310
814.224243	-53.231380
815.570068	-53.430302
816.915894	-53.897736
818.261719	-55.016651
819.607544	-55.015270
820.953369	-55.633217
822.299194	-55.209599
823.645020	-55.333775
824.990845	-55.264912
826.336670	-56.555866
827.682495	-57.283302
829.028320	-58.337196
830.374146	-57.602825
831.719971	-56.695103
833.065796	-57.396687
834.411621	-58.667572
835.757446	-58.198910
837.103271	-59.184120
838.449097	-59.179192
839.794922	-59.932549
841.140747	-58.438259
842.486572	-58.793156
843.832397	-60.055904
845.178223	-60.521873
846.524048	-60.059364
847.869873	-60.121391
849.215698	-61.631111
850.561523	-61.666157
851.907349	-61.369118
853.253174	-62.179333
854.598999	-62.242050
855.944824	-60.830288
857.290649	-61.819908
858.636475	-61.668839
859.982300	-60.739857
861.328125	-62.588566
862.673950	-62.217838
864.019775	-62.703999
865.365601	-63.296585
866.711426	-62.668034
868.057251	-63.141094
869.403076	-62.903980
870.748901	-61.442951
872.094727	-63.579830
873.440552	-62.557438
874.786377	-63.184189
876.132202	-62.979950
877.478027	-63.003078
878.823853	-60.972343
880.169678	-64.497009
881.515503	-62.453140
882.861328	-66.099541
884.207153	-64.461182
885.552979	-64.092880
886.898804	-64.770218
888.244629	-65.377487
889.590454	-66.160622
890.936279	-63.854488
892.282104	-63.681324
893.627930	-64.902863
894.973755	-66.284729
896.319580	-64.367935
897.665405	-65.272972
899.011230	-64.224228
900.357056	-65.902679
901.702881	-65.125786
903.048706	-64.592392
904.394531	-63.777386
905.740356	-65.369598
907.086182	-64.796455
908.432007	-64.662117
909.777832	-63.778793
911.123657	-64.788040
912.469482	-63.068886
913.815308	-64.587616
915.161133	-63.122547
916.506958	-64.525986
917.852783	-65.050385
919.198608	-64.328415
920.544434	-65.549438
921.890259	-63.463970
923.236084	-64.850235
924.581909	-65.582069
925.927734	-63.644230
927.273560	-64.490654
928.619385	-64.128593
929.965210	-64.064751
931.311035	-64.490784
932.656860	-65.209351
934.002686	-64.190109
935.348511	-63.901192
936.694336	-65.279373
938.040161	-64.541580
939.385986	-64.324448
940.731812	-66.562325
942.077637	-63.965057
943.423462	-64.878471
944.769287	-64.044586
946.115112	-65.230644
947.460938	-65.653030
948.806763	-65.301224
950.152588	-64.468712
951.498413	-64.258194
952.844238	-64.219421
954.190063	-64.931427
955.535889	-63.132412
956.881714	-64.457466
958.227539	-63.547405
959.573364	-63.826580
960.919189	-63.681610
962.265015	-64.100716
963.610840	-62.671455
964.956665	-62.882092
966.302490	-64.459389
967.648315	-63.183983
968.994141	-63.781288
970.339966	-64.220146
971.685791	-63.530647
973.031616	-62.836437
974.377441	-64.846054
975.723267	-63.351669
977.069092	-63.398808
978.414917	-63.352600
979.760742	-62.363274
981.106567	-63.864170
982.452393	-64.854324
983.798218	-62.681263
985.144043	-62.963963
986.489868	-61.609974
987.835693	-62.233540
989.181519	-62.750084
990.527344	-60.934547
991.873169	-61.086555
993.218994	-62.957924
994.564819	-61.372124
995.910645	-62.482689
997.256470	-61.754318
998.602295	-61.936169
999.948120	-61.126049
1001.293945	-61.010170
1002.639771	-61.043812
1003.985596	-60.982983
1005.331421	-60.604797
1006.677246	-60.477100
1008.023071	-60.504826
1009.368896	-59.857903
1010.714722	-59.350117
1012.060547	-60.512440
1013.406372	-61.307285
1014.752197	-59.615913
1016.098022	-58.912910
1017.443848	-59.668812
1018.789673	-59.771336
1020.135498	-59.114540
1021.481323	-59.465973
1022.827148	-58.644268
1024.172974	-58.560368
1025.518799	-57.451935
1026.864624	-56.751629
1028.210449	-57.656235
1029.556274	-56.505291
1030.902100	-57.499153
1032.247925	-56.592400
1033.593750	-54.912632
1034.939575	-53.870560
1036.285400	-53.334095
1037.631226	-53.415779
1038.977051	-53.762028
1040.322876	-55.277969
1041.668701	-54.720184
1043.014526	-53.580517
1044.360352	-53.167755
1045.706177	-53.052422
1047.052002	-51.934273
1048.397827	-53.865410
1049.743652	-52.259365
1051.089478	-51.209858
1052.435303	-52.720181
1053.781128	-51.927353
1055.126953	-51.609032
1056.472778	-51.319344
1057.818604	-51.089260
1059.164429	-50.801613
1060.510254	-50.578484
1061.856079	-49.486778
1063.201904	-50.966991
1064.547729	-49.412624
1065.893555	-50.397083
1067.239380	-50.657017
1068.585205	-48.693157
1069.931030	-49.749546
1071.276855	-50.256592
1072.622681	-51.782291
1073.968506	-52.335064
1075.314331	-52.131912
1076.660156	-52.305759
1078.005981	-52.969204
1079.351807	-53.796341
1080.697632	-54.200130
1082.043457	-55.519650
1083.389282	-53.674831
1084.735107	-54.085629
1086.080933	-54.278316
1087.426758	-55.705395
1088.772583	-52.171398
1090.118408	-54.486286
1091.464233	-54.279293
1092.810059	-54.257339
1094.155884	-54.852955
1095.501709	-56.517864
1096.847534	-57.421604
1098.193359	-56.979767
1099.539185	-57.717922
1100.885010	-57.486225
1102.230835	-57.155830
1103.576660	-57.623993
1104.922485	-56.400299
1106.268311	-57.667679
1107.614136	-56.927509
1108.959961	-58.131481
1110.305786	-59.922962
1111.651611	-58.425583
1112.997437	-58.448574
1114.343262	-56.964199
1115.689087	-57.805038
1117.034912	-58.282684
1118.380737	-58.942120
1119.726562	-58.875328
1121.072388	-59.234859
1122.418213	-59.558174
1123.764038	-59.655521
1125.109863	-60.162460
1126.455688	-59.783775
1127.801514	-60.877537
1129.147339	-60.028053
1130.493164	-61.791206
1131.838989	-60.263130
1133.184814	-60.691185
1134.530640	-59.527767
1135.876465	-60.662296
1137.222290	-62.907856
1138.568115	-61.964249
1139.913940	-60.802555
1141.259766	-60.167519
1142.605591	-60.887142
1143.951416	-62.031876
1145.297241	-62.304630
1146.643066	-62.238548
1147.988892	-61.879314
1149.334717	-64.193108
1150.680542	-63.810078
1152.026367	-61.868172
1153.372192	-60.856876
1154.718018	-62.813187
1156.063843	-63.234882
1157.409668	-64.449738
1158.755493	-64.108444
1160.101318	-63.421730
1161.447144	-63.664021
1162.792969	-62.686382
1164.138794	-63.417820
1165.484619	-63.335125
1166.830444	-61.874760
1168.176270	-63.242329
1169.522095	-63.317532
1170.867920	-63.702389
1172.213745	-64.415398
1173.559570	-63.534771
1174.905396	-63.227982
1176.251221	-63.444469
1177.597046	-64.670563
1178.942871	-63.592926
1180.288696	-64.134720
1181.634521	-64.844666
1182.980347	-64.796883
1184.326172	-64.431274
1185.671997	-64.529930
1187.017822	-63.643757
1188.363647	-63.886162
1189.709473	-62.222702
1191.055298	-63.543282
1192.401123	-64.397064
1193.746948	-64.321129
1195.092773	-63.641342
1196.438599	-63.593742
1197.784424	-64.171036
1199.130249	-63.530479
1200.476074	-64.638046
1201.821899	-63.975315
1203.167725	-65.466377
1204.513550	-63.462658
1205.859375	-63.572372
1207.205200	-62.529217
1208.551025	-63.601559
1209.896851	-63.958027
1211.242676	-63.883877
1212.588501	-61.739994
1213.934326	-65.337051
1215.280151	-63.890320
1216.625977	-64.202827
1217.971802	-64.254120
1219.317627	-63.689739
1220.663452	-64.075432
1222.009277	-62.934547
1223.355103	-64.803032
1224.700928	-62.094471
1226.046753	-63.403019
1227.392578	-62.985950
1228.738403	-64.906525
1230.084229	-63.906006
1231.430054	-63.857948
1232.775879	-63.700787
1234.121704	-62.214340
1235.467529	-62.981918
1236.813354	-62.313820
1238.159180	-63.019009
1239.505005	-61.737289
1240.850830	-63.409557
1242.196655	-62.675030
1243.542480	-61.843449
1244.888306	-59.942402
1246.234131	-62.857220
1247.579956	-61.929916
1248.925781	-63.284023
1250.271606	-62.889233
1251.617432	-61.484821
1252.963257	-60.988194
1254.309082	-62.749569
1255.654907	-62.192432
1257.000732	-61.695862
1258.346558	-61.385960
1259.692383	-61.255165
1261.038208	-60.116978
1262.384033	-58.992462
1263.729858	-60.403328
1265.075684	-60.499050
1266.421509	-59.899563
1267.767334	-60.072823
1269.113159	-58.612617
1270.458984	-59.132721
1271.804810	-59.053707
1273.150635	-59.459484
1274.496460	-60.046455
1275.842285	-60.185307
1277.188110	-58.769093
1278.533936	-58.231670
1279.879761	-60.490822
1281.225586	-58.178127
1282.571411	-57.476585
1283.917236	-59.038521
1285.263062	-57.767860
1286.608887	-57.409683
1287.954712	-57.363503
1289.300537	-56.476589
1290.646362	-56.842873
1291.992188	-56.284775
1293.338013	-56.665359
1294.683838	-57.575745
1296.029663	-56.737797
1297.375488	-55.882542
1298.721313	-54.907669
1300.067139	-54.174419
1301.412964	-55.580509
1302.758789	-55.120766
1304.104614	-54.098190
1305.450439	-53.748447
1306.796265	-54.511799
1308.142090	-53.388535
1309.487915	-50.656231
1310.833740	-53.391155
1312.179565	-51.989445
1313.525391	-50.650871
1314.871216	-52.015053
1316.217041	-51.632969
1317.562866	-50.139954
1318.908691	-49.738926
1320.254517	-49.094154
1321.600342	-49.287388
1322.946167	-49.290401
1324.291992	-50.362553
1325.637817	-48.564449
1326.983643	-49.255695
1328.329468	-49.097336
1329.675293	-50.206886
1331.021118	-49.513935
1332.366943	-47.669125
1333.712769	-48.564610
1335.058594	-48.148312
1336.404419	-49.564816
1337.750244	-49.806396
1339.096069	-50.297840
1340.441895	-48.681587
1341.787720	-48.322544
1343.133545	-50.410885
1344.479370	-50.293011
1345.825195	-49.872398
1347.171021	-51.420341
1348.516846	-51.380978
1349.862671	-51.533035
1351.208496	-51.979065
1352.554321	-53.952278
1353.900146	-52.479042
1355.245972	-53.878338
1356.591797	-54.755367
1357.937622	-54.558323
1359.283447	-54.772213
1360.629272	-54.140011
1361.975098	-55.020161
1363.320923	-55.838608
1364.666748	-55.749626
1366.012573	-55.667164
1367.358398	-56.099018
1368.704224	-56.113174
1370.050049	-55.553360
1371.395874	-55.441910
1372.741699	-56.369461
1374.087524	-56.648502
1375.433350	-56.882759
1376.779175	-57.660206
1378.125000	-57.448109
1379.470825	-58.147930
1380.816650	-59.580574
1382.162476	-57.435596
1383.508301	-58.274467
1384.854126	-57.588181
1386.199951	-58.608173
1387.545776	-58.164413
1388.891602	-57.710308
1390.237427	-59.358807
1391.583252	-60.269722
1392.929077	-59.619858
1394.274902	-59.745808
1395.620728	-58.056232
1396.966553	-60.974991
1398.312378	-59.187553
1399.658203	-60.833378
1401.004028	-60.341637
1402.349854	-59.077671
1403.695679	-60.524021
1405.041504	-60.358932
1406.387329	-60.514790
1407.733154	-60.881283
1409.078979	-60.412460
1410.424805	-59.884430
1411.770630	-61.172073
1413.116455	-60.344124
1414.462280	-60.790508
1415.808105	-60.004467
1417.153931	-60.799511
1418.499756	-61.433304
1419.845581	-60.172737
1421.191406	-60.445286
1422.537231	-62.797279
1423.883057	-61.354111
1425.228882	-61.049232
1426.574707	-61.873611
1427.920532	-62.216702
1429.266357	-62.295643
1430.612183	-61.041618
1431.958008	-59.966095
1433.303833	-61.902531
1434.649658	-62.177837
1435.995483	-63.297901
1437.341309	-62.192467
1438.687134	-61.411304
1440.032959	-61.707195
1441.378784	-61.173790
1442.724609	-61.286850
1444.070435	-61.457439
1445.416260	-60.876675
1446.762085	-61.364571
1448.107910	-62.622478
1449.453735	-61.738937
1450.799561	-61.875031
1452.145386	-62.308300
1453.491211	-61.714649
1454.837036	-62.384892
1456.182861	-62.251976
1457.528687	-61.584675
1458.874512	-62.856667
1460.220337	-63.152203
1461.566162	-62.409935
1462.911987	-61.882923
1464.257812	-61.318855
1465.603638	-61.236607
1466.949463	-63.127911
1468.295288	-60.547531
1469.641113	-60.901432
1470.986938	-61.236481
1472.332764	-62.380669
1473.678589	-62.661995
1475.024414	-60.564121
1476.370239	-61.297848
1477.716064	-61.781513
1479.061890	-60.811520
1480.407715	-61.657581
1481.753540	-62.638786
1483.099365	-62.146137
1484.445190	-61.537319
1485.791016	-62.653633
1487.136841	-61.319656
1488.482666	-60.398956
1489.828491	-61.961025
1491.174316	-61.336605
1492.520142	-61.746967
1493.865967	-59.563992
1495.211792	-60.253094
1496.557617	-61.821552
1497.903442	-62.184513
1499.249268	-60.616779
1500.595093	-61.608234
1501.940918	-61.843723
1503.286743	-60.684746
1504.632568	-62.105621
1505.978394	-61.087849
1507.324219	-60.440754
1508.670044	-60.375229
1510.015869	-59.579102
1511.361694	-59.620083
1512.707520	-59.413292
1514.053345	-59.817032
1515.399170	-59.463947
1516.744995	-60.417938
1518.090820	-59.725357
1519.436646	-59.045471
1520.782471	-59.035561
1522.128296	-58.659122
1523.474121	-58.520214
1524.819946	-60.014488
1526.165771	-59.820385
1527.511597	-58.593925
1528.857422	-58.743393
1530.203247	-58.408604
1531.549072	-58.090839
1532.894897	-57.935993
1534.240723	-57.890038
1535.586548	-56.763721
1536.932373	-57.173695
1538.278198	-57.835884
1539.624023	-57.735752
1540.969849	-57.765152
1542.315674	-56.048897
1543.661499	-57.852238
1545.007324	-58.215477
1546.353149	-57.713619
1547.698975	-55.437393
1549.044800	-56.383499
1550.390625	-56.769878
1551.736450	-55.862141
1553.082275	-55.016777
1554.428101	-54.421131
1555.773926	-55.596806
1557.119751	-54.099495
1558.465576	-53.679703
1559.811401	-55.036797
1561.157227	-53.832752
1562.503052	-53.652573
1563.848877	-52.951588
1565.194702	-52.326359
1566.540527	-53.074425
1567.886353	-52.951958
1569.232178	-52.415211
1570.578003	-52.439632
1571.923828	-52.650051
1573.269653	-51.416687
1574.615479	-50.579792
1575.961304	-51.557064
1577.307129	-51.077679
1578.652954	-47.629692
1579.998779	-50.496613
1581.344604	-50.942070
1582.690430	-47.998241
1584.036255	-46.699955
1585.382080	-48.592934
1586.727905	-48.426121
1588.073730	-47.555862
1589.419556	-47.054234
1590.765381	-47.210941
1592.111206	-48.257671
1593.457031	-48.487064
1594.802856	-45.942780
1596.148682	-46.355740
1597.494507	-48.861923
1598.840332	-47.179352
1600.186157	-46.617016
1601.531982	-46.725067
1602.877808	-47.000248
1604.223633	-46.495487
1605.569458	-47.442036
1606.915283	-47.235779
1608.261108	-47.437576
1609.606934	-48.389912
1610.952759	-48.799599
1612.298584	-48.328293
1613.644409	-49.261055
1614.990234	-48.839458
1616.336060	-51.102928
1617.681885	-51.998695
1619.027710	-52.820282
1620.373535	-51.485035
1621.719360	-50.471062
1623.065186	-51.267784
1624.411011	-53.884846
1625.756836	-52.511589
1627.102661	-53.307343
1628.448486	-53.196453
1629.794312	-52.541786
1631.140137	-53.097553
1632.485962	-54.173515
1633.831787	-53.329517
1635.177612	-54.964104
1636.523438	-53.224152
1637.869263	-53.604427
1639.215088	-54.986454
1640.560913	-55.231594
1641.906738	-55.609627
1643.252563	-55.185257
1644.598389	-55.457596
1645.944214	-56.438999
1647.290039	-57.311649
1648.635864	-57.704647
1649.981689	-55.922260
1651.327515	-55.497726
1652.673340	-55.491554
1654.019165	-55.777817
1655.364990	-57.106091
1656.710815	-56.657520
1658.056641	-57.674397
1659.402466	-56.907913
1660.748291	-58.973492
1662.094116	-58.270996
1663.439941	-56.238457
1664.785767	-58.909210
1666.131592	-58.079689
1667.477417	-57.190155
1668.823242	-57.129829
1670.169067	-56.584949
1671.514893	-58.182152
1672.860718	-58.215225
1674.206543	-56.686653
1675.552368	-58.352695
1676.898193	-57.606358
1678.244019	-57.440067
1679.589844	-57.888714
1680.935669	-58.360569
1682.281494	-60.412621
1683.627319	-58.077496
1684.973145	-60.104511
1686.318970	-59.366913
1687.664795	-59.086014
1689.010620	-58.896431
1690.356445	-58.733299
1691.702271	-59.724701
1693.048096	-58.999630
1694.393921	-59.559578
1695.739746	-59.264793
1697.085571	-59.702732
1698.431396	-59.749664
1699.777222	-58.785900
1701.123047	-61.135551
1702.468872	-59.888145
1703.814697	-59.490467
1705.160522	-60.440456
1706.506348	-58.874268
1707.852173	-58.589645
1709.197998	-59.612606
1710.543823	-59.231171
1711.889648	-60.978870
1713.235474	-60.011127
1714.581299	-59.999058
1715.927124	-59.913734
1717.272949	-58.249107
1718.618774	-59.895870
1719.964600	-58.247478
1721.310425	-60.395111
1722.656250	-61.346313
1724.002075	-60.300732
1725.347900	-58.943993
1726.693726	-60.681797
1728.039551	-60.346691
1729.385376	-59.002621
1730.731201	-58.593655
1732.077026	-59.057114
1733.422852	-59.862728
1734.768677	-59.916676
1736.114502	-59.523853
1737.460327	-59.568405
1738.806152	-60.543533
1740.151978	-60.320656
1741.497803	-59.814747
1742.843628	-60.395210
1744.189453	-58.365444
1745.535278	-60.088295
1746.881104	-59.345909
1748.226929	-58.601196
1749.572754	-59.744526
1750.918579	-58.864788
1752.264404	-58.990650
1753.610229	-59.128304
1754.956055	-58.934528
1756.301880	-59.573204
1757.647705	-60.569614
1758.993530	-59.752747
1760.339355	-58.753235
1761.685181	-58.049896
1763.031006	-60.484066
1764.376831	-58.767719
1765.722656	-58.102058
1767.068481	-57.318825
1768.414307	-59.627426
1769.760132	-58.593529
1771.105957	-58.579983
1772.451782	-58.430744
1773.797607	-57.938419
1775.143433	-57.989407
1776.489258	-58.590855
1777.835083	-58.189610
1779.180908	-57.104000
1780.526733	-57.552116
1781.872559	-58.606716
1783.218384	-57.745033
1784.564209	-58.602882
1785.910034	-56.505863
1787.255859	-57.201157
1788.601685	-57.077606
1789.947510	-57.073853
1791.293335	-57.621563
1792.639160	-57.042789
1793.984985	-55.896896
1795.330811	-58.258053
1796.676636	-56.166382
1798.022461	-56.735737
1799.368286	-56.047092
1800.714111	-56.610363
1802.059937	-55.740295
1803.405762	-54.560757
1804.751587	-55.194897
1806.097412	-55.467457
1807.443237	-54.962700
1808.789062	-54.098858
1810.134888	-55.791615
1811.480713	-53.955029
1812.826538	-53.124180
1814.172363	-52.983070
1815.518188	-52.713196
1816.864014	-52.049782
1818.209839	-53.460564
1819.555664	-54.723934
1820.901489	-52.262962
1822.247314	-51.312252
1823.593140	-51.689690
1824.938965	-52.021664
1826.284790	-53.336662
1827.630615	-50.475475
1828.976440	-50.248459
1830.322266	-51.789181
1831.668091	-51.327274
1833.013916	-51.314926
1834.359741	-52.269207
1835.705566	-49.301811
1837.051392	-49.906635
1838.397217	-49.823677
1839.743042	-49.718857
1841.088867	-48.483627
1842.434692	-49.168579
1843.780518	-47.528538
1845.126343	-48.858475
1846.472168	-46.310936
1847.817993	-47.550198
1849.163818	-46.521683
1850.509644	-45.912144
1851.855469	-47.538837
1853.201294	-47.000580
1854.547119	-45.947701
1855.892944	-45.029797
1857.238770	-45.153969
1858.584595	-44.397835
1859.930420	-43.626762
1861.276245	-45.219105
1862.622070	-45.205624
1863.967896	-43.672634
1865.313721	-45.740517
1866.659546	-43.856892
1868.005371	-44.163757
1869.351196	-45.142078
1870.697021	-47.599327
1872.042847	-45.225250
1873.388672	-45.095734
1874.734497	-46.569260
1876.080322	-47.180779
1877.426147	-47.224213
1878.771973	-48.554974
1880.117798	-46.983452
1881.463623	-48.591225
1882.809448	-48.895863
1884.155273	-49.022442
1885.501099	-49.615635
1886.846924	-48.550289
1888.192749	-49.528896
1889.538574	-49.447002
1890.884399	-50.015099
1892.230225	-50.175102
1893.576050	-52.166927
1894.921875	-50.367115
1896.267700	-51.567429
1897.613525	-51.165844
1898.959351	-51.938915
1900.305176	-52.966614
1901.651001	-52.911903
1902.996826	-54.197029
1904.342651	-52.084236
1905.688477	-52.265137
1907.034302	-52.674301
1908.380127	-53.856010
1909.725952	-52.575161
1911.071777	-52.627312
1912.417603	-52.124954
1913.763428	-53.177406
1915.109253	-55.033779
1916.455078	-54.369350
1917.800903	-54.740063
1919.146729	-55.779926
1920.492554	-53.695103
1921.838379	-54.443836
1923.184204	-53.789165
1924.530029	-55.294346
1925.875854	-54.877625
1927.221680	-54.403980
1928.567505	-54.857269
1929.913330	-55.379158
1931.259155	-55.366283
1932.604980	-54.427525
1933.950806	-54.980740
1935.296631	-56.410919
1936.642456	-55.702099
1937.988281	-55.453033
1939.334106	-56.249138
1940.679932	-56.593777
1942.025757	-56.109329
1943.371582	-57.191246
1944.717407	-55.460239
1946.063232	-55.750496
1947.409058	-56.244896
1948.754883	-56.204426
1950.100708	-57.434963
1951.446533	-56.464966
1952.792358	-57.368553
1954.138184	-57.648369
1955.484009	-58.886425
1956.829834	-58.067139
1958.175659	-58.355690
1959.521484	-57.761055
1960.867310	-56.549835
1962.213135	-57.141922
1963.558960	-56.995808
1964.904785	-56.731941
1966.250610	-57.891834
1967.596436	-58.025127
1968.942261	-56.453632
1970.288086	-58.672089
1971.633911	-58.458286
1972.979736	-58.340954
1974.325562	-56.708279
1975.671387	-57.035995
1977.017212	-59.208351
1978.363037	-57.952522
1979.708862	-58.084530
1981.054688	-58.782574
1982.400513	-56.645885
1983.746338	-58.573357
1985.092163	-59.009953
1986.437988	-58.290173
1987.783813	-57.701115
1989.129639	-57.219326
1990.475464	-56.132915
1991.821289	-57.254856
1993.167114	-56.820210
1994.512939	-56.686111
1995.858765	-57.376286
1997.204590	-58.738583
1998.550415	-58.330738
1999.896240	-56.268490
2001.242065	-57.182972
2002.587891	-56.085529
2003.933716	-56.457066
2005.279541	-57.816521
2006.625366	-56.150173
2007.971191	-57.445744
2009.317017	-56.344326
2010.662842	-57.309067
2012.008667	-57.839523
2013.354492	-58.165958
2014.700317	-57.015701
2016.046143	-57.273869
2017.391968	-57.173965
2018.737793	-56.919384
2020.083618	-58.065884
2021.429443	-57.127701
2022.775269	-55.864986
2024.121094	-56.681458
2025.466919	-57.608379
2026.812744	-56.537945
2028.158569	-56.871849
2029.504395	-56.748428
2030.850220	-55.923973
2032.196045	-56.113537
2033.541870	-57.810730
2034.887695	-55.919025
2036.233521	-56.947250
2037.579346	-57.415188
2038.925171	-56.470867
2040.270996	-56.846729
2041.616821	-56.282326
2042.962646	-55.475628
2044.308472	-56.748058
2045.654297	-57.435837
2047.000122	-57.662453
2048.345947	-56.545837
2049.691772	-56.016037
2051.037598	-54.352531
2052.383423	-55.413033
2053.729248	-55.944839
2055.075073	-55.747482
2056.420898	-54.619244
2057.766724	-55.368107
2059.112549	-52.832573
2060.458374	-54.239147
2061.804199	-54.061352
2063.150024	-54.193584
2064.495850	-54.488232
2065.841675	-54.196846
2067.187500	-52.393642
2068.533325	-53.772900
2069.879150	-54.667564
2071.224976	-51.763416
2072.570801	-52.467144
2073.916626	-53.268135
2075.262451	-53.300240
2076.608276	-51.613091
2077.954102	-52.216461
2079.299927	-51.755589
2080.645752	-50.836834
2081.991577	-51.448837
2083.337402	-50.391197
2084.683228	-50.161804
2086.029053	-48.761658
2087.374878	-51.169907
2088.720703	-52.357143
2090.066528	-49.682964
2091.412354	-50.720665
2092.758179	-50.264637
2094.104004	-49.688644
2095.449829	-49.531952
2096.795654	-49.313519
2098.141479	-49.291492
2099.487305	-48.263451
2100.833130	-48.119518
2102.178955	-48.243496
2103.524780	-47.585014
2104.870605	-46.881481
2106.216431	-46.490269
2107.562256	-45.872513
2108.908081	-44.788479
2110.253906	-46.020939
2111.599731	-44.336872
2112.945557	-45.014469
2114.291382	-45.024372
2115.637207	-44.144901
2116.983032	-44.270611
2118.328857	-43.524994
2119.674683	-43.327282
2121.020508	-43.411232
2122.366333	-42.087692
2123.712158	-43.363186
2125.057983	-43.315121
2126.403809	-42.862808
2127.749634	-42.160797
2129.095459	-42.916813
2130.441284	-44.189602
2131.787109	-44.320362
2133.132935	-43.227509
2134.478760	-42.660389
2135.824585	-42.327198
2137.170410	-43.128708
2138.516235	-43.211426
2139.862061	-45.035824
2141.207886	-44.357712
2142.553711	-43.177742
2143.899536	-44.576572
2145.245361	-44.889458
2146.591187	-45.194786
2147.937012	-46.568687
2149.282837	-46.864445
2150.628662	-45.857151
2151.974487	-48.296711
2153.320312	-47.866653
2154.666138	-48.795265
2156.011963	-48.139290
2157.357788	-47.911087
2158.703613	-49.602287
2160.049438	-48.957188
2161.395264	-48.370724
2162.741089	-49.136219
2164.086914	-48.435837
2165.432739	-48.947735
2166.778564	-49.821438
2168.124390	-48.777340
2169.470215	-50.915878
2170.816040	-50.706039
2172.161865	-49.995083
2173.507690	-51.339661
2174.853516	-51.027908
2176.199341	-51.070026
2177.545166	-51.781815
2178.890991	-51.047127
2180.236816	-51.271900
2181.582642	-51.499130
2182.928467	-51.242908
2184.274292	-54.709858
2185.620117	-51.911983
2186.965942	-50.965397
2188.311768	-51.985771
2189.657593	-51.561085
2191.003418	-53.065498
2192.349243	-53.378441
2193.695068	-52.157841
2195.040894	-52.464802
2196.386719	-53.704296
2197.732544	-55.391262
2199.078369	-55.304287
2200.424194	-54.055634
2201.770020	-53.949432
2203.115845	-53.783848
2204.461670	-53.930515
2205.807495	-53.489548
2207.153320	-54.149014
2208.499146	-56.194496
2209.844971	-54.353619
2211.190796	-53.959698
2212.536621	-52.869900
2213.882446	-54.050022
2215.228271	-55.618874
2216.574097	-55.891777
2217.919922	-54.631248
2219.265747	-55.299442
2220.611572	-55.240753
2221.957397	-53.080173
2223.303223	-54.488968
2224.649048	-54.842060
2225.994873	-56.114155
2227.340698	-55.452209
2228.686523	-55.808090
2230.032349	-54.458176
2231.378174	-55.693394
2232.723999	-55.478615
2234.069824	-53.923553
2235.415649	-56.214767
2236.761475	-56.196896
2238.107300	-56.964573
2239.453125	-56.163021
2240.798950	-55.123219
2242.144775	-56.123997
2243.490601	-54.778713
2244.836426	-56.142570
2246.182251	-54.852066
2247.528076	-55.119183
2248.873901	-54.816715
2250.219727	-54.635529
2251.565552	-56.211044
2252.911377	-55.792053
2254.257202	-54.978088
2255.603027	-54.862976
2256.948853	-55.527111
2258.294678	-54.237167
2259.640503	-54.438015
2260.986328	-53.619423
2262.332153	-55.568275
2263.677979	-54.693748
2265.023804	-53.947979
2266.369629	-54.902176
2267.715454	-54.741436
2269.061279	-54.044964
2270.407104	-54.722534
2271.752930	-54.030289
2273.098755	-55.153229
2274.444580	-55.566948
2275.790405	-55.185886
2277.136230	-54.794041
2278.482056	-53.873646
2279.827881	-54.989784
2281.173706	-54.210503
2282.519531	-55.167183
2283.865356	-54.741009
2285.211182	-54.095478
2286.557007	-54.156414
2287.902832	-54.723034
2289.248657	-54.346176
2290.594482	-54.943882
2291.940308	-55.289921
2293.286133	-55.108845
2294.631958	-53.486347
2295.977783	-53.784122
2297.323608	-53.822357
2298.669434	-52.798359
2300.015259	-53.851387
2301.361084	-54.129459
2302.706909	-54.171673
2304.052734	-54.606068
2305.398560	-53.721027
2306.744385	-52.177238
2308.090210	-53.882015
2309.436035	-52.048859
2310.781860	-53.050400
2312.127686	-52.708870
2313.473511	-53.475014
2314.819336	-53.678364
2316.165161	-52.131721
2317.510986	-51.550941
2318.856812	-52.272980
2320.202637	-52.149323
2321.548462	-53.916260
2322.894287	-52.822418
2324.240112	-52.030983
2325.585938	-50.941441
2326.931763	-50.497417
2328.277588	-51.079597
2329.623413	-51.048748
2330.969238	-52.775993
2332.315063	-50.700035
2333.660889	-52.293079
2335.006714	-50.966530
2336.352539	-50.644775
2337.698364	-50.107857
2339.044189	-47.809818
2340.390015	-50.069286
2341.735840	-50.012730
2343.081665	-49.968548
2344.427490	-50.247444
2345.773315	-49.554409
2347.119141	-48.393551
2348.464966	-49.323292
2349.810791	-49.318649
2351.156616	-47.317841
2352.502441	-47.933651
2353.848267	-48.416935
2355.194092	-46.642353
2356.539917	-47.364914
2357.885742	-46.188324
2359.231567	-49.707958
2360.577393	-47.007671
2361.923218	-45.216671
2363.269043	-45.719250
2364.614868	-45.715500
2365.960693	-47.563702
2367.306519	-45.091816
2368.652344	-45.296738
2369.998169	-44.479683
2371.343994	-44.012383
2372.689819	-44.016819
2374.035645	-44.557278
2375.381470	-43.791264
2376.727295	-42.635757
2378.073120	-42.083424
2379.418945	-41.402172
2380.764771	-41.045330
2382.110596	-42.003338
2383.456421	-40.329079
2384.802246	-40.365784
2386.148071	-40.846867
2387.493896	-40.427013
2388.839722	-41.484741
2390.185547	-40.984833
2391.531372	-40.601280
2392.877197	-41.685055
2394.223022	-40.591900
2395.568848	-40.571571
2396.914673	-41.411201
2398.260498	-42.364208
2399.606323	-40.747845
2400.952148	-40.071781
2402.297974	-41.365131
2403.643799	-41.233112
2404.989624	-42.180752
2406.335449	-41.664474
2407.681274	-41.613106
2409.027100	-44.660732
2410.372925	-43.389053
2411.718750	-43.207581
2413.064575	-42.901848
2414.410400	-42.822109
2415.756226	-44.329861
2417.102051	-44.679024
2418.447876	-44.187893
2419.793701	-45.810822
2421.139526	-44.534538
2422.485352	-44.029747
2423.831177	-45.424427
2425.177002	-45.473621
2426.522827	-47.762871
2427.868652	-47.199478
2429.214478	-45.957058
2430.560303	-47.128265
2431.906128	-47.648247
2433.251953	-47.843735
2434.597778	-46.304623
2435.943604	-48.736115
2437.289429	-48.249519
2438.635254	-49.256119
2439.981079	-49.252827
2441.326904	-49.030273
2442.672729	-49.196857
2444.018555	-50.569744
2445.364380	-49.287224
2446.710205	-48.649464
2448.056030	-48.858654
2449.401855	-50.074356
2450.747681	-48.956135
2452.093506	-49.611031
2453.439331	-50.116375
2454.785156	-50.847118
2456.130981	-49.459557
2457.476807	-50.868389
2458.822632	-48.741043
2460.168457	-50.960289
2461.514282	-53.257687
2462.860107	-50.172577
2464.205933	-50.007843
2465.551758	-51.250114
2466.897583	-52.410831
2468.243408	-52.772594
2469.589233	-51.733250
2470.935059	-52.413296
2472.280884	-50.246975
2473.626709	-51.752136
2474.972534	-51.302212
2476.318359	-51.059925
2477.664185	-50.943165
2479.010010	-52.794880
2480.355835	-51.746616
2481.701660	-51.145290
2483.047485	-52.204880
2484.393311	-51.547020
2485.739136	-51.028965
2487.084961	-52.103703
2488.430786	-51.865353
2489.776611	-53.892784
2491.122437	-51.905922
2492.468262	-51.675388
2493.814087	-52.489799
2495.159912	-54.161396
2496.505737	-52.889538
2497.851562	-52.345402
2499.197388	-52.441303
2500.543213	-52.374897
2501.889038	-52.898308
2503.234863	-52.691814
2504.580688	-53.216187
2505.926514	-53.636360
2507.272339	-51.711906
2508.618164	-51.536896
2509.963989	-52.766594
2511.309814	-53.457226
2512.655640	-53.045063
2514.001465	-51.742294
2515.347290	-52.381214
2516.693115	-52.539120
2518.038940	-51.094368
2519.384766	-52.428856
2520.730591	-51.834064
2522.076416	-52.063934
2523.422241	-53.230381
2524.768066	-52.016541
2526.113892	-52.830074
2527.459717	-52.450958
2528.805542	-52.927444
2530.151367	-52.212696
2531.497192	-52.611420
2532.843018	-50.869987
2534.188843	-52.553345
2535.534668	-51.639927
2536.880493	-52.710144
2538.226318	-52.377079
2539.572144	-53.115067
2540.917969	-53.220726
2542.263794	-50.998539
2543.609619	-54.034229
2544.955444	-53.986320
2546.301270	-54.284798
2547.647095	-50.953999
2548.992920	-51.758591
2550.338745	-52.514717
2551.684570	-53.132202
2553.030396	-53.110676
2554.376221	-51.090324
2555.722046	-52.105938
2557.067871	-53.653240
2558.413696	-50.953972
2559.759521	-52.081139
2561.105347	-52.979309
2562.451172	-51.286686
2563.796997	-52.175758
2565.142822	-50.995510
2566.488647	-52.307007
2567.834473	-52.349613
2569.180298	-51.943882
2570.526123	-51.083946
2571.871948	-51.476688
2573.217773	-51.043976
2574.563599	-50.731468
2575.909424	-50.669994
2577.255249	-49.323116
2578.601074	-50.822502
2579.946899	-50.017696
2581.292725	-51.238987
2582.638550	-50.009563
2583.984375	-49.403267
2585.330200	-48.351269
2586.676025	-49.688019
2588.021851	-49.416374
2589.367676	-50.449234
2590.713501	-49.217365
2592.059326	-47.711208
2593.405151	-48.209450
2594.750977	-49.430363
2596.096802	-48.610603
2597.442627	-49.298679
2598.788452	-48.836891
2600.134277	-48.764759
2601.480103	-49.510136
2602.825928	-48.564781
2604.171753	-47.486687
2605.517578	-47.020992
2606.863403	-47.918121
2608.209229	-48.662510
2609.555054	-47.233883
2610.900879	-46.225586
2612.246704	-48.740883
2613.592529	-47.820110
2614.938354	-46.523052
2616.284180	-44.728401
2617.630005	-45.132874
2618.975830	-45.225494
2620.321655	-44.687267
2621.667480	-44.858677
2623.013306	-44.531208
2624.359131	-43.406452
2625.704956	-44.888138
2627.050781	-43.733700
2628.396606	-43.651108
2629.742432	-44.057026
2631.088257	-44.434761
2632.434082	-45.619621
2633.779907	-42.491852
2635.125732	-41.564125
2636.471558	-42.441875
2637.817383	-41.963417
2639.163208	-41.108356
2640.509033	-40.731995
2641.854858	-40.651081
2643.200684	-41.329376
2644.546509	-40.648556
2645.892334	-40.874561
2647.238159	-39.482853
2648.583984	-37.740242
2649.929810	-40.832268
2651.275635	-39.194324
2652.621460	-37.764626
2653.967285	-38.418793
2655.313110	-37.806427
2656.658936	-38.267021
2658.004761	-38.524593
2659.350586	-37.650349
2660.696411	-39.355194
2662.042236	-38.279160
2663.388062	-38.528316
2664.733887	-37.437355
2666.079712	-37.687698
2667.425537	-38.489418
2668.771362	-38.574242
2670.117188	-39.719551
2671.463013	-39.838413
2672.808838	-41.480896
2674.154663	-39.660538
2675.500488	-41.046085
2676.846313	-41.389378
2678.192139	-40.484219
2679.537964	-41.523636
2680.883789	-42.058266
2682.229614	-41.989899
2683.575439	-40.945404
2684.921265	-42.188950
2686.267090	-42.345406
2687.612915	-42.404613
2688.958740	-43.393559
2690.304565	-42.234959
2691.650391	-43.462482
2692.996216	-43.467266
2694.342041	-45.168056
2695.687866	-43.346668
2697.033691	-44.131870
2698.379517	-46.373203
2699.725342	-44.680302
2701.071167	-44.745926
2702.416992	-44.863091
2703.762817	-44.872978
2705.108643	-45.096783
2706.454468	-44.744434
2707.800293	-46.046436
2709.146118	-44.719147
2710.491943	-46.672855
2711.837769	-47.048813
2713.183594	-46.221451
2714.529419	-46.178829
2715.875244	-46.716160
2717.221069	-46.570744
2718.566895	-46.547752
2719.912720	-47.944286
2721.258545	-47.664310
2722.604370	-47.578270
2723.950195	-48.894295
2725.296021	-48.425659
2726.641846	-48.716316
2727.987671	-48.911667
2729.333496	-48.974564
2730.679321	-48.628979
2732.025146	-47.186844
2733.370972	-48.098946
2734.716797	-48.612095
2736.062622	-48.705395
2737.408447	-47.684662
2738.754272	-49.557449
2740.100098	-48.211308
2741.445923	-48.429569
2742.791748	-50.349350
2744.137573	-47.851875
2745.483398	-48.476131
2746.829224	-47.941975
2748.175049	-49.776669
2749.520874	-50.861797
2750.866699	-50.248619
2752.212524	-50.164421
2753.558350	-50.142693
2754.904175	-49.815796
2756.250000	-49.604416
2757.595825	-50.349464
2758.941650	-50.637299
2760.287476	-50.522129
2761.633301	-48.623703
2762.979126	-49.601830
2764.324951	-48.375340
2765.670776	-48.513130
2767.016602	-51.085419
2768.362427	-51.027821
2769.708252	-49.243397
2771.054077	-48.748615
2772.399902	-50.740883
2773.745728	-50.322910
2775.091553	-50.067657
2776.437378	-48.478371
2777.783203	-50.424736
2779.129028	-50.516163
2780.474854	-49.718914
2781.820679	-50.376934
2783.166504	-49.569641
2784.512329	-49.608643
2785.858154	-50.534431
2787.203979	-50.378429
2788.549805	-50.195686
2789.895630	-49.362106
2791.241455	-49.776569
2792.587280	-49.143127
2793.933105	-48.429558
2795.278931	-48.514626
2796.624756	-48.709419
2797.970581	-49.472008
2799.316406	-49.591343
2800.662231	-49.200039
2802.008057	-48.211975
2803.353882	-48.607388
2804.699707	-49.202934
2806.045532	-48.802765
2807.391357	-49.083199
2808.737183	-50.254410
2810.083008	-50.038521
2811.428833	-48.691128
2812.774658	-48.980484
2814.120483	-50.430283
2815.466309	-50.037193
2816.812134	-48.317806
2818.157959	-49.348618
2819.503784	-49.318531
2820.849609	-48.988365
2822.195435	-48.896301
2823.541260	-48.120884
2824.887085	-50.355129
2826.232910	-50.402775
2827.578735	-50.135715
2828.924561	-50.111843
2830.270386	-49.196354
2831.616211	-49.424904
2832.962036	-50.067600
2834.307861	-47.561226
2835.653687	-47.512726
2836.999512	-48.394451
2838.345337	-47.373741
2839.691162	-48.826988
2841.036987	-48.913834
2842.382812	-47.015469
2843.728638	-48.423717
2845.074463	-47.000759
2846.420288	-50.483589
2847.766113	-48.874165
2849.111938	-47.192276
2850.457764	-46.477303
2851.803589	-46.710846
2853.149414	-47.091747
2854.495239	-46.748428
2855.841064	-46.426613
2857.186890	-48.327095
2858.532715	-46.713383
2859.878540	-46.754604
2861.224365	-45.966537
2862.570190	-47.269512
2863.916016	-46.981449
2865.261841	-46.612247
2866.607666	-46.839283
2867.953491	-44.374992
2869.299316	-42.642532
2870.645142	-45.430428
2871.990967	-45.512589
2873.336792	-46.297005
2874.682617	-45.081249
2876.028442	-45.882584
2877.374268	-43.415253
2878.720093	-44.177696
2880.065918	-44.843628
2881.411743	-42.470459
2882.757568	-44.793106
2884.103394	-43.644012
2885.449219	-43.521740
2886.795044	-42.860989
2888.140869	-44.174526
2889.486694	-41.242928
2890.832520	-40.655865
2892.178345	-42.426567
2893.524170	-41.376770
2894.869995	-42.231575
2896.215820	-41.642925
2897.561646	-40.013279
2898.907471	-40.193024
2900.253296	-39.212234
2901.599121	-40.329792
2902.944946	-38.987656
2904.290771	-39.230057
2905.636597	-39.686138
2906.982422	-38.266090
2908.328247	-38.249214
2909.674072	-37.829453
2911.019897	-36.694660
2912.365723	-40.264606
2913.711548	-38.400379
2915.057373	-36.250328
2916.403198	-36.394867
2917.749023	-36.008728
2919.094849	-36.116524
2920.440674	-35.424007
2921.786499	-36.252075
2923.132324	-36.238403
2924.478149	-37.239330
2925.823975	-37.518478
2927.169800	-38.680782
2928.515625	-37.078545
2929.861450	-36.715317
2931.207275	-38.049538
2932.553101	-38.427803
2933.898926	-37.608791
2935.244751	-37.928963
2936.590576	-36.427662
2937.936401	-36.719833
2939.282227	-38.235325
2940.628052	-39.447548
2941.973877	-39.795834
2943.319702	-37.417507
2944.665527	-40.000614
2946.011353	-39.423954
2947.357178	-40.722828
2948.703003	-40.549911
2950.048828	-40.575512
2951.394653	-41.614021
2952.740479	-42.197330
2954.086304	-40.665630
2955.432129	-40.160290
2956.777954	-41.896004
2958.123779	-40.627476
2959.469604	-41.326221
2960.815430	-41.442116
2962.161255	-41.242092
2963.507080	-41.666611
2964.852905	-42.525261
2966.198730	-43.056499
2967.544556	-43.226334
2968.890381	-41.367443
2970.236206	-42.972130
2971.582031	-44.341854
2972.927856	-44.533855
2974.273682	-43.594715
2975.619507	-42.929581
2976.965332	-43.537773
2978.311157	-43.165424
2979.656982	-44.730167
2981.002808	-45.222198
2982.348633	-45.637802
2983.694458	-43.485397
2985.040283	-43.346546
2986.386108	-45.933029
2987.731934	-46.059044
2989.077759	-47.130810
2990.423584	-46.752125
2991.769409	-46.337151
2993.115234	-46.920528
2994.461060	-46.035530
2995.806885	-46.322636
2997.152710	-46.907146
2998.498535	-46.054062
2999.844360	-45.643486
3001.190186	-45.959553
3002.536011	-47.281685
3003.881836	-47.593746
3005.227661	-47.691593
3006.573486	-46.354397
3007.919312	-46.847717
3009.265137	-47.373188
3010.610962	-46.821739
3011.956787	-46.458141
3013.302612	-48.031757
3014.648438	-48.515041
3015.994263	-48.070835
3017.340088	-47.403923
3018.685913	-48.687561
3020.031738	-48.775528
3021.377563	-49.282505
3022.723389	-47.316200
3024.069214	-47.029835
3025.415039	-47.623058
3026.760864	-46.897083
3028.106689	-46.991440
3029.452515	-48.361584
3030.798340	-47.240429
3032.144165	-47.390713
3033.489990	-50.055515
3034.835815	-48.641888
3036.181641	-47.799831
3037.527466	-49.273663
3038.873291	-48.158978
3040.219116	-48.432262
3041.564941	-47.827686
3042.910767	-48.477978
3044.256592	-48.659599
3045.602417	-48.210880
3046.948242	-48.160858
3048.294067	-46.874710
3049.639893	-47.444065
3050.985718	-47.037224
3052.331543	-48.325935
3053.677368	-47.444054
3055.023193	-47.720028
3056.369019	-48.832100
3057.714844	-47.438652
3059.060669	-48.598240
3060.406494	-47.843933
3061.752319	-48.775555
3063.098145	-48.311909
3064.443970	-49.145008
3065.789795	-49.195290
3067.135620	-48.047256
3068.481445	-48.998215
3069.827271	-47.688072
3071.173096	-49.257507
3072.518921	-47.202484
3073.864746	-48.819263
3075.210571	-47.489162
3076.556396	-48.849464
3077.902222	-47.380028
3079.248047	-46.179035
3080.593872	-46.272839
3081.939697	-46.738255
3083.285522	-47.594673
3084.631348	-49.131405
3085.977173	-47.705692
3087.322998	-47.600399
3088.668823	-48.213364
3090.014648	-46.090714
3091.360474	-46.230743
3092.706299	-47.741802
3094.052124	-46.772686
3095.397949	-47.507175
3096.743774	-46.557663
3098.089600	-46.320362
3099.435425	-48.048153
3100.781250	-45.587971
3102.127075	-46.753189
3103.472900	-47.560757
3104.818726	-45.529541
3106.164551	-46.198051
3107.510376	-46.503437
3108.856201	-46.081940
3110.202026	-45.223644
3111.547852	-45.094814
3112.893677	-46.192158
3114.239502	-45.865013
3115.585327	-45.080090
3116.931152	-45.210114
3118.276978	-45.286716
3119.622803	-45.147625
3120.968628	-45.106556
3122.314453	-45.380642
3123.660278	-45.328766
3125.006104	-45.199547
3126.351929	-44.963928
3127.697754	-43.483440
3129.043579	-43.231995
3130.389404	-44.100491
3131.735229	-43.156170
3133.081055	-43.582474
3134.426880	-44.014973
3135.772705	-44.763016
3137.118530	-43.886013
3138.464355	-44.101753
3139.810181	-43.163574
3141.156006	-43.171398
3142.501831	-41.217419
3143.847656	-42.294403
3145.193481	-42.278114
3146.539307	-43.062881
3147.885132	-40.513905
3149.230957	-40.904015
3150.576782	-41.903107
3151.922607	-41.541435
3153.268433	-41.967747
3154.614258	-41.154591
3155.960083	-40.613842
3157.305908	-41.495361
3158.651733	-39.874065
3159.997559	-40.198689
3161.343384	-39.551914
3162.689209	-40.052010
3164.035034	-39.475327
3165.380859	-38.217613
3166.726685	-38.781155
3168.072510	-38.312080
3169.418335	-38.442184
3170.764160	-37.945896
3172.109985	-38.593906
3173.455811	-38.334705
3174.801636	-36.457386
3176.147461	-35.644512
3177.493286	-37.930328
3178.839111	-37.329632
3180.184937	-35.575958
3181.530762	-36.693268
3182.876587	-37.066566
3184.222412	-35.152328
3185.568237	-35.158581
3186.914062	-36.514301
3188.259888	-34.919601
3189.605713	-37.127392
3190.951538	-37.194984
3192.297363	-36.162560
3193.643188	-36.759171
3194.989014	-35.997009
3196.334839	-35.985172
3197.680664	-35.436394
3199.026489	-36.556690
3200.372314	-35.704662
3201.718140	-36.941330
3203.063965	-38.017647
3204.409790	-37.716583
3205.755615	-36.962990
3207.101440	-37.913326
3208.447266	-38.309528
3209.793091	-37.346237
3211.138916	-37.555119
3212.484741	-38.004707
3213.830566	-37.823177
3215.176392	-37.085865
3216.522217	-37.823845
3217.868042	-39.435440
3219.213867	-40.058857
3220.559692	-40.016712
3221.905518	-41.027973
3223.251343	-40.655140
3224.597168	-38.820496
3225.942993	-38.095383
3227.288818	-41.189461
3228.634644	-39.853439
3229.980469	-41.908798
3231.326294	-40.676933
3232.672119	-44.383949
3234.017944	-42.606564
3235.363770	-39.961430
3236.709595	-41.048771
3238.055420	-42.103851
3239.401245	-41.991894
3240.747070	-42.791706
3242.092896	-42.022476
3243.438721	-42.727074
3244.784546	-43.561977
3246.130371	-43.760059
3247.476196	-42.592865
3248.822021	-42.648121
3250.167847	-42.084049
3251.513672	-44.435444
3252.859497	-42.866570
3254.205322	-44.615124
3255.551147	-44.041756
3256.896973	-43.642963
3258.242798	-45.995964
3259.588623	-44.696293
3260.934448	-44.557987
3262.280273	-44.149334
3263.626099	-45.468903
3264.971924	-43.781265
3266.317749	-44.906151
3267.663574	-44.844505
3269.009399	-44.256390
3270.355225	-44.591469
3271.701050	-45.669392
3273.046875	-45.302910
3274.392700	-45.288952
3275.738525	-45.403904
3277.084351	-46.108910
3278.430176	-47.295547
3279.776001	-46.661674
3281.121826	-46.218006
3282.467651	-46.164585
3283.813477	-46.122688
3285.159302	-47.380695
3286.505127	-45.826462
3287.850952	-46.636181
3289.196777	-46.024906
3290.542603	-44.329193
3291.888428	-45.710987
3293.234253	-46.815781
3294.580078	-47.177399
3295.925903	-47.292492
3297.271729	-46.908577
3298.617554	-45.482700
3299.963379	-44.973625
3301.309204	-45.785816
3302.655029	-47.082890
3304.000854	-47.356922
3305.346680	-46.573410
3306.692505	-47.632336
3308.038330	-47.174187
3309.384155	-48.437298
3310.729980	-46.524231
3312.075806	-45.781178
3313.421631	-47.564064
3314.767456	-46.398594
3316.113281	-46.924496
3317.459106	-46.080513
3318.804932	-47.350712
3320.150757	-45.522049
3321.496582	-45.968136
3322.842407	-47.117802
3324.188232	-46.087185
3325.534058	-45.125099
3326.879883	-48.270565
3328.225708	-47.314350
3329.571533	-46.710491
3330.917358	-45.940708
3332.263184	-48.493462
3333.609009	-46.645161
3334.954834	-46.386368
3336.300659	-47.126583
3337.646484	-47.701565
3338.992310	-45.832993
3340.338135	-47.340256
3341.683960	-46.608566
3343.029785	-46.271107
3344.375610	-47.495087
3345.721436	-49.076584
3347.067261	-48.618473
3348.413086	-45.935085
3349.758911	-46.831509
3351.104736	-47.566959
3352.450562	-46.426781
3353.796387	-48.096111
3355.142212	-46.842644
3356.488037	-48.060329
3357.833862	-46.897430
3359.179688	-45.858917
3360.525513	-44.597630
3361.871338	-45.235992
3363.217163	-45.177071
3364.562988	-47.852158
3365.908813	-45.551056
3367.254639	-44.873566
3368.600464	-45.722130
3369.946289	-43.482105
3371.292114	-45.612556
3372.637939	-46.063400
3373.983765	-45.318371
3375.329590	-46.578400
3376.675415	-43.673985
3378.021240	-44.820305
3379.367065	-44.837730
3380.712891	-46.411800
3382.058716	-43.667442
3383.404541	-45.404476
3384.750366	-44.077152
3386.096191	-44.881535
3387.442017	-45.305439
3388.787842	-46.138458
3390.133667	-45.176220
3391.479492	-45.934734
3392.825317	-45.286995
3394.171143	-43.801174
3395.516968	-43.419903
3396.862793	-43.056042
3398.208618	-42.597198
3399.554443	-44.295361
3400.900269	-42.029118
3402.246094	-44.044666
3403.591919	-44.317345
3404.937744	-43.646591
3406.283569	-43.021671
3407.629395	-43.032043
3408.975220	-43.500710
3410.321045	-42.739300
3411.666870	-41.556831
3413.012695	-43.675503
3414.358521	-42.802715
3415.704346	-41.762592
3417.050171	-39.900898
3418.395996	-41.073536
3419.741821	-41.010685
3421.087646	-39.823158
3422.433472	-40.941467
3423.779297	-40.621666
3425.125122	-40.821716
3426.470947	-40.299458
3427.816772	-38.827038
3429.162598	-39.305122
3430.508423	-39.288429
3431.854248	-41.247395
3433.200073	-39.063049
3434.545898	-39.252930
3435.891724	-38.572903
3437.237549	-39.488457
3438.583374	-39.348396
3439.929199	-38.237343
3441.275024	-38.232002
3442.620850	-36.400944
3443.966675	-36.987633
3445.312500	-38.140903
3446.658325	-37.253071
3448.004150	-35.105618
3449.349976	-36.142540
3450.695801	-36.328781
3452.041626	-36.193825
3453.387451	-36.267380
3454.733276	-35.618568
3456.079102	-37.782318
3457.424927	-35.087132
3458.770752	-35.468441
3460.116577	-36.939182
3461.462402	-37.003899
3462.808228	-36.776688
3464.154053	-36.091167
3465.499878	-35.886906
3466.845703	-36.103149
3468.191528	-38.030399
3469.537354	-36.963566
3470.883179	-36.693821
3472.229004	-36.879971
3473.574829	-36.554630
3474.920654	-38.395023
3476.266479	-36.679867
3477.612305	-37.792744
3478.958130	-37.899216
3480.303955	-38.993652
3481.649780	-39.474335
3482.995605	-38.442497
3484.341431	-39.274094
3485.687256	-40.053188
3487.033081	-39.373070
3488.378906	-38.775764
3489.724731	-41.145084
3491.070557	-40.680054
3492.416382	-41.506828
3493.762207	-42.148163
3495.108032	-40.639599
3496.453857	-40.830086
3497.799683	-40.371822
3499.145508	-41.259457
3500.491333	-42.067184
3501.837158	-41.565296
3503.182983	-43.594189
3504.528809	-42.700630
3505.874634	-42.243023
3507.220459	-41.557587
3508.566284	-43.294651
3509.912109	-42.684620
3511.257935	-42.906673
3512.603760	-43.622940
3513.949585	-43.155434
3515.295410	-43.506626
3516.641235	-43.262074
3517.987061	-44.480877
3519.332886	-44.992146
3520.678711	-44.468540
3522.024536	-43.379112
3523.370361	-43.664608
3524.716187	-43.695080
3526.062012	-44.062584
3527.407837	-43.667309
3528.753662	-43.826588
3530.099487	-45.627811
3531.445312	-44.845573
3532.791138	-43.070843
3534.136963	-44.513359
3535.482788	-46.635208
3536.828613	-45.934185
3538.174438	-45.194996
3539.520264	-45.327442
3540.866089	-45.487221
3542.211914	-46.403061
3543.557739	-44.836334
3544.903564	-45.480679
3546.249390	-45.403870
3547.595215	-46.018341
3548.941040	-46.501999
3550.286865	-45.488052
3551.632690	-46.292507
3552.978516	-46.090385
3554.324341	-46.187168
3555.670166	-47.156269
3557.015991	-45.970486
3558.361816	-45.260548
3559.707642	-45.929932
3561.053467	-46.244797
3562.399292	-45.801598
3563.745117	-46.768230
3565.090942	-48.006310
3566.436768	-46.620064
3567.782593	-45.810959
3569.128418	-46.814438
3570.474243	-45.372971
3571.820068	-46.382626
3573.165894	-47.336182
3574.511719	-46.260635
3575.857544	-46.254536
3577.203369	-46.319912
3578.549194	-47.180283
3579.895020	-47.740417
3581.240845	-48.207207
3582.586670	-45.997868
3583.932495	-46.705608
3585.278320	-48.254444
3586.624146	-47.556900
3587.969971	-46.809269
3589.315796	-47.387196
3590.661621	-46.361443
3592.007446	-46.328587
3593.353271	-48.205780
3594.699097	-47.269547
3596.044922	-47.184269
3597.390747	-47.513340
3598.736572	-46.024982
3600.082397	-46.416828
3601.428223	-47.047764
3602.774048	-46.216492
3604.119873	-46.128124
3605.465698	-47.101681
3606.811523	-48.580479
3608.157349	-45.852642
3609.503174	-46.613976
3610.848999	-48.238346
3612.194824	-46.690151
3613.540649	-46.168625
3614.886475	-48.044250
3616.232300	-47.904125
3617.578125	-47.914970
3618.923950	-46.593391
3620.269775	-46.791039
3621.615601	-45.871727
3622.961426	-45.759956
3624.307251	-46.400105
3625.653076	-46.192287
3626.998901	-45.533367
3628.344727	-45.821629
3629.690552	-46.351994
3631.036377	-46.772491
3632.382202	-45.812855
3633.728027	-46.857246
3635.073853	-45.924988
3636.419678	-46.949654
3637.765503	-46.019264
3639.111328	-45.428371
3640.457153	-45.002861
3641.802979	-44.900513
3643.148804	-45.425526
3644.494629	-45.921513
3645.840454	-46.525967
3647.186279	-46.351807
3648.532104	-43.750381
3649.877930	-44.462795
3651.223755	-45.972870
3652.569580	-45.396374
3653.915405	-45.029057
3655.261230	-44.413467
3656.607056	-46.174164
3657.952881	-44.288483
3659.298706	-44.163864
3660.644531	-44.758190
3661.990356	-44.783749
3663.336182	-44.954914
3664.682007	-43.817638
3666.027832	-42.205673
3667.373657	-44.628506
3668.719482	-42.892433
3670.065308	-42.999096
3671.411133	-43.434738
3672.756958	-42.163670
3674.102783	-41.150440
3675.448608	-41.885189
3676.794434	-43.097950
3678.140259	-43.509102
3679.486084	-41.575092
3680.831909	-43.421780
3682.177734	-41.508839
3683.523560	-43.217064
3684.869385	-42.153252
3686.215210	-41.206398
3687.561035	-40.773243
3688.906860	-40.228275
3690.252686	-40.203876
3691.598511	-40.155460
3692.944336	-39.567146
3694.290161	-40.468567
3695.635986	-41.859684
3696.981812	-39.977921
3698.327637	-39.325191
3699.673462	-39.532196
3701.019287	-41.011753
3702.365112	-38.416531
3703.710938	-38.605145
3705.056763	-38.910511
3706.402588	-38.757771
3707.748413	-36.727970
3709.094238	-38.106346
3710.440063	-37.105652
3711.785889	-37.244785
3713.131714	-38.300961
3714.477539	-36.129238
3715.823364	-36.265266
3717.169189	-35.634968
3718.515015	-37.143700
3719.860840	-36.549171
3721.206665	-37.430851
3722.552490	-36.566166
3723.898315	-35.305416
3725.244141	-35.474457
3726.589966	-36.581379
3727.935791	-36.210209
3729.281616	-35.932953
3730.627441	-35.220703
3731.973267	-36.643120
3733.319092	-36.343426
3734.664917	-37.986145
3736.010742	-37.935875
3737.356567	-38.403408
3738.702393	-37.698761
3740.048218	-37.595573
3741.394043	-36.980328
3742.739868	-38.849968
3744.085693	-38.273052
3745.431519	-38.200344
3746.777344	-39.058685
3748.123169	-39.114098
3749.468994	-38.756840
3750.814819	-38.818802
3752.160645	-39.695660
3753.506470	-39.741840
3754.852295	-39.136642
3756.198120	-40.336193
3757.543945	-41.086029
3758.889771	-41.876255
3760.235596	-42.079548
3761.581421	-41.151455
3762.927246	-41.397160
3764.273071	-42.719101
3765.618896	-40.804520
3766.964722	-43.168140
3768.310547	-43.698029
3769.656372	-42.064117
3771.002197	-43.170506
3772.348022	-42.049946
3773.693848	-44.761505
3775.039673	-43.331379
3776.385498	-43.247986
3777.731323	-43.885273
3779.077148	-44.997818
3780.422974	-43.669815
3781.768799	-44.495964
3783.114624	-43.504562
3784.460449	-42.969749
3785.806274	-44.296696
3787.152100	-45.309151
3788.497925	-44.170536
3789.843750	-44.853409
3791.189575	-45.730064
3792.535400	-44.857716
3793.881226	-45.293041
3795.227051	-44.685043
3796.572876	-45.139053
3797.918701	-46.054085
3799.264526	-45.152866
3800.610352	-45.207092
3801.956177	-43.707657
3803.302002	-45.276672
3804.647827	-44.879906
3805.993652	-45.262230
3807.339478	-46.341648
3808.685303	-45.353378
3810.031128	-46.361256
3811.376953	-46.017796
3812.722778	-45.806030
3814.068604	-45.931839
3815.414429	-45.871338
3816.760254	-46.357639
3818.106079	-45.837452
3819.451904	-45.962246
3820.797729	-46.293594
3822.143555	-47.931431
3823.489380	-46.334408
3824.835205	-46.782143
3826.181030	-48.488689
3827.526855	-49.429901
3828.872681	-46.984982
3830.218506	-45.939690
3831.564331	-48.614456
3832.910156	-46.713726
3834.255981	-47.740555
3835.601807	-47.080250
3836.947632	-47.813671
3838.293457	-46.871471
3839.639282	-48.392696
3840.985107	-47.055553
3842.330933	-49.120945
3843.676758	-48.565353
3845.022583	-48.011242
3846.368408	-48.198208
3847.714233	-46.995861
3849.060059	-47.571369
3850.405884	-48.118401
3851.751709	-47.853245
3853.097534	-47.166210
3854.443359	-49.087276
3855.789185	-48.559704
3857.135010	-47.193771
3858.480835	-47.293415
3859.826660	-46.686985
3861.172485	-47.332436
3862.518311	-48.423698
3863.864136	-46.837727
3865.209961	-47.759319
3866.555786	-48.842522
3867.901611	-48.739307
3869.247437	-47.026897
3870.593262	-47.958904
3871.939087	-46.823780
3873.284912	-46.587925
3874.630737	-47.698353
3875.976562	-46.522610
3877.322388	-46.482853
3878.668213	-47.558147
3880.014038	-48.711491
3881.359863	-47.769981
3882.705688	-48.864830
3884.051514	-48.128120
3885.397339	-48.299309
3886.743164	-47.506050
3888.088989	-49.226105
3889.434814	-48.235329
3890.780640	-47.902817
3892.126465	-47.140892
3893.472290	-47.724087
3894.818115	-46.093311
3896.163940	-47.045822
3897.509766	-46.647488
3898.855591	-45.230858
3900.201416	-47.068810
3901.547241	-47.583416
3902.893066	-46.166763
3904.238892	-45.915871
3905.584717	-46.239765
3906.930542	-47.286713
3908.276367	-45.227463
3909.622192	-46.859131
3910.968018	-47.068695
3912.313843	-48.259571
3913.659668	-46.650517
3915.005493	-45.164135
3916.351318	-44.944862
3917.697144	-45.743893
3919.042969	-45.346840
3920.388794	-44.591408
3921.734619	-43.257572
3923.080444	-45.883400
3924.426270	-44.745010
3925.772095	-45.298859
3927.117920	-44.436523
3928.463745	-45.300591
3929.809570	-44.362354
3931.155396	-44.662960
3932.501221	-42.671730
3933.847046	-42.956676
3935.192871	-42.377430
3936.538696	-43.899609
3937.884521	-43.497704
3939.230347	-43.065414
3940.576172	-42.191998
3941.921997	-42.808590
3943.267822	-42.861809
3944.613647	-42.932564
3945.959473	-42.333332
3947.305298	-43.061199
3948.651123	-42.406513
3949.996948	-43.009430
3951.342773	-43.553463
3952.688599	-41.534592
3954.034424	-42.111984
3955.380249	-40.815609
3956.726074	-41.255562
3958.071899	-41.200771
3959.417725	-41.267124
3960.763550	-40.870575
3962.109375	-41.188473
3963.455200	-40.669872
3964.801025	-40.165653
3966.146851	-39.127045
3967.492676	-39.036674
3968.838501	-39.959835
3970.184326	-39.169827
3971.530151	-38.319187
3972.875977	-36.798977
3974.221802	-38.741123
3975.567627	-37.700882
3976.913452	-38.478271
3978.259277	-37.810474
3979.605103	-37.040474
3980.950928	-40.210705
3982.296753	-37.775814
3983.642578	-37.647453
3984.988403	-37.807858
3986.334229	-35.773170
3987.680054	-36.416939
3989.025879	-36.756744
3990.371704	-36.866028
3991.717529	-38.029537
3993.063354	-35.903324
3994.409180	-37.514797
3995.755005	-36.825268
3997.100830	-37.456936
3998.446655	-36.078461
3999.792480	-38.746029
4001.138306	-37.927528
4002.484131	-38.358566
4003.829956	-37.565189
4005.175781	-38.177746
4006.521606	-37.550640
4007.867432	-36.694717
4009.213257	-38.717258
4010.559082	-39.538605
4011.904907	-39.241760
4013.250732	-40.240555
4014.596558	-40.195122
4015.942383	-40.307213
4017.288208	-40.297276
4018.634033	-40.186504
4019.979858	-41.705833
4021.325684	-41.682602
4022.671509	-41.813766
4024.017334	-42.544617
4025.363159	-41.808952
4026.708984	-42.271805
4028.054810	-42.831303
4029.400635	-44.090557
4030.746460	-44.140869
4032.092285	-42.822220
4033.438110	-42.376705
4034.783936	-44.671329
4036.129761	-43.546650
4037.475586	-43.891102
4038.821411	-44.318195
4040.167236	-42.730034
4041.513062	-44.217522
4042.858887	-45.488213
4044.204712	-43.627617
4045.550537	-44.827557
4046.896362	-44.411961
4048.242188	-45.184654
4049.588013	-44.425755
4050.933838	-45.965057
4052.279663	-45.035130
4053.625488	-46.371330
4054.971313	-46.645882
4056.317139	-45.737915
4057.662964	-46.090809
4059.008789	-46.853737
4060.354614	-47.275055
4061.700439	-47.212482
4063.046265	-48.679237
4064.392090	-48.522144
4065.737915	-45.944794
4067.083740	-46.413639
4068.429565	-48.341526
4069.775391	-47.217934
4071.121216	-49.001404
4072.467041	-46.590324
4073.812866	-46.791134
4075.158691	-47.029289
4076.504517	-48.291748
4077.850342	-47.340187
4079.196167	-47.623993
4080.541992	-45.440716
4081.887817	-47.075336
4083.233643	-46.663647
4084.579468	-48.576828
4085.925293	-48.251457
4087.271118	-47.534111
4088.616943	-47.821835
4089.962769	-48.381306
4091.308594	-49.001736
4092.654419	-49.040833
4094.000244	-48.584713
4095.346069	-49.456688
4096.691895	-48.515404
4098.037720	-48.574715
4099.383545	-49.431389
4100.729370	-49.029240
4102.075195	-47.801392
4103.421021	-48.890312
4104.766846	-49.048306
4106.112671	-47.969662
4107.458496	-48.932499
4108.804321	-50.044720
4110.150146	-49.628754
4111.495972	-50.337822
4112.841797	-49.565830
4114.187622	-49.146004
4115.533447	-48.603142
4116.879272	-48.552959
4118.225098	-48.385113
4119.570923	-49.536499
4120.916748	-49.860600
4122.262573	-49.567619
4123.608398	-48.473064
4124.954224	-48.572483
4126.300049	-48.764294
4127.645874	-48.698673
4128.991699	-49.310795
4130.337524	-47.735020
4131.683350	-48.128479
4133.029175	-48.783241
4134.375000	-48.374172
4135.720825	-49.083973
4137.066650	-48.386501
4138.412476	-48.494160
4139.758301	-48.115005
4141.104126	-47.820454
4142.449951	-48.929562
4143.795776	-48.298950
4145.141602	-48.108982
4146.487427	-48.097393
4147.833252	-47.609432
4149.179077	-48.342350
4150.524902	-49.959732
4151.870728	-48.944504
4153.216553	-47.658844
4154.562378	-47.906940
4155.908203	-48.369900
4157.254028	-47.423462
4158.599854	-47.580223
4159.945679	-47.412327
4161.291504	-49.297546
4162.637329	-47.763538
4163.983154	-47.473663
4165.328979	-48.463982
4166.674805	-47.661358
4168.020630	-46.920265
4169.366455	-47.091217
4170.712280	-49.407932
4172.058105	-48.210133
4173.403931	-49.140644
4174.749756	-49.177219
4176.095581	-45.938702
4177.441406	-47.525372
4178.787231	-47.665268
4180.133057	-46.377762
4181.478882	-45.167076
4182.824707	-46.168472
4184.170532	-46.989201
4185.516357	-47.728283
4186.862183	-46.301140
4188.208008	-46.962440
4189.553833	-46.562466
4190.899658	-46.681080
4192.245483	-46.039993
4193.591309	-45.490189
4194.937134	-46.693249
4196.282959	-45.088123
4197.628784	-46.274452
4198.974609	-44.952629
4200.320435	-44.891304
4201.666260	-45.462494
4203.012085	-45.160442
4204.357910	-44.698681
4205.703735	-43.072189
4207.049561	-45.018448
4208.395386	-43.779064
4209.741211	-44.517406
4211.087036	-44.098328
4212.432861	-44.730637
4213.778687	-43.094856
4215.124512	-43.134354
4216.470337	-45.637806
4217.816162	-42.825481
4219.161987	-42.361080
4220.507812	-41.519848
4221.853638	-41.902393
4223.199463	-42.174763
4224.545288	-42.416691
4225.891113	-42.018101
4227.236938	-40.639477
4228.582764	-40.557983
4229.928589	-41.325253
4231.274414	-41.388802
4232.620239	-41.001759
4233.966064	-39.063175
4235.311890	-40.882381
4236.657715	-38.986687
4238.003540	-40.389404
4239.349365	-40.100689
4240.695190	-38.462040
4242.041016	-40.596092
4243.386841	-38.366936
4244.732666	-38.993015
4246.078491	-40.303722
4247.424316	-38.150974
4248.770142	-38.076744
4250.115967	-38.366516
4251.461792	-38.092400
4252.807617	-38.956097
4254.153442	-39.590282
4255.499268	-38.799900
4256.845093	-38.537476
4258.190918	-39.280945
4259.536743	-38.438591
4260.882568	-38.896275
4262.228394	-38.131210
4263.574219	-38.454414
4264.920044	-38.926369
4266.265869	-40.060822
4267.611694	-39.858818
4268.957520	-39.684193
4270.303345	-40.201080
4271.649170	-41.496376
4272.994995	-39.439117
4274.340820	-39.300495
4275.686646	-41.130859
4277.032471	-41.620319
4278.378296	-39.833172
4279.724121	-39.938046
4281.069946	-42.552273
4282.415771	-43.289276
4283.761597	-40.551739
4285.107422	-41.176571
4286.453247	-41.604050
4287.799072	-45.227486
4289.144897	-43.889301
4290.490723	-43.275166
4291.836548	-43.108044
4293.182373	-43.974411
4294.528198	-43.523811
4295.874023	-43.231537
4297.219849	-45.216320
4298.565674	-44.513882
4299.911499	-44.677967
4301.257324	-45.217098
4302.603149	-45.883007
4303.948975	-46.262901
4305.294800	-46.223209
4306.640625	-46.650295
4307.986450	-46.337570
4309.332275	-45.722507
4310.678101	-46.430241
4312.023926	-45.507793
4313.369751	-48.108482
4314.715576	-47.215424
4316.061401	-45.876659
4317.407227	-46.889469
4318.753052	-46.738464
4320.098877	-46.469543
4321.444702	-48.087955
4322.790527	-47.594398
4324.136353	-48.174992
4325.482178	-46.967224
4326.828003	-46.907848
4328.173828	-49.551857
4329.519653	-48.756855
4330.865479	-46.956383
4332.211304	-48.761520
4333.557129	-49.609001
4334.902954	-48.097866
4336.248779	-47.850887
4337.594604	-48.004040
4338.940430	-48.654591
4340.286255	-48.412704
4341.632080	-47.944832
4342.977905	-49.017532
4344.323730	-48.477982
4345.669556	-49.827282
4347.015381	-49.866863
4348.361206	-49.810703
4349.707031	-48.942982
4351.052856	-49.014717
4352.398682	-49.869492
4353.744507	-50.460705
4355.090332	-51.001537
4356.436157	-49.856609
4357.781982	-50.174282
4359.127808	-48.172047
4360.473633	-50.134289
4361.819458	-50.517876
4363.165283	-51.346504
4364.511108	-50.302895
4365.856934	-49.495365
4367.202759	-49.204288
4368.548584	-48.880745
4369.894409	-48.493057
4371.240234	-50.434952
4372.586060	-48.295135
4373.931885	-50.310879
4375.277710	-50.942780
4376.623535	-51.065540
4377.969360	-49.967529
4379.315186	-49.590931
4380.661011	-51.338276
4382.006836	-50.697903
4383.352661	-49.661457
4384.698486	-49.111359
4386.044312	-52.625885
4387.390137	-50.716862
4388.735962	-49.778873
4390.081787	-50.467609
4391.427612	-49.868458
4392.773438	-50.710316
4394.119263	-49.927692
4395.465088	-51.482685
4396.810913	-50.214180
4398.156738	-48.704350
4399.502563	-51.651566
4400.848389	-50.253376
4402.194214	-50.410610
4403.540039	-51.707386
4404.885864	-50.069866
4406.231689	-51.388206
4407.577515	-50.993469
4408.923340	-50.032684
4410.269165	-50.290775
4411.614990	-50.234718
4412.960815	-50.186668
4414.306641	-50.652676
4415.652466	-50.142365
4416.998291	-50.724228
4418.344116	-50.973137
4419.689941	-50.728127
4421.035767	-52.318634
4422.381592	-50.536144
4423.727417	-51.537292
4425.073242	-50.119957
4426.419067	-50.417671
4427.764893	-50.580872
4429.110718	-50.993473
4430.456543	-50.454933
4431.802368	-50.499130
4433.148193	-49.825172
4434.494019	-50.392082
4435.839844	-50.255146
4437.185669	-50.783813
4438.531494	-50.345516
4439.877319	-48.947056
4441.223145	-50.627636
4442.568970	-49.627884
4443.914795	-50.419319
4445.260620	-49.740597
4446.606445	-49.342735
4447.952271	-49.269016
4449.298096	-49.268734
4450.643921	-50.013355
4451.989746	-49.281292
4453.335571	-48.384254
4454.681396	-50.421345
4456.027222	-48.305866
4457.373047	-50.119003
4458.718872	-49.484112
4460.064697	-48.422020
4461.410522	-47.824085
4462.756348	-48.490623
4464.102173	-48.123562
4465.447998	-47.686806
4466.793823	-48.306229
4468.139648	-49.436127
4469.485474	-49.434837
4470.831299	-48.132030
4472.177124	-47.058956
4473.522949	-47.584618
4474.868774	-46.124565
4476.214600	-46.658169
4477.560425	-46.649254
4478.906250	-46.641006
4480.252075	-46.368866
4481.597900	-45.119820
4482.943726	-45.986210
4484.289551	-45.236362
4485.635376	-46.025169
4486.981201	-45.530766
4488.327026	-46.096764
4489.672852	-45.206314
4491.018677	-46.786163
4492.364502	-44.314938
4493.710327	-45.288002
4495.056152	-44.781170
4496.401978	-43.569023
4497.747803	-46.214321
4499.093628	-44.767418
4500.439453	-44.060715
4501.785278	-43.415127
4503.131104	-41.580959
4504.476929	-42.600437
4505.822754	-43.972511
4507.168579	-44.276428
4508.514404	-44.806122
4509.860229	-43.731831
4511.206055	-44.296101
4512.551880	-43.542423
4513.897705	-41.820374
4515.243530	-43.135983
4516.589355	-43.109982
4517.935181	-42.787949
4519.281006	-43.240616
4520.626831	-44.077950
4521.972656	-42.068115
4523.318481	-42.369576
4524.664307	-43.618771
4526.010132	-42.590450
4527.355957	-42.414215
4528.701782	-44.096779
4530.047607	-42.863514
4531.393433	-43.817345
4532.739258	-44.078384
4534.085083	-43.690845
4535.430908	-43.790527
4536.776733	-44.081699
4538.122559	-46.532631
4539.468384	-46.599026
4540.814209	-45.611286
4542.160034	-46.365795
4543.505859	-45.575405
4544.851685	-45.365845
4546.197510	-45.466171
4547.543335	-48.079571
4548.889160	-46.921101
4550.234985	-46.873203
4551.580811	-48.245853
4552.926636	-47.330833
4554.272461	-46.097691
4555.618286	-47.543682
4556.964111	-47.689621
4558.309937	-48.253490
4559.655762	-48.430172
4561.001587	-48.280975
4562.347412	-47.816021
4563.693237	-49.166786
4565.039062	-49.800617
4566.384888	-50.442570
4567.730713	-49.127285
4569.076538	-49.652378
4570.422363	-50.636482
4571.768188	-51.227062
4573.114014	-50.346119
4574.459839	-51.517155
4575.805664	-49.009239
4577.151489	-50.375488
4578.497314	-51.334763
4579.843140	-49.497082
4581.188965	-51.765907
4582.534790	-50.774601
4583.880615	-50.192760
4585.226440	-51.324608
4586.572266	-52.379021
4587.918091	-52.001713
4589.263916	-52.053593
4590.609741	-51.657959
4591.955566	-53.678963
4593.301392	-53.113518
4594.647217	-52.354721
4595.993042	-54.608944
4597.338867	-53.112022
4598.684692	-53.228226
4600.030518	-52.691261
4601.376343	-53.087971
4602.722168	-53.620037
4604.067993	-54.255901
4605.413818	-54.495472
4606.759644	-53.354683
4608.105469	-54.357460
4609.451294	-54.185226
4610.797119	-54.288345
4612.142944	-55.244465
4613.488770	-54.123653
4614.834595	-54.820057
4616.180420	-55.276093
4617.526245	-55.394852
4618.872070	-53.444115
4620.217896	-54.575356
4621.563721	-54.311695
4622.909546	-54.592854
4624.255371	-56.893307
4625.601196	-56.547318
4626.947021	-57.501743
4628.292847	-54.972187
4629.638672	-55.221550
4630.984497	-56.309128
4632.330322	-55.785206
4633.676147	-56.140430
4635.021973	-55.642155
4636.367798	-56.455399
4637.713623	-57.373165
4639.059448	-56.828407
4640.405273	-57.095161
4641.751099	-56.470684
4643.096924	-58.546249
4644.442749	-56.181824
4645.788574	-57.397972
4647.134399	-56.842663
4648.480225	-57.180202
4649.826050	-57.155281
4651.171875	-57.287060
4652.517700	-56.765530
4653.863525	-57.107769
4655.209351	-56.780289
4656.555176	-55.861233
4657.901001	-55.467728
4659.246826	-55.838734
4660.592651	-56.216789
4661.938477	-56.170498
4663.284302	-56.472256
4664.630127	-56.270866
4665.975952	-56.920864
4667.321777	-56.707096
4668.667603	-56.593014
4670.013428	-57.329185
4671.359253	-56.940113
4672.705078	-57.640743
4674.050903	-56.922775
4675.396729	-56.179787
4676.742554	-56.257950
4678.088379	-56.423672
4679.434204	-56.393692
4680.780029	-58.382645
4682.125854	-57.468193
4683.471680	-56.639256
4684.817505	-57.765099
4686.163330	-58.430649
4687.509155	-56.901630
4688.854980	-57.794025
4690.200806	-57.346355
4691.546631	-56.300636
4692.892456	-57.591328
4694.238281	-58.040062
4695.584106	-56.759945
4696.929932	-57.199596
4698.275757	-55.839306
4699.621582	-58.965813
4700.967407	-57.026691
4702.313232	-56.490940
4703.659058	-57.934467
4705.004883	-58.216518
4706.350708	-57.812222
4707.696533	-56.874092
4709.042358	-55.389992
4710.388184	-57.474155
4711.734009	-57.263943
4713.079834	-57.656384
4714.425659	-56.495537
4715.771484	-56.164783
4717.117310	-55.550056
4718.463135	-57.224667
4719.808960	-55.637428
4721.154785	-56.004749
4722.500610	-57.415245
4723.846436	-56.909424
4725.192261	-57.555992
4726.538086	-57.026047
4727.883911	-55.593838
4729.229736	-54.756138
4730.575562	-56.259499
4731.921387	-55.860214
4733.267212	-55.215668
4734.613037	-55.134830
4735.958862	-56.808273
4737.304688	-55.615540
4738.650513	-54.311684
4739.996338	-55.617870
4741.342163	-56.287312
4742.687988	-55.112801
4744.033813	-54.567719
4745.379639	-54.756382
4746.725464	-54.449646
4748.071289	-55.487320
4749.417114	-53.828148
4750.762939	-54.329765
4752.108765	-53.978428
4753.454590	-52.213905
4754.800415	-54.766624
4756.146240	-55.167728
4757.492065	-54.122494
4758.837891	-54.526825
4760.183716	-53.855743
4761.529541	-53.623440
4762.875366	-53.696629
4764.221191	-53.148422
4765.567017	-53.077496
4766.912842	-51.937687
4768.258667	-52.058434
4769.604492	-52.157948
4770.950317	-53.538330
4772.296143	-52.277397
4773.641968	-51.140091
4774.987793	-50.542763
4776.333618	-50.984188
4777.679443	-52.536789
4779.025269	-51.937000
4780.371094	-51.155582
4781.716919	-52.828136
4783.062744	-54.076214
4784.408569	-52.821331
4785.754395	-52.700027
4787.100220	-54.005676
4788.446045	-53.943352
4789.791870	-53.764881
4791.137695	-53.202374
4792.483521	-53.837410
4793.829346	-53.663029
4795.175171	-55.507042
4796.520996	-54.478477
4797.866821	-54.423931
4799.212646	-53.400440
4800.558472	-55.313755
4801.904297	-54.565907
4803.250122	-54.738461
4804.595947	-54.366421
4805.941772	-56.933430
4807.287598	-56.515018
4808.633423	-56.251183
4809.979248	-57.198986
4811.325073	-55.899204
4812.670898	-57.785358
4814.016724	-57.319130
4815.362549	-56.518326
4816.708374	-57.746670
4818.054199	-57.998730
4819.400024	-58.397015
4820.745850	-58.920170
4822.091675	-60.720829
4823.437500	-59.297501
4824.783325	-59.035748
4826.129150	-58.808910
4827.474976	-59.899761
4828.820801	-58.394886
4830.166626	-59.067341
4831.512451	-59.661003
4832.858276	-61.012196
4834.204102	-60.942738
4835.549927	-60.099384
4836.895752	-58.911770
4838.241577	-62.006493
4839.587402	-61.691952
4840.933228	-59.729347
4842.279053	-61.897346
4843.624878	-62.626823
4844.970703	-62.210381
4846.316528	-62.240578
4847.662354	-62.576004
4849.008179	-63.684055
4850.354004	-61.845863
4851.699829	-63.785145
4853.045654	-62.364761
4854.391479	-63.459808
4855.737305	-63.846924
4857.083130	-62.431156
4858.428955	-64.942947
4859.774780	-64.339081
4861.120605	-63.837009
4862.466431	-65.685112
4863.812256	-65.628258
4865.158081	-64.372124
4866.503906	-64.621140
4867.849731	-67.463104
4869.195557	-65.836594
4870.541382	-65.921478
4871.887207	-64.553787
4873.233032	-64.729988
4874.578857	-66.360199
4875.924683	-65.129204
4877.270508	-65.482208
4878.616333	-67.002708
4879.962158	-66.990166
4881.307983	-66.034264
4882.653809	-65.968597
4883.999634	-67.285080
4885.345459	-69.257729
4886.691284	-66.302185
4888.037109	-66.285248
4889.382935	-67.044693
4890.728760	-66.088837
4892.074585	-67.798424
4893.420410	-65.993729
4894.766235	-68.024834
4896.112061	-66.743813
4897.457886	-68.406174
4898.803711	-67.905762
4900.149536	-68.212273
4901.495361	-68.475739
4902.841187	-65.975220
4904.187012	-67.873581
4905.532837	-68.377258
4906.878662	-68.134521
4908.224487	-70.617424
4909.570312	-69.784103
4910.916138	-69.698135
4912.261963	-68.680824
4913.607788	-68.905884
4914.953613	-69.283897
4916.299438	-68.408546
4917.645264	-68.906418
4918.991089	-69.005119
4920.336914	-70.081299
4921.682739	-69.229416
4923.028564	-69.139404
4924.374390	-70.945099
4925.720215	-68.337120
4927.066040	-69.115517
4928.411865	-69.640419
4929.757690	-69.731956
4931.103516	-70.231972
4932.449341	-69.759293
4933.795166	-70.299461
4935.140991	-70.340515
4936.486816	-71.017715
4937.832642	-71.679932
4939.178467	-70.762039
4940.524292	-70.410515
4941.870117	-71.146278
4943.215942	-70.712914
4944.561768	-71.495918
4945.907593	-71.155197
4947.253418	-69.741364
4948.599243	-71.801910
4949.945068	-70.124336
4951.290894	-70.303970
4952.636719	-70.372513
4953.982544	-72.689346
4955.328369	-71.179794
4956.674194	-71.398369
4958.020020	-70.428673
4959.365845	-70.112488
4960.711670	-70.963097
4962.057495	-71.311737
4963.403320	-71.902504
4964.749146	-72.346687
4966.094971	-72.806183
4967.440796	-70.695572
4968.786621	-70.662476
4970.132446	-70.693550
4971.478271	-71.037888
4972.824097	-71.013351
4974.169922	-71.193268
4975.515747	-71.435776
4976.861572	-69.908569
4978.207397	-70.399284
4979.553223	-71.196709
4980.899048	-71.049728
4982.244873	-70.530106
4983.590698	-71.365196
4984.936523	-72.535988
4986.282349	-72.848450
4987.628174	-72.107590
4988.973999	-70.803741
4990.319824	-70.488441
4991.665649	-71.944717
4993.011475	-71.028282
4994.357300	-70.058784
4995.703125	-71.153122
4997.048950	-71.060143
4998.394775	-72.143959
4999.740601	-70.435951
5001.086426	-71.204140
5002.432251	-70.244164
5003.778076	-72.218185
5005.123901	-71.563606
5006.469727	-69.782310
5007.815552	-70.108246
5009.161377	-69.393875
5010.507202	-70.930672
5011.853027	-71.720306
5013.198853	-69.921127
5014.544678	-70.245056
5015.890503	-71.398773
5017.236328	-71.375290
5018.582153	-69.636536
5019.927979	-70.071541
5021.273804	-69.888931
5022.619629	-70.136337
5023.965454	-70.148705
5025.311279	-68.995392
5026.657104	-68.371170
5028.002930	-70.314667
5029.348755	-70.359970
5030.694580	-69.829857
5032.040405	-69.030022
5033.386230	-69.303314
5034.732056	-69.909241
5036.077881	-69.922005
5037.423706	-68.707527
5038.769531	-69.970985
5040.115356	-69.845963
5041.461182	-69.304199
5042.807007	-72.134407
5044.152832	-70.747261
5045.498657	-70.278946
5046.844482	-71.810844
5048.190308	-70.118965
5049.536133	-70.206833
5050.881958	-70.839386
5052.227783	-70.928841
5053.573608	-71.242432
5054.919434	-73.108559
5056.265259	-71.318901
5057.611084	-73.879517
5058.956909	-72.664818
5060.302734	-71.526779
5061.648560	-72.503113
5062.994385	-73.791489
5064.340210	-72.151649
5065.686035	-73.561592
5067.031860	-73.390083
5068.377686	-72.961555
5069.723511	-72.840652
5071.069336	-73.612312
5072.415161	-74.978172
5073.760986	-72.730110
5075.106812	-74.208588
5076.452637	-73.991249
5077.798462	-74.776077
5079.144287	-75.900978
5080.490112	-74.062912
5081.835938	-74.460983
5083.181763	-75.113403
5084.527588	-75.925453
5085.873413	-75.453583
5087.219238	-75.421356
5088.565063	-75.224403
5089.910889	-75.263603
5091.256714	-75.831932
5092.602539	-75.803558
5093.948364	-77.086609
5095.294189	-77.425476
5096.640015	-76.522362
5097.985840	-75.095154
5099.331665	-77.136040
5100.677490	-76.588623
5102.023315	-77.092934
5103.369141	-77.294289
5104.714966	-77.592400
5106.060791	-77.053833
5107.406616	-77.029572
5108.752441	-77.981659
5110.098267	-77.700027
5111.444092	-78.112137
5112.789917	-77.076126
5114.135742	-77.699883
5115.481567	-77.929703
5116.827393	-77.448769
5118.173218	-77.423645
5119.519043	-77.805191
5120.864868	-77.790443
5122.210693	-77.339050
5123.556519	-77.564171
5124.902344	-78.131027
5126.248169	-77.832306
5127.593994	-78.076309
5128.939819	-78.035866
5130.285645	-77.661652
5131.631470	-79.068222
5132.977295	-78.431122
5134.323120	-78.314278
5135.668945	-78.197151
5137.014771	-78.317589
5138.360596	-78.057739
5139.706421	-78.619026
5141.052246	-79.251717
5142.398071	-78.519318
5143.743896	-78.122726
5145.089722	-79.069283
5146.435547	-78.645844
5147.781372	-78.262978
5149.127197	-78.755928
5150.473022	-78.522354
5151.818848	-78.605484
5153.164673	-79.193207
5154.510498	-78.497589
5155.856323	-78.959114
5157.202148	-79.198013
5158.547974	-79.328827
5159.893799	-78.460640
5161.239624	-78.956238
5162.585449	-78.606606
5163.931274	-78.617424
5165.277100	-78.626144
5166.622925	-78.908958
5167.968750	-79.264793
5169.314575	-79.076981
5170.660400	-79.058983
5172.006226	-79.369232
5173.352051	-78.802856
5174.697876	-78.565735
5176.043701	-79.364670
5177.389526	-78.904602
5178.735352	-78.891731
5180.081177	-78.943451
5181.427002	-78.970810
5182.772827	-79.446838
5184.118652	-79.354164
5185.464478	-79.028397
5186.810303	-79.350670
5188.156128	-79.269630
5189.501953	-79.349197
5190.847778	-79.300812
5192.193604	-79.664230
5193.539429	-79.305908
5194.885254	-79.223694
5196.231079	-79.321564
5197.576904	-79.316414
5198.922729	-78.688141
5200.268555	-79.095085
5201.614380	-79.190407
5202.960205	-79.183815
5204.306030	-79.200371
5205.651855	-79.672333
5206.997681	-78.862984
5208.343506	-79.370811
5209.689331	-79.089104
5211.035156	-79.182991
5212.380981	-78.769943
5213.726807	-79.660385
5215.072632	-79.154053
5216.418457	-79.129311
5217.764282	-79.595718
5219.110107	-79.129730
5220.455933	-79.260826
5221.801758	-79.376785
5223.147583	-79.178612
5224.493408	-79.563019
5225.839233	-78.963997
5227.185059	-78.610077
5228.530884	-78.824974
5229.876709	-78.873787
5231.222534	-78.819626
5232.568359	-79.282097
5233.914185	-79.241760
5235.260010	-79.803627
5236.605835	-79.588577
5237.951660	-79.108391
5239.297485	-79.619591
5240.643311	-78.795494
5241.989136	-78.958885
5243.334961	-79.284866
5244.680786	-79.644371
5246.026611	-79.026253
5247.372437	-79.858643
5248.718262	-79.572975
5250.064087	-79.147675
5251.409912	-79.327942
5252.755737	-79.140793
5254.101562	-79.425575
5255.447388	-79.499878
5256.793213	-79.668243
5258.139038	-79.282181
5259.484863	-79.096077
5260.830688	-79.307571
5262.176514	-79.354271
5263.522339	-79.260475
5264.868164	-79.662926
5266.213989	-79.141846
5267.559814	-79.682991
5268.905640	-79.110207
5270.251465	-79.370201
5271.597290	-79.543007
5272.943115	-79.155212
5274.288940	-79.283432
5275.634766	-79.517586
5276.980591	-79.370102
5278.326416	-79.948853
5279.672241	-79.160851
5281.018066	-79.167046
5282.363892	-79.386688
5283.709717	-79.879051
5285.055542	-79.397255
5286.401367	-79.708183
5287.747192	-79.509148
5289.093018	-79.636337
5290.438843	-79.855774
5291.784668	-79.051529
5293.130493	-79.363068
5294.476318	-79.592926
5295.822144	-79.655312
5297.167969	-79.760162
5298.513794	-79.594391
5299.859619	-79.772980
5301.205444	-79.589195
5302.551270	-79.744934
5303.897095	-79.377602
5305.242920	-79.698700
5306.588745	-80.106277
5307.934570	-79.957497
5309.280396	-79.757149
5310.626221	-79.781609
5311.972046	-79.906715
5313.317871	-79.740250
5314.663696	-79.872482
5316.009521	-79.734100
5317.355347	-79.998154
5318.701172	-79.876671
5320.046997	-79.699760
5321.392822	-79.875580
5322.738647	-79.883530
5324.084473	-79.969009
5325.430298	-79.925980
5326.776123	-79.927567
5328.121948	-79.952271
5329.467773	-79.814087
5330.813599	-79.855476
5332.159424	-79.982544
5333.505249	-79.799690
5334.851074	-79.825790
5336.196899	-80.013321
5337.542725	-79.858330
5338.888550	-79.853889
5340.234375	-79.899818
5341.580200	-79.852882
5342.926025	-79.950638
5344.271851	-79.904961
5345.617676	-79.888939
5346.963501	-79.911575
5348.309326	-80.001755
5349.655151	-79.911385
5351.000977	-79.978775
5352.346802	-79.993843
5353.692627	-79.960350
5355.038452	-79.918808
5356.384277	-79.980042
5357.730103	-79.959038
5359.075928	-79.941269
5360.421753	-79.939049
5361.767578	-79.981567
5363.113403	-79.974335
5364.459229	-79.972862
5365.805054	-79.975433
5367.150879	-79.995155
5368.496704	-79.978508
5369.842529	-79.960411
5371.188354	-79.973297
5372.534180	-79.997452
5373.880005	-79.987350
5375.225830	-79.980782
5376.571655	-79.971169
5377.917480	-80.008018
5379.263306	-80.002022
5380.609131	-79.993843
5381.954956	-80.001686
5383.300781	-79.992661
5384.646606	-79.988609
5385.992432	-79.998283
5387.338257	-80.004852
5388.684082	-80.003136
5390.029907	-80.006012
5391.375732	-80.009872
5392.721558	-80.011330
5394.067383	-80.014297
5395.413208	-80.021866
5396.759033	-80.016136
5398.104858	-80.017624
5399.450684	-80.020683
5400.796509	-80.022583
5402.142334	-80.021957
5403.488159	-80.021454
5404.833984	-80.026543
5406.179810	-80.026428
5407.525635	-80.030411
5408.871460	-80.030495
5410.217285	-80.027641
5411.563110	-80.033798
5412.908936	-80.034035
5414.254761	-80.035103
5415.600586	-80.037338
5416.946411	-80.037674
5418.292236	-80.039467
5419.638062	-80.040855
5420.983887	-80.042175
5422.329712	-80.042610
5423.675537	-80.044281
5425.021362	-80.046379
5426.367188	-80.046745
5427.713013	-80.048134
5429.058838	-80.048363
5430.404663	-80.050087
5431.750488	-80.051170
5433.096313	-80.052719
5434.442139	-80.053482
5435.787964	-80.054298
5437.133789	-80.055702
5438.479614	-80.056671
5439.825439	-80.057518
5441.171265	-80.058533
5442.517090	-80.059402
5443.862915	-80.060493
5445.208740	-80.061462
5446.554565	-80.062218
5447.900391	-80.063141
5449.246216	-80.063927
5450.592041	-80.064941
5451.937866	-80.065895
5453.283691	-80.066628
5454.629517	-80.067429
5455.975342	-80.068214
5457.321167	-80.069061
5458.666992	-80.069702
5460.012817	-80.070465
5461.358643	-80.071144
5462.704468	-80.071892
5464.050293	-80.072502
5465.396118	-80.073166
5466.741943	-80.073799
5468.087769	-80.074425
5469.433594	-80.075027
5470.779419	-80.075600
5472.125244	-80.076172
5473.471069	-80.076714
5474.816895	-80.077232
5476.162720	-80.077744
5477.508545	-80.078217
5478.854370	-80.078690
5480.200195	-80.079155
5481.546021	-80.079575
5482.891846	-80.080002
5484.237671	-80.080391
5485.583496	-80.080772
5486.929321	-80.081131
5488.275146	-80.081474
5489.620972	-80.081795
5490.966797	-80.082092
5492.312622	-80.082382
5493.658447	-80.082649
5495.004272	-80.082893
5496.350098	-80.083122
5497.695923	-80.083344
5499.041748	-80.083542
5500.387573	-80.083702
5501.733398	-80.083870
5503.079224	-80.084015
5504.425049	-80.084129
5505.770874	-80.084236
5507.116699	-80.084320
5508.462524	-80.084381
5509.808350	-80.084419
5511.154175	-80.084442
