Frequency (Hz)	Level (dB)
1.345825	-82.998177
2.691650	-82.403336
4.037476	-82.514717
5.383301	-82.434280
6.729126	-82.249138
8.074951	-82.171684
9.420776	-82.360802
10.766602	-81.511436
12.112427	-80.263084
13.458252	-80.499138
14.804077	-81.052956
16.149902	-81.688820
17.495728	-79.664673
18.841553	-79.466621
20.187378	-79.884193
21.533203	-78.342415
22.879028	-78.558548
24.224854	-78.226601
25.570679	-79.005028
26.916504	-78.008629
28.262329	-78.543785
29.608154	-77.247231
30.953979	-78.404030
32.299805	-79.165039
33.645630	-79.061401
34.991455	-79.357208
36.337280	-77.377480
37.683105	-78.621567
39.028931	-78.706055
40.374756	-77.932327
41.720581	-76.957565
43.066406	-76.987877
44.412231	-77.031395
45.758057	-76.695152
47.103882	-75.770988
48.449707	-76.206146
49.795532	-76.596489
51.141357	-76.033699
52.487183	-75.145729
53.833008	-75.228706
55.178833	-74.211449
56.524658	-74.555229
57.870483	-73.212936
59.216309	-73.990829
60.562134	-72.959679
61.907959	-73.520325
63.253784	-72.713585
64.599609	-74.961548
65.945435	-73.582878
67.291260	-73.582741
68.637085	-72.724007
69.982910	-73.478157
71.328735	-74.212128
72.674561	-74.451653
74.020386	-74.043846
75.366211	-73.338715
76.712036	-73.060074
78.057861	-73.378677
79.403687	-74.308907
80.749512	-71.644135
82.095337	-72.341141
83.441162	-73.835648
84.786987	-73.408669
86.132812	-73.452576
87.478638	-71.605530
88.824463	-72.278374
90.170288	-72.728432
91.516113	-72.380226
92.861938	-71.029274
94.207764	-71.827827
95.553589	-72.367188
96.899414	-71.976379
98.245239	-71.215981
99.591064	-72.327721
100.936890	-71.252182
102.282715	-70.615044
103.628540	-71.344170
104.974365	-70.439552
106.320190	-71.491234
107.666016	-72.431213
109.011841	-72.137787
110.357666	-70.797340
111.703491	-73.589882
113.049316	-70.108505
114.395142	-70.791840
115.740967	-72.280449
117.086792	-70.158020
118.432617	-68.047806
119.778442	-64.767441
121.124268	-69.758423
122.470093	-70.921738
123.815918	-68.628922
125.161743	-69.673141
126.507568	-69.500313
127.853394	-69.509888
129.199219	-68.855576
130.545044	-69.407631
131.890869	-68.025238
133.236694	-69.729736
134.582520	-68.740173
135.928345	-68.764931
137.274170	-68.207466
138.619995	-69.200310
139.965820	-68.732330
141.311646	-67.156410
142.657471	-68.797348
144.003296	-69.564240
145.349121	-67.872574
146.694946	-67.080872
148.040771	-68.393867
149.386597	-67.479797
150.732422	-66.032845
152.078247	-66.931587
153.424072	-67.170166
154.769897	-67.325432
156.115723	-66.352013
157.461548	-66.465477
158.807373	-65.514114
160.153198	-65.408249
161.499023	-66.581024
162.844849	-66.386230
164.190674	-65.877464
165.536499	-66.766838
166.882324	-64.061234
168.228149	-64.912552
169.573975	-66.040825
170.919800	-64.577148
172.265625	-64.897491
173.611450	-62.661667
174.957275	-63.724113
176.303101	-64.225655
177.648926	-63.229168
178.994751	-63.060654
180.340576	-63.733723
181.686401	-63.179188
183.032227	-63.238998
184.378052	-62.135731
185.723877	-62.321796
187.069702	-63.458454
188.415527	-60.845886
189.761353	-62.455505
191.107178	-62.988567
192.453003	-61.026188
193.798828	-60.806755
195.144653	-60.202274
196.490479	-60.918549
197.836304	-60.398094
199.182129	-57.831833
200.527954	-58.195286
201.873779	-59.717228
203.219604	-58.781311
204.565430	-57.230923
205.911255	-56.735203
207.257080	-54.969437
208.602905	-56.041367
209.948730	-55.236042
211.294556	-55.600636
212.640381	-55.011852
213.986206	-55.076897
215.332031	-54.699547
216.677856	-54.094208
218.023682	-54.983734
219.369507	-53.670616
220.715332	-52.872650
222.061157	-54.334858
223.406982	-52.388332
224.752808	-52.039299
226.098633	-51.889706
227.444458	-53.016918
228.790283	-52.533180
230.136108	-54.518993
231.481934	-54.131180
232.827759	-54.097324
234.173584	-56.253910
235.519409	-54.017036
236.865234	-54.744034
238.211060	-55.931374
239.556885	-55.633087
240.902710	-55.539555
242.248535	-55.283699
243.594360	-56.967537
244.940186	-58.784904
246.286011	-57.037914
247.631836	-58.941494
248.977661	-57.749306
250.323486	-58.253746
251.669312	-58.977623
253.015137	-59.776482
254.360962	-59.558598
255.706787	-60.521530
257.052612	-60.125168
258.398438	-58.911335
259.744263	-60.195400
261.090088	-61.998329
262.435913	-61.560226
263.781738	-63.259525
265.127563	-60.310581
266.473389	-61.700329
267.819214	-62.019573
269.165039	-62.532211
270.510864	-61.303661
271.856689	-60.858349
273.202515	-61.368347
274.548340	-63.999855
275.894165	-62.678478
277.239990	-63.466202
278.585815	-63.142525
279.931641	-62.693829
281.277466	-64.059372
282.623291	-63.253975
283.969116	-63.573948
285.314941	-61.689827
286.660767	-63.842625
288.006592	-65.685959
289.352417	-64.174431
290.698242	-64.302109
292.044067	-63.776340
293.389893	-63.887577
294.735718	-65.051796
296.081543	-64.631195
297.427368	-65.139404
298.773193	-64.744392
300.119019	-64.423157
301.464844	-63.989670
302.810669	-65.158180
304.156494	-65.707970
305.502319	-65.588623
306.848145	-64.750900
308.193970	-66.521507
309.539795	-67.133705
310.885620	-66.108727
312.231445	-65.529099
313.577271	-65.358910
314.923096	-63.526688
316.268921	-65.360397
317.614746	-65.905228
318.960571	-64.786362
320.306396	-65.697929
321.652222	-65.131500
322.998047	-64.382339
324.343872	-66.001358
325.689697	-66.380600
327.035522	-64.861259
328.381348	-66.094444
329.727173	-66.245369
331.072998	-65.133057
332.418823	-66.830444
333.764648	-66.929329
335.110474	-66.417175
336.456299	-65.576118
337.802124	-64.850311
339.147949	-66.183716
340.493774	-63.686382
341.839600	-64.198204
343.185425	-65.134735
344.531250	-65.670029
345.877075	-65.357857
347.222900	-65.247604
348.568726	-64.843697
349.914551	-64.190575
351.260376	-65.644066
352.606201	-65.361519
353.952026	-65.600304
355.297852	-64.675499
356.643677	-64.488380
357.989502	-64.759407
359.335327	-63.582390
360.681152	-65.087288
362.026978	-64.349037
363.372803	-65.381187
364.718628	-64.198128
366.064453	-63.990234
367.410278	-64.967468
368.756104	-63.046978
370.101929	-63.658062
371.447754	-63.872257
372.793579	-63.136871
374.139404	-63.916454
375.485229	-64.037094
376.831055	-63.202991
378.176880	-63.091118
379.522705	-65.157288
380.868530	-62.910316
382.214355	-62.552803
383.560181	-61.664257
384.906006	-62.960434
386.251831	-63.621578
387.597656	-62.171078
388.943481	-62.627277
390.289307	-63.392712
391.635132	-63.892456
392.980957	-62.644230
394.326782	-61.500053
395.672607	-62.338409
397.018433	-62.526669
398.364258	-61.444038
399.710083	-62.198574
401.055908	-60.731316
402.401733	-61.601517
403.747559	-61.573235
405.093384	-62.324013
406.439209	-60.473892
407.785034	-59.929291
409.130859	-59.392780
410.476685	-60.156261
411.822510	-58.655842
413.168335	-60.852283
414.514160	-58.709236
415.859985	-57.669975
417.205811	-58.834908
418.551636	-57.741985
419.897461	-57.125549
421.243286	-55.926243
422.589111	-57.879200
423.934937	-57.603363
425.280762	-56.395546
426.626587	-54.589642
427.972412	-55.423923
429.318237	-54.181877
430.664062	-54.024033
432.009888	-53.544117
433.355713	-53.514091
434.701538	-54.000927
436.047363	-53.767429
437.393188	-53.828907
438.739014	-54.039257
440.084839	-50.702679
441.430664	-51.333260
442.776489	-51.007225
444.122314	-49.755596
445.468140	-50.379402
446.813965	-51.585918
448.159790	-52.003651
449.505615	-50.136898
450.851440	-50.599293
452.197266	-50.620213
453.543091	-51.376068
454.888916	-51.322639
456.234741	-51.514736
457.580566	-52.510838
458.926392	-52.508595
460.272217	-53.176411
461.618042	-52.620853
462.963867	-52.573330
464.309692	-53.891155
465.655518	-55.656681
467.001343	-56.185871
468.347168	-55.054466
469.692993	-55.831192
471.038818	-56.146404
472.384644	-57.103947
473.730469	-56.456783
475.076294	-56.860554
476.422119	-56.921120
477.767944	-57.715290
479.113770	-58.398781
480.459595	-59.108856
481.805420	-58.096500
483.151245	-58.725479
484.497070	-59.793800
485.842896	-61.791492
487.188721	-59.697853
488.534546	-59.451347
489.880371	-58.881592
491.226196	-59.813263
492.572021	-61.090900
493.917847	-61.033253
495.263672	-61.274212
496.609497	-61.172085
497.955322	-60.818268
499.301147	-60.289989
500.646973	-61.238998
501.992798	-62.154461
503.338623	-61.001835
504.684448	-62.718140
506.030273	-62.098911
507.376099	-62.921150
508.721924	-62.361217
510.067749	-62.511154
511.413574	-62.737476
512.759399	-62.533401
514.105225	-63.572678
515.451050	-62.514572
516.796875	-64.068459
518.142700	-63.141613
519.488525	-63.082188
520.834351	-63.872528
522.180176	-63.821968
523.526001	-62.551819
524.871826	-64.058670
526.217651	-63.664757
527.563477	-62.239143
528.909302	-63.427017
530.255127	-63.219143
531.600952	-62.121429
532.946777	-62.737339
534.292603	-63.985798
535.638428	-63.000946
536.984253	-64.848557
538.330078	-65.065979
539.675903	-63.203403
541.021729	-63.598457
542.367554	-64.186699
543.713379	-61.726292
545.059204	-62.890099
546.405029	-64.416367
547.750854	-63.419289
549.096680	-63.787506
550.442505	-64.158020
551.788330	-63.325211
553.134155	-63.127419
554.479980	-63.459007
555.825806	-64.539169
557.171631	-64.544159
558.517456	-64.418770
559.863281	-64.721375
561.209106	-65.087715
562.554932	-62.791168
563.900757	-65.540817
565.246582	-65.172203
566.592407	-65.273544
567.938232	-64.260185
569.284058	-63.994267
570.629883	-64.892822
571.975708	-64.851242
573.321533	-63.477695
574.667358	-65.369225
576.013184	-65.247559
577.359009	-63.957817
578.704834	-63.695595
580.050659	-63.654724
581.396484	-65.506500
582.742310	-63.526848
584.088135	-63.123318
585.433960	-63.837090
586.779785	-64.210266
588.125610	-64.462685
589.471436	-65.108727
590.817261	-62.772255
592.163086	-62.954327
593.508911	-62.818943
594.854736	-61.913513
596.200562	-62.585598
597.546387	-62.442078
598.892212	-62.219097
600.238037	-62.607750
601.583862	-60.329777
602.929688	-61.628914
604.275513	-60.900127
605.621338	-61.821289
606.967163	-63.440613
608.312988	-61.830254
609.658813	-61.812180
611.004639	-61.812210
612.350464	-60.196609
613.696289	-60.642857
615.042114	-61.571342
616.387939	-61.246349
617.733765	-61.944752
619.079590	-60.174858
620.425415	-60.765404
621.771240	-59.830063
623.117065	-59.847824
624.462891	-58.657124
625.808716	-60.716999
627.154541	-58.921326
628.500366	-58.869339
629.846191	-57.899914
631.192017	-59.873951
632.537842	-58.450706
633.883667	-59.640598
635.229492	-58.794418
636.575317	-58.963291
637.921143	-59.174316
639.266968	-57.762108
640.612793	-56.902412
641.958618	-58.669983
643.304443	-57.266857
644.650269	-55.939758
645.996094	-54.357307
647.341919	-54.641052
648.687744	-56.010303
650.033569	-56.007893
651.379395	-55.474449
652.725220	-55.000725
654.071045	-54.471508
655.416870	-53.199749
656.762695	-54.260242
658.108521	-53.789204
659.454346	-52.404308
660.800171	-52.787075
662.145996	-52.241165
663.491821	-51.011818
664.837646	-48.846306
666.183472	-48.448868
667.529297	-50.581482
668.875122	-48.904991
670.220947	-48.691730
671.566772	-49.254017
672.912598	-47.582146
674.258423	-48.077732
675.604248	-50.505219
676.950073	-50.312145
678.295898	-49.898659
679.641724	-48.632473
680.987549	-49.654079
682.333374	-50.731480
683.679199	-52.485260
685.025024	-51.219608
686.370850	-52.130676
687.716675	-52.953171
689.062500	-54.984722
690.408325	-54.369583
691.754150	-54.140450
693.099976	-54.807007
694.445801	-54.976974
695.791626	-54.379978
697.137451	-54.694458
698.483276	-56.704391
699.829102	-54.241093
701.174927	-55.819904
702.520752	-55.940960
703.866577	-56.869144
705.212402	-56.087360
706.558228	-58.004204
707.904053	-57.388359
709.249878	-58.641453
710.595703	-58.509418
711.941528	-58.765400
713.287354	-58.399315
714.633179	-58.248566
715.979004	-58.738491
717.324829	-59.110744
718.670654	-59.761738
720.016479	-61.293606
721.362305	-60.583458
722.708130	-58.293182
724.053955	-60.720360
725.399780	-60.596207
726.745605	-59.736217
728.091431	-59.427586
729.437256	-59.830284
730.783081	-60.943340
732.128906	-61.552708
733.474731	-60.971745
734.820557	-61.965122
736.166382	-61.260422
737.512207	-61.918789
738.858032	-61.338299
740.203857	-61.809116
741.549683	-61.428207
742.895508	-61.367523
744.241333	-61.210857
745.587158	-61.951572
746.932983	-62.928082
748.278809	-62.519047
749.624634	-61.762096
750.970459	-60.726192
752.316284	-62.133720
753.662109	-61.066498
755.007935	-61.689175
756.353760	-61.721981
757.699585	-63.905346
759.045410	-62.480015
760.391235	-64.023605
761.737061	-64.169373
763.082886	-61.141991
764.428711	-62.520405
765.774536	-61.855232
767.120361	-63.157627
768.466187	-63.272320
769.812012	-62.304928
771.157837	-61.740017
772.503662	-63.359974
773.849487	-63.694885
775.195312	-62.997055
776.541138	-63.240437
777.886963	-63.049522
779.232788	-62.885399
780.578613	-61.858829
781.924438	-61.628452
783.270264	-62.344913
784.616089	-62.980110
785.961914	-63.387371
787.307739	-63.443867
788.653564	-64.308220
789.999390	-62.764557
791.345215	-61.840416
792.691040	-62.234886
794.036865	-62.693172
795.382690	-63.510429
796.728516	-64.268951
798.074341	-62.450886
799.420166	-60.311665
800.765991	-63.675949
802.111816	-62.397491
803.457642	-62.554825
804.803467	-63.445431
806.149292	-61.316231
807.495117	-60.606030
808.840942	-61.070396
810.186768	-62.796097
811.532593	-62.923260
812.878418	-60.716022
814.224243	-61.046768
815.570068	-60.796474
816.915894	-60.686749
818.261719	-61.336681
819.607544	-61.443977
820.953369	-61.165497
822.299194	-60.400013
823.645020	-60.118450
824.990845	-59.650681
826.336670	-60.578690
827.682495	-61.106358
829.028320	-61.356052
830.374146	-60.351414
831.719971	-59.619812
833.065796	-59.633595
834.411621	-60.390400
835.757446	-59.823051
837.103271	-60.375732
838.449097	-59.732227
839.794922	-60.244625
841.140747	-58.661922
842.486572	-58.369595
843.832397	-59.233093
845.178223	-59.491623
846.524048	-58.383835
847.869873	-58.141514
849.215698	-59.115898
850.561523	-58.985241
851.907349	-58.040512
853.253174	-59.080441
854.598999	-58.559086
855.944824	-56.364929
857.290649	-56.771572
858.636475	-56.498291
859.982300	-55.342213
861.328125	-56.848408
862.673950	-55.419228
864.019775	-55.928177
865.365601	-55.671005
866.711426	-54.923405
868.057251	-54.899521
869.403076	-54.127159
870.748901	-51.812912
872.094727	-53.966251
873.440552	-52.060017
874.786377	-52.152611
876.132202	-51.185837
877.478027	-50.813450
878.823853	-48.693859
880.169678	-51.552650
881.515503	-48.725494
882.861328	-51.951996
884.207153	-49.289776
885.552979	-48.459625
886.898804	-48.659760
888.244629	-49.023926
889.590454	-48.973316
890.936279	-46.737614
892.282104	-46.685520
893.627930	-47.964851
894.973755	-48.865482
896.319580	-47.248558
897.665405	-48.093475
899.011230	-47.938831
900.357056	-49.589802
901.702881	-49.392826
903.048706	-49.072750
904.394531	-48.727474
905.740356	-51.358242
907.086182	-50.894024
908.432007	-51.001690
909.777832	-50.626133
911.123657	-51.643768
912.469482	-51.230721
913.815308	-52.629261
915.161133	-51.797230
916.506958	-53.315617
917.852783	-54.043633
919.198608	-53.586796
920.544434	-55.404781
921.890259	-53.600208
923.236084	-55.348099
924.581909	-56.010921
925.927734	-54.456997
927.273560	-55.429737
928.619385	-55.293457
929.965210	-55.769226
931.311035	-56.334793
932.656860	-57.375603
934.002686	-56.169617
935.348511	-56.511612
936.694336	-58.016033
938.040161	-57.517124
939.385986	-57.446423
940.731812	-59.898438
942.077637	-57.575291
943.423462	-58.408798
944.769287	-57.888344
946.115112	-59.420734
947.460938	-60.090183
948.806763	-60.116142
950.152588	-58.610695
951.498413	-58.627995
952.844238	-58.819561
954.190063	-59.734764
955.535889	-58.281315
956.881714	-60.188534
958.227539	-58.762836
959.573364	-59.363014
960.919189	-59.304462
962.265015	-60.275677
963.610840	-58.571011
964.956665	-58.734116
966.302490	-61.308403
967.648315	-60.129375
968.994141	-60.473980
970.339966	-61.174122
971.685791	-60.194672
973.031616	-59.852203
974.377441	-61.574684
975.723267	-60.650562
977.069092	-60.891708
978.414917	-61.156384
979.760742	-60.557484
981.106567	-62.434994
982.452393	-62.989101
983.798218	-60.712601
985.144043	-61.324287
986.489868	-60.068737
987.835693	-61.017033
989.181519	-61.915535
990.527344	-60.129131
991.873169	-60.188961
993.218994	-62.637333
994.564819	-60.760651
995.910645	-61.262466
997.256470	-61.545242
998.602295	-61.403923
999.948120	-60.770634
1001.293945	-61.038086
1002.639771	-61.609867
1003.985596	-61.586403
1005.331421	-60.894753
1006.677246	-60.905140
1008.023071	-61.453053
1009.368896	-60.905212
1010.714722	-60.384628
1012.060547	-61.860947
1013.406372	-62.511501
1014.752197	-61.428596
1016.098022	-60.611492
1017.443848	-61.977879
1018.789673	-61.736256
1020.135498	-61.514130
1021.481323	-62.078934
1022.827148	-61.201332
1024.172974	-61.260159
1025.518799	-60.668987
1026.864624	-59.962730
1028.210449	-61.193497
1029.556274	-60.212967
1030.902100	-61.633301
1032.247925	-60.745579
1033.593750	-59.408321
1034.939575	-58.510731
1036.285400	-58.252441
1037.631226	-58.324352
1038.977051	-59.180363
1040.322876	-60.895123
1041.668701	-60.754730
1043.014526	-59.523117
1044.360352	-59.700340
1045.706177	-59.873032
1047.052002	-58.544697
1048.397827	-60.471088
1049.743652	-59.199635
1051.089478	-58.926201
1052.435303	-59.832336
1053.781128	-59.713921
1055.126953	-59.488930
1056.472778	-59.237644
1057.818604	-58.998695
1059.164429	-58.234146
1060.510254	-58.421509
1061.856079	-57.425591
1063.201904	-58.799778
1064.547729	-56.879318
1065.893555	-57.764492
1067.239380	-57.446907
1068.585205	-55.447449
1069.931030	-55.906410
1071.276855	-55.742241
1072.622681	-56.960495
1073.968506	-56.991043
1075.314331	-56.584965
1076.660156	-55.927902
1078.005981	-55.726116
1079.351807	-56.469173
1080.697632	-56.090019
1082.043457	-56.463009
1083.389282	-54.725178
1084.735107	-54.041508
1086.080933	-53.357040
1087.426758	-54.104992
1088.772583	-50.338177
1090.118408	-52.221954
1091.464233	-51.112747
1092.810059	-50.547386
1094.155884	-50.689655
1095.501709	-51.349194
1096.847534	-51.817757
1098.193359	-50.405693
1099.539185	-50.400375
1100.885010	-49.596436
1102.230835	-48.760136
1103.576660	-48.505535
1104.922485	-46.684238
1106.268311	-47.125694
1107.614136	-45.667324
1108.959961	-45.995708
1110.305786	-47.175735
1111.651611	-45.197037
1112.997437	-44.665722
1114.343262	-42.733448
1115.689087	-43.178562
1117.034912	-43.561848
1118.380737	-44.220116
1119.726562	-44.148670
1121.072388	-44.805851
1122.418213	-45.209068
1123.764038	-45.426762
1125.109863	-46.250973
1126.455688	-46.452229
1127.801514	-47.965965
1129.147339	-47.475140
1130.493164	-49.420773
1131.838989	-48.402653
1133.184814	-49.209042
1134.530640	-48.525021
1135.876465	-49.797997
1137.222290	-52.566414
1138.568115	-51.622417
1139.913940	-51.325523
1141.259766	-50.601402
1142.605591	-51.702854
1143.951416	-53.431564
1145.297241	-53.585033
1146.643066	-53.654758
1147.988892	-53.410095
1149.334717	-56.204117
1150.680542	-55.990959
1152.026367	-54.191532
1153.372192	-53.380539
1154.718018	-55.429474
1156.063843	-55.907154
1157.409668	-57.282719
1158.755493	-57.496971
1160.101318	-56.740814
1161.447144	-57.138557
1162.792969	-56.447327
1164.138794	-57.072983
1165.484619	-56.756573
1166.830444	-56.393208
1168.176270	-57.364902
1169.522095	-57.903770
1170.867920	-58.039566
1172.213745	-58.968319
1173.559570	-58.395950
1174.905396	-58.321125
1176.251221	-58.635422
1177.597046	-59.588272
1178.942871	-58.659626
1180.288696	-59.241772
1181.634521	-60.024746
1182.980347	-60.152618
1184.326172	-60.086334
1185.671997	-59.708317
1187.017822	-59.349648
1188.363647	-59.914734
1189.709473	-57.923306
1191.055298	-59.270119
1192.401123	-60.120331
1193.746948	-60.357571
1195.092773	-59.757442
1196.438599	-59.667587
1197.784424	-60.390617
1199.130249	-59.969208
1200.476074	-61.460052
1201.821899	-60.247814
1203.167725	-61.952801
1204.513550	-60.302383
1205.859375	-60.785023
1207.205200	-59.005379
1208.551025	-60.424652
1209.896851	-60.907280
1211.242676	-61.217300
1212.588501	-58.848236
1213.934326	-62.030067
1215.280151	-60.844971
1216.625977	-61.398319
1217.971802	-61.178635
1219.317627	-60.383785
1220.663452	-60.904755
1222.009277	-60.319355
1223.355103	-61.995365
1224.700928	-59.791546
1226.046753	-60.984154
1227.392578	-60.548985
1228.738403	-62.463703
1230.084229	-61.261635
1231.430054	-61.664181
1232.775879	-61.541473
1234.121704	-60.029419
1235.467529	-60.435665
1236.813354	-60.312439
1238.159180	-60.934914
1239.505005	-59.545238
1240.850830	-60.994453
1242.196655	-60.522125
1243.542480	-60.154846
1244.888306	-57.959782
1246.234131	-60.825047
1247.579956	-60.000355
1248.925781	-60.993317
1250.271606	-61.330582
1251.617432	-59.753746
1252.963257	-59.525517
1254.309082	-60.752651
1255.654907	-60.683346
1257.000732	-60.359589
1258.346558	-59.615623
1259.692383	-59.912212
1261.038208	-58.652710
1262.384033	-57.786491
1263.729858	-59.129406
1265.075684	-59.298847
1266.421509	-58.802906
1267.767334	-58.506767
1269.113159	-57.644379
1270.458984	-58.245945
1271.804810	-58.101788
1273.150635	-58.128830
1274.496460	-59.006573
1275.842285	-59.159546
1277.188110	-57.971413
1278.533936	-57.513783
1279.879761	-59.336807
1281.225586	-57.350666
1282.571411	-56.774761
1283.917236	-58.281734
1285.263062	-57.362446
1286.608887	-57.030617
1287.954712	-56.968277
1289.300537	-56.120209
1290.646362	-56.319733
1291.992188	-56.037663
1293.338013	-56.722477
1294.683838	-57.261219
1296.029663	-56.521317
1297.375488	-55.827782
1298.721313	-54.899803
1300.067139	-54.282417
1301.412964	-55.508728
1302.758789	-55.017506
1304.104614	-54.235058
1305.450439	-53.893757
1306.796265	-54.735886
1308.142090	-53.800968
1309.487915	-51.157013
1310.833740	-53.787563
1312.179565	-52.576828
1313.525391	-51.123802
1314.871216	-52.468605
1316.217041	-51.810829
1317.562866	-50.610542
1318.908691	-50.313061
1320.254517	-49.388489
1321.600342	-49.620663
1322.946167	-49.196571
1324.291992	-50.067326
1325.637817	-48.163784
1326.983643	-48.569637
1328.329468	-48.224586
1329.675293	-48.630650
1331.021118	-47.597824
1332.366943	-45.134113
1333.712769	-45.577423
1335.058594	-44.668491
1336.404419	-45.070915
1337.750244	-44.972401
1339.096069	-44.982212
1340.441895	-42.963707
1341.787720	-42.404232
1343.133545	-44.362858
1344.479370	-44.105217
1345.825195	-43.460659
1347.171021	-45.195488
1348.516846	-45.193829
1349.862671	-45.369835
1351.208496	-46.081291
1352.554321	-47.880329
1353.900146	-46.737080
1355.245972	-48.271755
1356.591797	-49.261734
1357.937622	-49.107807
1359.283447	-49.623524
1360.629272	-48.892086
1361.975098	-49.927448
1363.320923	-51.107677
1364.666748	-51.102974
1366.012573	-51.230778
1367.358398	-51.509579
1368.704224	-51.871628
1370.050049	-51.421482
1371.395874	-51.365917
1372.741699	-52.421543
1374.087524	-52.467587
1375.433350	-53.249577
1376.779175	-53.883293
1378.125000	-53.781921
1379.470825	-54.224308
1380.816650	-55.848896
1382.162476	-53.621586
1383.508301	-54.551735
1384.854126	-53.948532
1386.199951	-55.220486
1387.545776	-54.645260
1388.891602	-54.430477
1390.237427	-55.858040
1391.583252	-56.966869
1392.929077	-56.252487
1394.274902	-56.587605
1395.620728	-54.780922
1396.966553	-57.796928
1398.312378	-56.207588
1399.658203	-57.740543
1401.004028	-56.931644
1402.349854	-55.885174
1403.695679	-57.142273
1405.041504	-57.453781
1406.387329	-57.383583
1407.733154	-57.747108
1409.078979	-57.228142
1410.424805	-56.885544
1411.770630	-58.154964
1413.116455	-57.148041
1414.462280	-57.493954
1415.808105	-57.072983
1417.153931	-57.635189
1418.499756	-58.372299
1419.845581	-57.049915
1421.191406	-57.338531
1422.537231	-59.523487
1423.883057	-58.909935
1425.228882	-58.117352
1426.574707	-59.134373
1427.920532	-59.219482
1429.266357	-59.032330
1430.612183	-57.660172
1431.958008	-56.924168
1433.303833	-58.651527
1434.649658	-58.959846
1435.995483	-60.120838
1437.341309	-59.315525
1438.687134	-58.304707
1440.032959	-58.377514
1441.378784	-57.999325
1442.724609	-58.322407
1444.070435	-58.329521
1445.416260	-57.978573
1446.762085	-58.384598
1448.107910	-59.349079
1449.453735	-58.493999
1450.799561	-58.599571
1452.145386	-58.760910
1453.491211	-58.365803
1454.837036	-58.977295
1456.182861	-58.936844
1457.528687	-58.180580
1458.874512	-59.836414
1460.220337	-59.647175
1461.566162	-59.143345
1462.911987	-58.610886
1464.257812	-57.501801
1465.603638	-57.657402
1466.949463	-59.547085
1468.295288	-57.220409
1469.641113	-57.219505
1470.986938	-57.397324
1472.332764	-58.950089
1473.678589	-59.026951
1475.024414	-56.740456
1476.370239	-57.387993
1477.716064	-57.736771
1479.061890	-56.972382
1480.407715	-57.799747
1481.753540	-58.788090
1483.099365	-57.889889
1484.445190	-57.393463
1485.791016	-58.203442
1487.136841	-56.780327
1488.482666	-56.340336
1489.828491	-57.491673
1491.174316	-56.748489
1492.520142	-56.758923
1493.865967	-55.162205
1495.211792	-55.809219
1496.557617	-57.025463
1497.903442	-57.535950
1499.249268	-55.859905
1500.595093	-56.688442
1501.940918	-57.102028
1503.286743	-55.691879
1504.632568	-57.139183
1505.978394	-56.424114
1507.324219	-55.418850
1508.670044	-55.325886
1510.015869	-54.159508
1511.361694	-54.294003
1512.707520	-54.098030
1514.053345	-54.043812
1515.399170	-53.635891
1516.744995	-55.021229
1518.090820	-53.904968
1519.436646	-52.926842
1520.782471	-52.825840
1522.128296	-52.636551
1523.474121	-52.392609
1524.819946	-53.471367
1526.165771	-53.492184
1527.511597	-52.003723
1528.857422	-51.969311
1530.203247	-51.549370
1531.549072	-50.902035
1532.894897	-50.536186
1534.240723	-50.256550
1535.586548	-48.889393
1536.932373	-49.222733
1538.278198	-49.694016
1539.624023	-49.433247
1540.969849	-48.956505
1542.315674	-47.141037
1543.661499	-48.680805
1545.007324	-48.581478
1546.353149	-47.846954
1547.698975	-45.333878
1549.044800	-46.221657
1550.390625	-46.183895
1551.736450	-44.777138
1553.082275	-43.781952
1554.428101	-43.064716
1555.773926	-43.692581
1557.119751	-42.303020
1558.465576	-41.775402
1559.811401	-42.826889
1561.157227	-42.045849
1562.503052	-42.004932
1563.848877	-41.360641
1565.194702	-41.070305
1566.540527	-42.506065
1567.886353	-43.056759
1569.232178	-42.987633
1570.578003	-43.882160
1571.923828	-44.648983
1573.269653	-44.354900
1574.615479	-44.534611
1575.961304	-46.544281
1577.307129	-46.733265
1578.652954	-43.937256
1579.998779	-47.530075
1581.344604	-48.685436
1582.690430	-46.740471
1584.036255	-46.062420
1585.382080	-48.809494
1586.727905	-49.696495
1588.073730	-48.960533
1589.419556	-49.357071
1590.765381	-50.015205
1592.111206	-51.426350
1593.457031	-52.214954
1594.802856	-50.218380
1596.148682	-51.027809
1597.494507	-53.633816
1598.840332	-52.212334
1600.186157	-52.087555
1601.531982	-52.281315
1602.877808	-52.144623
1604.223633	-51.665718
1605.569458	-52.862244
1606.915283	-52.466064
1608.261108	-52.688339
1609.606934	-53.179840
1610.952759	-53.401230
1612.298584	-53.017368
1613.644409	-53.721802
1614.990234	-53.041756
1616.336060	-54.684681
1617.681885	-55.881462
1619.027710	-56.359207
1620.373535	-54.776047
1621.719360	-54.040413
1623.065186	-54.458061
1624.411011	-56.794159
1625.756836	-55.345222
1627.102661	-56.086895
1628.448486	-55.233807
1629.794312	-54.995792
1631.140137	-55.256046
1632.485962	-56.043030
1633.831787	-54.849674
1635.177612	-56.651615
1636.523438	-54.542225
1637.869263	-54.868607
1639.215088	-56.606560
1640.560913	-56.204670
1641.906738	-56.333385
1643.252563	-56.251419
1644.598389	-56.179676
1645.944214	-56.834328
1647.290039	-57.471615
1648.635864	-57.226749
1649.981689	-55.862831
1651.327515	-55.546497
1652.673340	-55.757515
1654.019165	-55.702560
1655.364990	-56.875309
1656.710815	-56.152493
1658.056641	-57.591537
1659.402466	-56.190628
1660.748291	-57.739613
1662.094116	-57.238060
1663.439941	-55.651936
1664.785767	-57.986950
1666.131592	-56.773441
1667.477417	-56.262798
1668.823242	-56.090408
1670.169067	-55.321060
1671.514893	-56.443340
1672.860718	-56.238644
1674.206543	-55.213062
1675.552368	-56.520947
1676.898193	-55.876938
1678.244019	-55.596478
1679.589844	-55.556900
1680.935669	-55.804874
1682.281494	-57.776211
1683.627319	-55.721325
1684.973145	-57.756763
1686.318970	-56.679512
1687.664795	-56.446861
1689.010620	-56.212139
1690.356445	-55.679264
1691.702271	-56.864555
1693.048096	-55.586281
1694.393921	-56.228016
1695.739746	-55.960007
1697.085571	-55.971649
1698.431396	-56.184200
1699.777222	-54.905918
1701.123047	-57.171631
1702.468872	-55.812336
1703.814697	-55.315170
1705.160522	-56.414780
1706.506348	-54.524906
1707.852173	-54.012573
1709.197998	-55.031666
1710.543823	-54.544842
1711.889648	-55.934700
1713.235474	-54.797035
1714.581299	-54.982452
1715.927124	-54.722240
1717.272949	-52.752426
1718.618774	-54.443092
1719.964600	-52.820683
1721.310425	-54.347748
1722.656250	-55.094307
1724.002075	-54.523842
1725.347900	-52.712566
1726.693726	-53.943726
1728.039551	-53.507931
1729.385376	-52.393566
1730.731201	-51.564476
1732.077026	-52.439400
1733.422852	-52.286224
1734.768677	-52.518974
1736.114502	-51.633446
1737.460327	-52.101917
1738.806152	-52.700996
1740.151978	-52.267567
1741.497803	-52.061394
1742.843628	-51.929268
1744.189453	-49.784050
1745.535278	-51.126648
1746.881104	-49.784916
1748.226929	-49.433201
1749.572754	-50.166271
1750.918579	-49.352955
1752.264404	-49.475903
1753.610229	-49.044197
1754.956055	-48.016159
1756.301880	-48.774055
1757.647705	-49.315899
1758.993530	-48.628605
1760.339355	-46.891827
1761.685181	-45.575554
1763.031006	-47.907124
1764.376831	-45.977592
1765.722656	-44.499977
1767.068481	-43.505779
1768.414307	-45.313442
1769.760132	-44.371937
1771.105957	-43.613083
1772.451782	-43.020462
1773.797607	-42.156315
1775.143433	-41.782890
1776.489258	-41.760017
1777.835083	-41.083363
1779.180908	-39.687027
1780.526733	-39.745453
1781.872559	-40.800400
1783.218384	-40.028065
1784.564209	-40.948147
1785.910034	-39.357697
1787.255859	-40.010426
1788.601685	-40.283352
1789.947510	-40.694180
1791.293335	-41.613007
1792.639160	-41.564072
1793.984985	-41.597946
1795.330811	-44.032112
1796.676636	-42.651695
1798.022461	-44.221928
1799.368286	-43.944073
1800.714111	-45.491108
1802.059937	-44.794552
1803.405762	-44.223808
1804.751587	-45.382217
1806.097412	-46.274826
1807.443237	-46.351398
1808.789062	-46.068192
1810.134888	-48.113678
1811.480713	-46.993412
1812.826538	-46.343525
1814.172363	-46.812401
1815.518188	-47.379707
1816.864014	-47.227219
1818.209839	-49.193943
1819.555664	-50.934242
1820.901489	-48.625938
1822.247314	-48.252392
1823.593140	-48.839298
1824.938965	-49.936348
1826.284790	-51.287868
1827.630615	-48.866745
1828.976440	-49.537327
1830.322266	-51.473373
1831.668091	-51.352367
1833.013916	-51.606682
1834.359741	-53.214787
1835.705566	-51.331882
1837.051392	-51.799919
1838.397217	-52.057247
1839.743042	-52.465473
1841.088867	-51.560345
1842.434692	-53.097698
1843.780518	-51.811359
1845.126343	-53.839558
1846.472168	-51.554966
1847.817993	-52.939400
1849.163818	-52.889698
1850.509644	-52.642933
1851.855469	-54.688763
1853.201294	-54.329342
1854.547119	-53.887402
1855.892944	-53.212654
1857.238770	-53.724262
1858.584595	-53.264591
1859.930420	-52.475525
1861.276245	-54.131237
1862.622070	-54.335571
1863.967896	-53.050709
1865.313721	-55.037193
1866.659546	-53.084305
1868.005371	-53.090858
1869.351196	-53.610073
1870.697021	-56.083847
1872.042847	-53.575523
1873.388672	-53.330250
1874.734497	-54.476337
1876.080322	-54.757992
1877.426147	-54.154984
1878.771973	-55.481606
1880.117798	-53.787502
1881.463623	-54.846687
1882.809448	-55.018803
1884.155273	-54.856823
1885.501099	-55.203766
1886.846924	-53.749859
1888.192749	-54.178268
1889.538574	-53.876953
1890.884399	-54.525803
1892.230225	-54.310371
1893.576050	-55.626736
1894.921875	-53.704617
1896.267700	-54.564095
1897.613525	-54.041920
1898.959351	-54.589542
1900.305176	-55.318424
1901.651001	-55.339844
1902.996826	-56.048679
1904.342651	-53.708305
1905.688477	-53.884171
1907.034302	-53.954643
1908.380127	-55.319977
1909.725952	-53.290524
1911.071777	-53.337601
1912.417603	-52.637005
1913.763428	-53.506187
1915.109253	-54.715321
1916.455078	-54.546646
1917.800903	-54.058346
1919.146729	-54.674110
1920.492554	-52.644936
1921.838379	-53.144611
1923.184204	-52.121510
1924.530029	-53.539318
1925.875854	-52.958221
1927.221680	-52.202690
1928.567505	-53.059982
1929.913330	-53.111778
1931.259155	-52.777561
1932.604980	-51.864243
1933.950806	-51.855030
1935.296631	-53.043148
1936.642456	-52.643616
1937.988281	-51.928024
1939.334106	-52.419285
1940.679932	-52.639297
1942.025757	-51.400608
1943.371582	-52.416615
1944.717407	-50.962276
1946.063232	-50.554043
1947.409058	-51.208096
1948.754883	-50.778301
1950.100708	-52.049641
1951.446533	-50.368462
1952.792358	-51.004402
1954.138184	-51.047714
1955.484009	-51.779148
1956.829834	-51.419422
1958.175659	-50.498703
1959.521484	-50.003510
1960.867310	-49.136253
1962.213135	-49.267487
1963.558960	-48.830456
1964.904785	-48.652905
1966.250610	-49.126915
1967.596436	-49.128033
1968.942261	-47.689346
1970.288086	-48.374500
1971.633911	-48.512794
1972.979736	-48.317825
1974.325562	-46.358505
1975.671387	-46.581379
1977.017212	-48.015438
1978.363037	-46.358280
1979.708862	-46.653797
1981.054688	-46.407356
1982.400513	-44.135662
1983.746338	-45.658382
1985.092163	-45.809006
1986.437988	-44.269703
1987.783813	-43.680130
1989.129639	-42.604778
1990.475464	-41.564384
1991.821289	-41.887146
1993.167114	-41.154442
1994.512939	-40.159435
1995.858765	-40.683914
1997.204590	-41.487064
1998.550415	-40.915878
1999.896240	-38.291180
2001.242065	-38.739872
2002.587891	-37.400642
2003.933716	-37.700771
2005.279541	-38.792583
2006.625366	-36.928116
2007.971191	-38.074665
2009.317017	-37.287151
2010.662842	-37.874966
2012.008667	-39.239677
2013.354492	-39.756054
2014.700317	-39.699387
2016.046143	-39.833900
2017.391968	-40.131348
2018.737793	-40.078373
2020.083618	-41.650211
2021.429443	-41.929008
2022.775269	-40.675941
2024.121094	-42.101315
2025.466919	-43.624962
2026.812744	-42.976410
2028.158569	-43.297276
2029.504395	-44.302345
2030.850220	-43.653030
2032.196045	-44.364422
2033.541870	-46.357521
2034.887695	-45.255253
2036.233521	-46.279358
2037.579346	-47.136864
2038.925171	-46.652027
2040.270996	-47.101768
2041.616821	-47.245457
2042.962646	-46.803921
2044.308472	-48.253887
2045.654297	-49.732533
2047.000122	-49.347645
2048.345947	-49.306355
2049.691772	-48.948040
2051.037598	-47.496521
2052.383423	-49.274696
2053.729248	-49.674149
2055.075073	-49.505684
2056.420898	-48.999756
2057.766724	-50.119183
2059.112549	-47.670448
2060.458374	-49.814583
2061.804199	-48.941719
2063.150024	-49.992867
2064.495850	-50.732613
2065.841675	-50.506126
2067.187500	-49.041611
2068.533325	-50.737198
2069.879150	-51.888786
2071.224976	-48.970669
2072.570801	-49.973560
2073.916626	-51.034874
2075.262451	-51.268799
2076.608276	-49.894741
2077.954102	-50.925076
2079.299927	-50.526348
2080.645752	-50.378712
2081.991577	-50.947544
2083.337402	-50.620277
2084.683228	-50.620071
2086.029053	-49.512775
2087.374878	-52.172867
2088.720703	-53.557804
2090.066528	-51.276222
2091.412354	-52.639416
2092.758179	-52.385403
2094.104004	-52.264011
2095.449829	-52.203056
2096.795654	-52.373081
2098.141479	-52.737930
2099.487305	-51.922890
2100.833130	-52.080322
2102.178955	-52.345768
2103.524780	-52.418869
2104.870605	-51.560448
2106.216431	-52.041950
2107.562256	-51.624035
2108.908081	-51.073460
2110.253906	-52.522041
2111.599731	-51.201340
2112.945557	-52.459827
2114.291382	-52.648201
2115.637207	-51.693848
2116.983032	-52.536228
2118.328857	-51.971989
2119.674683	-51.983124
2121.020508	-52.508820
2122.366333	-51.479782
2123.712158	-52.391567
2125.057983	-52.152912
2126.403809	-51.816689
2127.749634	-51.421455
2129.095459	-51.737370
2130.441284	-52.989479
2131.787109	-53.195339
2133.132935	-51.538666
2134.478760	-50.827030
2135.824585	-50.278828
2137.170410	-50.665737
2138.516235	-50.450199
2139.862061	-51.698215
2141.207886	-50.962326
2142.553711	-49.288906
2143.899536	-50.313225
2145.245361	-50.122570
2146.591187	-50.019646
2147.937012	-51.267334
2149.282837	-51.117191
2150.628662	-49.735386
2151.974487	-51.833309
2153.320312	-51.124500
2154.666138	-51.552101
2156.011963	-50.581276
2157.357788	-49.673363
2158.703613	-51.194016
2160.049438	-49.787319
2161.395264	-49.180191
2162.741089	-49.783283
2164.086914	-48.324039
2165.432739	-48.646778
2166.778564	-48.978134
2168.124390	-48.054794
2169.470215	-49.773510
2170.816040	-49.582970
2172.161865	-48.305401
2173.507690	-49.190434
2174.853516	-47.545639
2176.199341	-48.229019
2177.545166	-48.991776
2178.890991	-46.934975
2180.236816	-47.448505
2181.582642	-47.118240
2182.928467	-46.667835
2184.274292	-49.747478
2185.620117	-46.566113
2186.965942	-45.099911
2188.311768	-45.582230
2189.657593	-45.147682
2191.003418	-46.525959
2192.349243	-45.971867
2193.695068	-44.735077
2195.040894	-44.069683
2196.386719	-44.906712
2197.732544	-46.621975
2199.078369	-46.065819
2200.424194	-44.147404
2201.770020	-43.672478
2203.115845	-43.318893
2204.461670	-42.852436
2205.807495	-42.192314
2207.153320	-42.118038
2208.499146	-44.238373
2209.844971	-41.268154
2211.190796	-40.716866
2212.536621	-39.263355
2213.882446	-39.787895
2215.228271	-40.833073
2216.574097	-40.841930
2217.919922	-38.683968
2219.265747	-38.845383
2220.611572	-38.163124
2221.957397	-35.987736
2223.303223	-36.539021
2224.649048	-36.683750
2225.994873	-37.691326
2227.340698	-36.692173
2228.686523	-36.858757
2230.032349	-35.751091
2231.378174	-36.706924
2232.723999	-36.346546
2234.069824	-35.094547
2235.415649	-37.679600
2236.761475	-37.888988
2238.107300	-38.948021
2239.453125	-38.678871
2240.798950	-37.734051
2242.144775	-39.040241
2243.490601	-38.314171
2244.836426	-40.324390
2246.182251	-39.221245
2247.528076	-40.077419
2248.873901	-39.884144
2250.219727	-40.374931
2251.565552	-42.441429
2252.911377	-42.228844
2254.257202	-41.627483
2255.603027	-41.986408
2256.948853	-42.951275
2258.294678	-41.972858
2259.640503	-42.464287
2260.986328	-42.059093
2262.332153	-44.264759
2263.677979	-43.950558
2265.023804	-43.020084
2266.369629	-44.287773
2267.715454	-44.609303
2269.061279	-44.294537
2270.407104	-44.806271
2271.752930	-44.517178
2273.098755	-45.404980
2274.444580	-46.197395
2275.790405	-46.290874
2277.136230	-46.213959
2278.482056	-45.524750
2279.827881	-46.636765
2281.173706	-46.264027
2282.519531	-47.394478
2283.865356	-47.080219
2285.211182	-46.866108
2286.557007	-46.908379
2287.902832	-47.681576
2289.248657	-47.818695
2290.594482	-48.289413
2291.940308	-49.024876
2293.286133	-48.894440
2294.631958	-47.398335
2295.977783	-48.093987
2297.323608	-48.255608
2298.669434	-47.151817
2300.015259	-48.400448
2301.361084	-48.729202
2302.706909	-49.015816
2304.052734	-49.441940
2305.398560	-49.109333
2306.744385	-47.538582
2308.090210	-49.373844
2309.436035	-47.475346
2310.781860	-48.865295
2312.127686	-48.457813
2313.473511	-49.498524
2314.819336	-49.798962
2316.165161	-48.469223
2317.510986	-48.210941
2318.856812	-48.843060
2320.202637	-49.054413
2321.548462	-51.345181
2322.894287	-50.053646
2324.240112	-49.285645
2325.585938	-48.192112
2326.931763	-48.197102
2328.277588	-48.833607
2329.623413	-49.314960
2330.969238	-51.168247
2332.315063	-49.064926
2333.660889	-50.752895
2335.006714	-49.951481
2336.352539	-49.873116
2337.698364	-49.126606
2339.044189	-47.392570
2340.390015	-49.594833
2341.735840	-49.689857
2343.081665	-49.585594
2344.427490	-50.477074
2345.773315	-49.485622
2347.119141	-48.717007
2348.464966	-49.698109
2349.810791	-49.897213
2351.156616	-48.001976
2352.502441	-49.161091
2353.848267	-49.382687
2355.194092	-47.908539
2356.539917	-49.148876
2357.885742	-48.080654
2359.231567	-51.057499
2360.577393	-49.476181
2361.923218	-47.852718
2363.269043	-48.538391
2364.614868	-48.642738
2365.960693	-50.402119
2367.306519	-47.986893
2368.652344	-48.445629
2369.998169	-48.279278
2371.343994	-48.158947
2372.689819	-47.809616
2374.035645	-48.863918
2375.381470	-48.521420
2376.727295	-47.454914
2378.073120	-47.356735
2379.418945	-46.793568
2380.764771	-46.802982
2382.110596	-47.805038
2383.456421	-46.416222
2384.802246	-46.248829
2386.148071	-46.885010
2387.493896	-46.800358
2388.839722	-47.870152
2390.185547	-47.041027
2391.531372	-46.620090
2392.877197	-47.604771
2394.223022	-46.664959
2395.568848	-46.296669
2396.914673	-47.072754
2398.260498	-47.250729
2399.606323	-45.156246
2400.952148	-44.448475
2402.297974	-45.441994
2403.643799	-44.752056
2404.989624	-45.092602
2406.335449	-44.289890
2407.681274	-43.719570
2409.027100	-46.161377
2410.372925	-44.306091
2411.718750	-43.400593
2413.064575	-42.892761
2414.410400	-42.311310
2415.756226	-42.901817
2417.102051	-42.707291
2418.447876	-41.784672
2419.793701	-42.900494
2421.139526	-40.947109
2422.485352	-40.215714
2423.831177	-40.742973
2425.177002	-40.355690
2426.522827	-41.758968
2427.868652	-40.972443
2429.214478	-38.941570
2430.560303	-39.342308
2431.906128	-39.603069
2433.251953	-39.036194
2434.597778	-37.219681
2435.943604	-38.527023
2437.289429	-37.604939
2438.635254	-38.591194
2439.981079	-37.667095
2441.326904	-37.035702
2442.672729	-36.636578
2444.018555	-36.994377
2445.364380	-35.341503
2446.710205	-34.540619
2448.056030	-34.075329
2449.401855	-34.975883
2450.747681	-33.451630
2452.093506	-33.939365
2453.439331	-34.375771
2454.785156	-35.212517
2456.130981	-33.767773
2457.476807	-34.565884
2458.822632	-32.938168
2460.168457	-35.474030
2461.514282	-38.056938
2462.860107	-35.653385
2464.205933	-35.573456
2465.551758	-36.665741
2466.897583	-38.354858
2468.243408	-38.757412
2469.589233	-38.136974
2470.935059	-39.152542
2472.280884	-37.226242
2473.626709	-39.187946
2474.972534	-39.232491
2476.318359	-39.070927
2477.664185	-39.224480
2479.010010	-41.111156
2480.355835	-40.151741
2481.701660	-40.303646
2483.047485	-41.385025
2484.393311	-40.809391
2485.739136	-40.584095
2487.084961	-41.855019
2488.430786	-41.908817
2489.776611	-44.214329
2491.122437	-42.746853
2492.468262	-42.201836
2493.814087	-42.985321
2495.159912	-45.125866
2496.505737	-43.856201
2497.851562	-43.624241
2499.197388	-43.719444
2500.543213	-43.919006
2501.889038	-44.627216
2503.234863	-44.228142
2504.580688	-44.981575
2505.926514	-45.635132
2507.272339	-43.939686
2508.618164	-43.690434
2509.963989	-44.946575
2511.309814	-45.243412
2512.655640	-45.659580
2514.001465	-44.599083
2515.347290	-45.038887
2516.693115	-45.450199
2518.038940	-44.147705
2519.384766	-45.295319
2520.730591	-45.054935
2522.076416	-45.224148
2523.422241	-46.647343
2524.768066	-45.640747
2526.113892	-46.437580
2527.459717	-46.404388
2528.805542	-46.503357
2530.151367	-46.295490
2531.497192	-46.590622
2532.843018	-44.762215
2534.188843	-46.768024
2535.534668	-45.789383
2536.880493	-46.939960
2538.226318	-46.681450
2539.572144	-47.341263
2540.917969	-47.862747
2542.263794	-45.573421
2543.609619	-48.216476
2544.955444	-48.177986
2546.301270	-48.940994
2547.647095	-45.590309
2548.992920	-46.398617
2550.338745	-47.043293
2551.684570	-48.204575
2553.030396	-48.330971
2554.376221	-46.430016
2555.722046	-47.209824
2557.067871	-48.923534
2558.413696	-46.273464
2559.759521	-47.508049
2561.105347	-48.349102
2562.451172	-46.719776
2563.796997	-47.916229
2565.142822	-46.590374
2566.488647	-48.000984
2567.834473	-47.988750
2569.180298	-47.621639
2570.526123	-47.088654
2571.871948	-47.698128
2573.217773	-46.969162
2574.563599	-46.866226
2575.909424	-46.592617
2577.255249	-45.444012
2578.601074	-47.140774
2579.946899	-45.937302
2581.292725	-47.735394
2582.638550	-46.322617
2583.984375	-46.053398
2585.330200	-44.950565
2586.676025	-46.281696
2588.021851	-46.291389
2589.367676	-46.988232
2590.713501	-45.976181
2592.059326	-44.601803
2593.405151	-45.176632
2594.750977	-46.392960
2596.096802	-45.478252
2597.442627	-46.304214
2598.788452	-45.954178
2600.134277	-46.217445
2601.480103	-46.894398
2602.825928	-45.653111
2604.171753	-45.003784
2605.517578	-44.213577
2606.863403	-45.417297
2608.209229	-46.264736
2609.555054	-44.697681
2610.900879	-44.012497
2612.246704	-46.823391
2613.592529	-45.593681
2614.938354	-44.345501
2616.284180	-42.837143
2617.630005	-43.078960
2618.975830	-43.352318
2620.321655	-43.045685
2621.667480	-42.841267
2623.013306	-42.833130
2624.359131	-41.687084
2625.704956	-43.208252
2627.050781	-41.920044
2628.396606	-41.880859
2629.742432	-42.684483
2631.088257	-43.157871
2632.434082	-43.799370
2633.779907	-41.235348
2635.125732	-40.491020
2636.471558	-41.093124
2637.817383	-40.903496
2639.163208	-39.929977
2640.509033	-39.903793
2641.854858	-39.870152
2643.200684	-40.518158
2644.546509	-39.817520
2645.892334	-39.773876
2647.238159	-38.556759
2648.583984	-36.731598
2649.929810	-39.355358
2651.275635	-37.895912
2652.621460	-36.457455
2653.967285	-37.087734
2655.313110	-36.075039
2656.658936	-36.454025
2658.004761	-36.402443
2659.350586	-35.173817
2660.696411	-36.409477
2662.042236	-35.068508
2663.388062	-34.716999
2664.733887	-33.338249
2666.079712	-33.080429
2667.425537	-33.169353
2668.771362	-32.601669
2670.117188	-33.545528
2671.463013	-33.287025
2672.808838	-34.006573
2674.154663	-32.321003
2675.500488	-33.455795
2676.846313	-33.443211
2678.192139	-32.513000
2679.537964	-33.209427
2680.883789	-33.694263
2682.229614	-33.656235
2683.575439	-32.753052
2684.921265	-33.600052
2686.267090	-33.648094
2687.612915	-34.066273
2688.958740	-35.006058
2690.304565	-34.291801
2691.650391	-35.402241
2692.996216	-35.440830
2694.342041	-37.682003
2695.687866	-35.687199
2697.033691	-36.658573
2698.379517	-38.785667
2699.725342	-37.458179
2701.071167	-37.744606
2702.416992	-37.764252
2703.762817	-37.863335
2705.108643	-38.272713
2706.454468	-37.903858
2707.800293	-39.348991
2709.146118	-38.291645
2710.491943	-39.784615
2711.837769	-40.663128
2713.183594	-39.918205
2714.529419	-39.896416
2715.875244	-40.446404
2717.221069	-40.434200
2718.566895	-40.549656
2719.912720	-41.942982
2721.258545	-41.561863
2722.604370	-41.419571
2723.950195	-42.862480
2725.296021	-42.173149
2726.641846	-43.078876
2727.987671	-43.133762
2729.333496	-43.209873
2730.679321	-42.726852
2732.025146	-41.552570
2733.370972	-42.516582
2734.716797	-42.979530
2736.062622	-43.285370
2737.408447	-42.236176
2738.754272	-43.846252
2740.100098	-42.633690
2741.445923	-42.953690
2742.791748	-44.955257
2744.137573	-42.460484
2745.483398	-42.912189
2746.829224	-42.462421
2748.175049	-44.194473
2749.520874	-45.476379
2750.866699	-44.911770
2752.212524	-44.513069
2753.558350	-45.000240
2754.904175	-44.604729
2756.250000	-44.380684
2757.595825	-45.097878
2758.941650	-45.080498
2760.287476	-45.376427
2761.633301	-43.543526
2762.979126	-44.375648
2764.324951	-43.230709
2765.670776	-43.434460
2767.016602	-45.799854
2768.362427	-45.877693
2769.708252	-43.881920
2771.054077	-43.354744
2772.399902	-45.179893
2773.745728	-45.299213
2775.091553	-44.897942
2776.437378	-43.275822
2777.783203	-45.376518
2779.129028	-45.248714
2780.474854	-44.537754
2781.820679	-45.005398
2783.166504	-44.275997
2784.512329	-44.290653
2785.858154	-45.576206
2787.203979	-45.120583
2788.549805	-44.800213
2789.895630	-43.959457
2791.241455	-44.764252
2792.587280	-44.060753
2793.933105	-43.161907
2795.278931	-42.890057
2796.624756	-43.526058
2797.970581	-44.179592
2799.316406	-43.977501
2800.662231	-43.822983
2802.008057	-43.014393
2803.353882	-43.484386
2804.699707	-43.802471
2806.045532	-43.444447
2807.391357	-43.573765
2808.737183	-44.861050
2810.083008	-44.710098
2811.428833	-43.376667
2812.774658	-43.706326
2814.120483	-45.208385
2815.466309	-44.110844
2816.812134	-42.780624
2818.157959	-43.594879
2819.503784	-43.711075
2820.849609	-43.271862
2822.195435	-43.127880
2823.541260	-42.120590
2824.887085	-44.568165
2826.232910	-44.398697
2827.578735	-44.326057
2828.924561	-44.329445
2830.270386	-42.920441
2831.616211	-43.060497
2832.962036	-43.837437
2834.307861	-41.376057
2835.653687	-41.429634
2836.999512	-42.152599
2838.345337	-41.325508
2839.691162	-42.583515
2841.036987	-42.360756
2842.382812	-40.712830
2843.728638	-41.872307
2845.074463	-40.437634
2846.420288	-43.695488
2847.766113	-42.208035
2849.111938	-40.547375
2850.457764	-39.715973
2851.803589	-39.768261
2853.149414	-40.089363
2854.495239	-39.685112
2855.841064	-39.433178
2857.186890	-40.743801
2858.532715	-39.429306
2859.878540	-39.403076
2861.224365	-38.544792
2862.570190	-39.708611
2863.916016	-39.317245
2865.261841	-38.390373
2866.607666	-38.591679
2867.953491	-36.359161
2869.299316	-34.625072
2870.645142	-37.406429
2871.990967	-37.107399
2873.336792	-37.787533
2874.682617	-36.626022
2876.028442	-37.281376
2877.374268	-34.580761
2878.720093	-35.361073
2880.065918	-35.627647
2881.411743	-33.213722
2882.757568	-35.570168
2884.103394	-34.323284
2885.449219	-33.926533
2886.795044	-33.282188
2888.140869	-34.740143
2889.486694	-31.702583
2890.832520	-31.121264
2892.178345	-32.640408
2893.524170	-31.726015
2894.869995	-32.632805
2896.215820	-32.430847
2897.561646	-30.933880
2898.907471	-31.260660
2900.253296	-30.978313
2901.599121	-32.147800
2902.944946	-31.467760
2904.290771	-31.989956
2905.636597	-32.935337
2906.982422	-31.853245
2908.328247	-32.787342
2909.674072	-32.413525
2911.019897	-32.327148
2912.365723	-36.066330
2913.711548	-34.833824
2915.057373	-33.468426
2916.403198	-34.143768
2917.749023	-34.157135
2919.094849	-34.620239
2920.440674	-33.958050
2921.786499	-35.722813
2923.132324	-35.594002
2924.478149	-37.122440
2925.823975	-37.845333
2927.169800	-39.109737
2928.515625	-37.668667
2929.861450	-37.614975
2931.207275	-39.245689
2932.553101	-39.394966
2933.898926	-38.620819
2935.244751	-38.976677
2936.590576	-37.672997
2937.936401	-37.648968
2939.282227	-38.801582
2940.628052	-40.543053
2941.973877	-40.497414
2943.319702	-38.272469
2944.665527	-40.587513
2946.011353	-40.028671
2947.357178	-40.902702
2948.703003	-40.899876
2950.048828	-40.910854
2951.394653	-41.860909
2952.740479	-42.329964
2954.086304	-40.943161
2955.432129	-40.265827
2956.777954	-41.642155
2958.123779	-40.585567
2959.469604	-41.177315
2960.815430	-41.124313
2962.161255	-40.928223
2963.507080	-41.108654
2964.852905	-41.856331
2966.198730	-42.442642
2967.544556	-42.394753
2968.890381	-40.302799
2970.236206	-42.032917
2971.582031	-43.299740
2972.927856	-43.490154
2974.273682	-42.269695
2975.619507	-41.590412
2976.965332	-41.905170
2978.311157	-41.427235
2979.656982	-43.263493
2981.002808	-43.177589
2982.348633	-43.686546
2983.694458	-41.886356
2985.040283	-41.580261
2986.386108	-43.710804
2987.731934	-44.122063
2989.077759	-44.909374
2990.423584	-44.638409
2991.769409	-43.989983
2993.115234	-44.597469
2994.461060	-43.475918
2995.806885	-43.710827
2997.152710	-44.551006
2998.498535	-43.321049
2999.844360	-43.018124
3001.190186	-43.134422
3002.536011	-44.285553
3003.881836	-44.702663
3005.227661	-44.847191
3006.573486	-43.214260
3007.919312	-43.899361
3009.265137	-44.326683
3010.610962	-43.464767
3011.956787	-43.154228
3013.302612	-44.612606
3014.648438	-45.207062
3015.994263	-44.476788
3017.340088	-43.787189
3018.685913	-44.866524
3020.031738	-44.845844
3021.377563	-45.565369
3022.723389	-43.469845
3024.069214	-42.692131
3025.415039	-43.283356
3026.760864	-42.568371
3028.106689	-42.545540
3029.452515	-43.969078
3030.798340	-42.648438
3032.144165	-42.777760
3033.489990	-45.346893
3034.835815	-44.036751
3036.181641	-43.059631
3037.527466	-44.765305
3038.873291	-43.236870
3040.219116	-43.135643
3041.564941	-42.321014
3042.910767	-43.152260
3044.256592	-42.921387
3045.602417	-42.603310
3046.948242	-42.668110
3048.294067	-41.008858
3049.639893	-41.636894
3050.985718	-41.019703
3052.331543	-42.341949
3053.677368	-41.576729
3055.023193	-41.590462
3056.369019	-42.545586
3057.714844	-41.326607
3059.060669	-42.058758
3060.406494	-41.170219
3061.752319	-42.003399
3063.098145	-41.252762
3064.443970	-41.968266
3065.789795	-42.101517
3067.135620	-41.094227
3068.481445	-41.453499
3069.827271	-39.830894
3071.173096	-41.590939
3072.518921	-39.505749
3073.864746	-40.426632
3075.210571	-39.511333
3076.556396	-40.403923
3077.902222	-39.077480
3079.248047	-37.789230
3080.593872	-37.493008
3081.939697	-38.095852
3083.285522	-38.179443
3084.631348	-39.530228
3085.977173	-37.980453
3087.322998	-37.991287
3088.668823	-38.580261
3090.014648	-35.958649
3091.360474	-36.145466
3092.706299	-37.160351
3094.052124	-36.351646
3095.397949	-36.554817
3096.743774	-35.620419
3098.089600	-35.330276
3099.435425	-36.666176
3100.781250	-33.764709
3102.127075	-34.967762
3103.472900	-35.650997
3104.818726	-33.360371
3106.164551	-33.924679
3107.510376	-33.860764
3108.856201	-33.251705
3110.202026	-32.224987
3111.547852	-31.923737
3112.893677	-32.827328
3114.239502	-32.494377
3115.585327	-31.373289
3116.931152	-31.671728
3118.276978	-31.818293
3119.622803	-31.659792
3120.968628	-31.623474
3122.314453	-31.819494
3123.660278	-32.185383
3125.006104	-32.115124
3126.351929	-32.076599
3127.697754	-31.051474
3129.043579	-30.914980
3130.389404	-32.152325
3131.735229	-31.590330
3133.081055	-32.165939
3134.426880	-33.179165
3135.772705	-34.202858
3137.118530	-34.331944
3138.464355	-34.621323
3139.810181	-34.240688
3141.156006	-35.034893
3142.501831	-32.959724
3143.847656	-34.559772
3145.193481	-35.269043
3146.539307	-36.072903
3147.885132	-34.346832
3149.230957	-35.189068
3150.576782	-36.374561
3151.922607	-36.650070
3153.268433	-37.509972
3154.614258	-37.292412
3155.960083	-37.329685
3157.305908	-38.439640
3158.651733	-37.197655
3159.997559	-38.189808
3161.343384	-37.764156
3162.689209	-39.062813
3164.035034	-38.368603
3165.380859	-37.892540
3166.726685	-38.927738
3168.072510	-39.070557
3169.418335	-39.550682
3170.764160	-39.354988
3172.109985	-40.333450
3173.455811	-40.517906
3174.801636	-39.251671
3176.147461	-38.807896
3177.493286	-41.369884
3178.839111	-41.187698
3180.184937	-39.674179
3181.530762	-40.718216
3182.876587	-41.892529
3184.222412	-40.176121
3185.568237	-40.584732
3186.914062	-41.954426
3188.259888	-40.759884
3189.605713	-42.812279
3190.951538	-43.134655
3192.297363	-42.506981
3193.643188	-43.190407
3194.989014	-42.388580
3196.334839	-42.210697
3197.680664	-41.718292
3199.026489	-42.559013
3200.372314	-42.069065
3201.718140	-43.206497
3203.063965	-44.107681
3204.409790	-43.289379
3205.755615	-42.849953
3207.101440	-43.405090
3208.447266	-43.191486
3209.793091	-42.425724
3211.138916	-42.809010
3212.484741	-42.978119
3213.830566	-42.579494
3215.176392	-41.626644
3216.522217	-42.094788
3217.868042	-43.518295
3219.213867	-43.713108
3220.559692	-43.887981
3221.905518	-44.419891
3223.251343	-43.858685
3224.597168	-41.836746
3225.942993	-41.191441
3227.288818	-43.944698
3228.634644	-42.430626
3229.980469	-43.928268
3231.326294	-42.633965
3232.672119	-46.095966
3234.017944	-44.274837
3235.363770	-41.441029
3236.709595	-42.554703
3238.055420	-43.272892
3239.401245	-42.785934
3240.747070	-43.562553
3242.092896	-42.820419
3243.438721	-43.208851
3244.784546	-43.670158
3246.130371	-43.845791
3247.476196	-42.687237
3248.822021	-42.545334
3250.167847	-41.830303
3251.513672	-43.639690
3252.859497	-42.140694
3254.205322	-43.632866
3255.551147	-42.784634
3256.896973	-42.501015
3258.242798	-44.721848
3259.588623	-43.201580
3260.934448	-42.607185
3262.280273	-42.282631
3263.626099	-43.419674
3264.971924	-41.619564
3266.317749	-42.638996
3267.663574	-42.253311
3269.009399	-41.253971
3270.355225	-41.759384
3271.701050	-42.450939
3273.046875	-41.737473
3274.392700	-42.010414
3275.738525	-41.670311
3277.084351	-42.616272
3278.430176	-43.158825
3279.776001	-42.326244
3281.121826	-41.869404
3282.467651	-41.572495
3283.813477	-41.445251
3285.159302	-42.625763
3286.505127	-40.596970
3287.850952	-41.338345
3289.196777	-40.386517
3290.542603	-38.852757
3291.888428	-39.794807
3293.234253	-40.741119
3294.580078	-40.695530
3295.925903	-41.056293
3297.271729	-40.301254
3298.617554	-38.493641
3299.963379	-37.890163
3301.309204	-38.314575
3302.655029	-39.271507
3304.000854	-39.465000
3305.346680	-38.345325
3306.692505	-39.319332
3308.038330	-38.856159
3309.384155	-39.486584
3310.729980	-37.717842
3312.075806	-36.661987
3313.421631	-37.931747
3314.767456	-36.605984
3316.113281	-36.909111
3317.459106	-35.653526
3318.804932	-36.691090
3320.150757	-34.557144
3321.496582	-34.875504
3322.842407	-35.653355
3324.188232	-34.248810
3325.534058	-32.851288
3326.879883	-35.683891
3328.225708	-34.673420
3329.571533	-33.847351
3330.917358	-32.951504
3332.263184	-35.224834
3333.609009	-33.207642
3334.954834	-32.371288
3336.300659	-32.602917
3337.646484	-33.346390
3338.992310	-31.570255
3340.338135	-32.856796
3341.683960	-31.809187
3343.029785	-31.663057
3344.375610	-32.545685
3345.721436	-34.007305
3347.067261	-33.866028
3348.413086	-31.574827
3349.758911	-32.501312
3351.104736	-33.633339
3352.450562	-32.401825
3353.796387	-34.132347
3355.142212	-33.316902
3356.488037	-34.802498
3357.833862	-34.058205
3359.179688	-33.433048
3360.525513	-32.395699
3361.871338	-33.686237
3363.217163	-33.636559
3364.562988	-36.757614
3365.908813	-34.584709
3367.254639	-34.410194
3368.600464	-35.802456
3369.946289	-33.623764
3371.292114	-36.351665
3372.637939	-37.051514
3373.983765	-36.556244
3375.329590	-38.393787
3376.675415	-35.942863
3378.021240	-36.948246
3379.367065	-37.560047
3380.712891	-39.525154
3382.058716	-36.877083
3383.404541	-39.093098
3384.750366	-38.091423
3386.096191	-38.952003
3387.442017	-39.737713
3388.787842	-41.424435
3390.133667	-40.442959
3391.479492	-41.279179
3392.825317	-41.009918
3394.171143	-39.835266
3395.516968	-40.117046
3396.862793	-39.817696
3398.208618	-39.531734
3399.554443	-41.654099
3400.900269	-39.488392
3402.246094	-41.916317
3403.591919	-42.613602
3404.937744	-42.379322
3406.283569	-42.088474
3407.629395	-41.710991
3408.975220	-42.588783
3410.321045	-42.352676
3411.666870	-41.447922
3413.012695	-43.383625
3414.358521	-43.151520
3415.704346	-42.728249
3417.050171	-41.118263
3418.395996	-42.367283
3419.741821	-42.612026
3421.087646	-41.847076
3422.433472	-43.287247
3423.779297	-42.948242
3425.125122	-43.579910
3426.470947	-43.310677
3427.816772	-42.049038
3429.162598	-42.486561
3430.508423	-43.097263
3431.854248	-45.313053
3433.200073	-43.521770
3434.545898	-43.779884
3435.891724	-43.485355
3437.237549	-44.751488
3438.583374	-44.894566
3439.929199	-44.161625
3441.275024	-44.160786
3442.620850	-42.696323
3443.966675	-43.506496
3445.312500	-44.781445
3446.658325	-43.712513
3448.004150	-42.541077
3449.349976	-43.512337
3450.695801	-43.668930
3452.041626	-44.149990
3453.387451	-44.193279
3454.733276	-43.682480
3456.079102	-45.815746
3457.424927	-43.196724
3458.770752	-43.278320
3460.116577	-44.512199
3461.462402	-45.116531
3462.808228	-44.564713
3464.154053	-43.919178
3465.499878	-43.460861
3466.845703	-43.658112
3468.191528	-45.192497
3469.537354	-43.946156
3470.883179	-43.429802
3472.229004	-43.532757
3473.574829	-43.035263
3474.920654	-44.512646
3476.266479	-42.804264
3477.612305	-43.341557
3478.958130	-43.291908
3480.303955	-43.719692
3481.649780	-44.414520
3482.995605	-43.086449
3484.341431	-43.658703
3485.687256	-43.803391
3487.033081	-42.873928
3488.378906	-42.076824
3489.724731	-44.073704
3491.070557	-42.969826
3492.416382	-43.962753
3493.762207	-44.353855
3495.108032	-42.482891
3496.453857	-42.477055
3497.799683	-41.457836
3499.145508	-42.155979
3500.491333	-42.801178
3501.837158	-41.934223
3503.182983	-43.407494
3504.528809	-42.346413
3505.874634	-41.737064
3507.220459	-40.901680
3508.566284	-42.141403
3509.912109	-41.148312
3511.257935	-41.356853
3512.603760	-41.728191
3513.949585	-40.905888
3515.295410	-40.659515
3516.641235	-40.347748
3517.987061	-41.205627
3519.332886	-41.522911
3520.678711	-41.069584
3522.024536	-39.211182
3523.370361	-39.168530
3524.716187	-38.821877
3526.062012	-39.247456
3527.407837	-38.295387
3528.753662	-38.110199
3530.099487	-39.826000
3531.445312	-38.645363
3532.791138	-36.250637
3534.136963	-37.357338
3535.482788	-39.528530
3536.828613	-38.439663
3538.174438	-36.968102
3539.520264	-36.886379
3540.866089	-36.846870
3542.211914	-37.201279
3543.557739	-35.749790
3544.903564	-35.708729
3546.249390	-35.325008
3547.595215	-35.599560
3548.941040	-35.703671
3550.286865	-33.990532
3551.632690	-34.695698
3552.978516	-34.219776
3554.324341	-34.015434
3555.670166	-34.227718
3557.015991	-33.202209
3558.361816	-32.162914
3559.707642	-32.519848
3561.053467	-32.661156
3562.399292	-32.099133
3563.745117	-32.973186
3565.090942	-33.806202
3566.436768	-32.522770
3567.782593	-31.295715
3569.128418	-32.269489
3570.474243	-31.282484
3571.820068	-31.898123
3573.165894	-33.146572
3574.511719	-32.089672
3575.857544	-32.501068
3577.203369	-32.514030
3578.549194	-33.867527
3579.895020	-34.318531
3581.240845	-35.574402
3582.586670	-33.264477
3583.932495	-34.174782
3585.278320	-36.024567
3586.624146	-35.846626
3587.969971	-35.391880
3589.315796	-35.875153
3590.661621	-35.300182
3592.007446	-35.618198
3593.353271	-38.010777
3594.699097	-37.325264
3596.044922	-37.422550
3597.390747	-37.681515
3598.736572	-36.726711
3600.082397	-37.122086
3601.428223	-38.228905
3602.774048	-37.836685
3604.119873	-37.924404
3605.465698	-39.009811
3606.811523	-40.985218
3608.157349	-38.217533
3609.503174	-39.434177
3610.848999	-41.219658
3612.194824	-39.917519
3613.540649	-39.472408
3614.886475	-41.572712
3616.232300	-41.509781
3617.578125	-42.052101
3618.923950	-40.707680
3620.269775	-41.138206
3621.615601	-40.342361
3622.961426	-40.502415
3624.307251	-41.092449
3625.653076	-41.254200
3626.998901	-40.770817
3628.344727	-41.259224
3629.690552	-41.673206
3631.036377	-42.284981
3632.382202	-41.846283
3633.728027	-42.932201
3635.073853	-42.109806
3636.419678	-42.952637
3637.765503	-43.093380
3639.111328	-42.239571
3640.457153	-42.249973
3641.802979	-42.112736
3643.148804	-42.872406
3644.494629	-43.101303
3645.840454	-44.220585
3647.186279	-44.379318
3648.532104	-41.766911
3649.877930	-42.641022
3651.223755	-44.431919
3652.569580	-43.975292
3653.915405	-43.463737
3655.261230	-43.210762
3656.607056	-44.733196
3657.952881	-43.648571
3659.298706	-43.475735
3660.644531	-44.167789
3661.990356	-44.639229
3663.336182	-44.515984
3664.682007	-43.939198
3666.027832	-42.393669
3667.373657	-44.788967
3668.719482	-43.160336
3670.065308	-43.657818
3671.411133	-44.278545
3672.756958	-43.168724
3674.102783	-42.435501
3675.448608	-42.885269
3676.794434	-44.412079
3678.140259	-45.138290
3679.486084	-43.483650
3680.831909	-45.373051
3682.177734	-43.788757
3683.523560	-45.619305
3684.869385	-44.571266
3686.215210	-43.776711
3687.561035	-43.954502
3688.906860	-43.179810
3690.252686	-43.378445
3691.598511	-43.649452
3692.944336	-43.190723
3694.290161	-44.258842
3695.635986	-45.991669
3696.981812	-44.261650
3698.327637	-43.739887
3699.673462	-44.246372
3701.019287	-45.761917
3702.365112	-43.567726
3703.710938	-43.465202
3705.056763	-44.148594
3706.402588	-43.973751
3707.748413	-42.296696
3709.094238	-43.884361
3710.440063	-43.222424
3711.785889	-43.004761
3713.131714	-44.524681
3714.477539	-42.356998
3715.823364	-42.325249
3717.169189	-41.961109
3718.515015	-43.374748
3719.860840	-42.997246
3721.206665	-43.922012
3722.552490	-42.759857
3723.898315	-41.596928
3725.244141	-41.562935
3726.589966	-42.668987
3727.935791	-41.818279
3729.281616	-41.197182
3730.627441	-40.716396
3731.973267	-41.692989
3733.319092	-41.326031
3734.664917	-42.666080
3736.010742	-42.193348
3737.356567	-42.367359
3738.702393	-41.322971
3740.048218	-40.556080
3741.394043	-39.566681
3742.739868	-41.128700
3744.085693	-40.221233
3745.431519	-39.637821
3746.777344	-39.840694
3748.123169	-39.752972
3749.468994	-39.049057
3750.814819	-38.625053
3752.160645	-39.222034
3753.506470	-38.664349
3754.852295	-37.484081
3756.198120	-38.540306
3757.543945	-38.559216
3758.889771	-38.661636
3760.235596	-38.905537
3761.581421	-37.171314
3762.927246	-37.143147
3764.273071	-37.203484
3765.618896	-35.462738
3766.964722	-37.466869
3768.310547	-37.722458
3769.656372	-35.453232
3771.002197	-35.789989
3772.348022	-34.356579
3773.693848	-36.987293
3775.039673	-35.070232
3776.385498	-34.431011
3777.731323	-34.490646
3779.077148	-34.801250
3780.422974	-33.603966
3781.768799	-33.973019
3783.114624	-32.767643
3784.460449	-31.782780
3785.806274	-33.031624
3787.152100	-33.946922
3788.497925	-32.670898
3789.843750	-32.867546
3791.189575	-33.601624
3792.535400	-32.777153
3793.881226	-33.483627
3795.227051	-32.757549
3796.572876	-33.136086
3797.918701	-34.188515
3799.264526	-33.598064
3800.610352	-33.797516
3801.956177	-32.196331
3803.302002	-34.137775
3804.647827	-33.854847
3805.993652	-34.428154
3807.339478	-35.651352
3808.685303	-34.902779
3810.031128	-36.095757
3811.376953	-35.800537
3812.722778	-35.975216
3814.068604	-36.334080
3815.414429	-36.308033
3816.760254	-37.058479
3818.106079	-36.702965
3819.451904	-36.884007
3820.797729	-37.621834
3822.143555	-38.974586
3823.489380	-38.127743
3824.835205	-38.481457
3826.181030	-40.052822
3827.526855	-41.342331
3828.872681	-39.124710
3830.218506	-38.267418
3831.564331	-41.232735
3832.910156	-39.195690
3834.255981	-40.747295
3835.601807	-39.915829
3836.947632	-40.658104
3838.293457	-40.107407
3839.639282	-41.791904
3840.985107	-40.829853
3842.330933	-42.875427
3843.676758	-42.694656
3845.022583	-41.992836
3846.368408	-42.332310
3847.714233	-41.072983
3849.060059	-41.857758
3850.405884	-42.550762
3851.751709	-42.311493
3853.097534	-41.852100
3854.443359	-43.340748
3855.789185	-43.474220
3857.135010	-42.036423
3858.480835	-42.420330
3859.826660	-41.826466
3861.172485	-42.428791
3862.518311	-43.903446
3863.864136	-42.164936
3865.209961	-42.986561
3866.555786	-44.072628
3867.901611	-43.941696
3869.247437	-42.480682
3870.593262	-43.822006
3871.939087	-42.919918
3873.284912	-42.607403
3874.630737	-43.707409
3875.976562	-42.634010
3877.322388	-42.791458
3878.668213	-43.855774
3880.014038	-45.027744
3881.359863	-44.144119
3882.705688	-44.985142
3884.051514	-44.779057
3885.397339	-45.057121
3886.743164	-44.281216
3888.088989	-45.560600
3889.434814	-45.203922
3890.780640	-44.256870
3892.126465	-44.240002
3893.472290	-44.802200
3894.818115	-43.251072
3896.163940	-44.008720
3897.509766	-43.922096
3898.855591	-42.751972
3900.201416	-44.528526
3901.547241	-45.108646
3902.893066	-43.515938
3904.238892	-43.714260
3905.584717	-44.214458
3906.930542	-44.828266
3908.276367	-43.136814
3909.622192	-44.842209
3910.968018	-44.934944
3912.313843	-46.101398
3913.659668	-44.715820
3915.005493	-42.959785
3916.351318	-43.145058
3917.697144	-44.175945
3919.042969	-43.391968
3920.388794	-42.940628
3921.734619	-41.689392
3923.080444	-44.424858
3924.426270	-43.360508
3925.772095	-43.965111
3927.117920	-43.154415
3928.463745	-43.644531
3929.809570	-43.226021
3931.155396	-43.552807
3932.501221	-41.534683
3933.847046	-41.681255
3935.192871	-41.648220
3936.538696	-42.974411
3937.884521	-42.300102
3939.230347	-42.396286
3940.576172	-41.577652
3941.921997	-42.208519
3943.267822	-42.363129
3944.613647	-42.368847
3945.959473	-41.696796
3947.305298	-42.624130
3948.651123	-42.113174
3949.996948	-42.801632
3951.342773	-43.335052
3952.688599	-41.469639
3954.034424	-41.639072
3955.380249	-40.900337
3956.726074	-41.347145
3958.071899	-41.450207
3959.417725	-41.451160
3960.763550	-41.175003
3962.109375	-41.500145
3963.455200	-41.099342
3964.801025	-40.628849
3966.146851	-39.794518
3967.492676	-39.717560
3968.838501	-40.432018
3970.184326	-39.867355
3971.530151	-38.885036
3972.875977	-37.496082
3974.221802	-39.546196
3975.567627	-38.277782
3976.913452	-39.092739
3978.259277	-38.417583
3979.605103	-37.604443
3980.950928	-40.486156
3982.296753	-38.285019
3983.642578	-37.958488
3984.988403	-37.951679
3986.334229	-35.691368
3987.680054	-36.187660
3989.025879	-36.358986
3990.371704	-36.099155
3991.717529	-37.104393
3993.063354	-34.635113
3994.409180	-35.906925
3995.755005	-34.706806
3997.100830	-35.026405
3998.446655	-33.412857
3999.792480	-35.366653
4001.138306	-34.486603
4002.484131	-34.273067
4003.829956	-33.479485
4005.175781	-33.454582
4006.521606	-32.596027
4007.867432	-31.365320
4009.213257	-33.148029
4010.559082	-33.809143
4011.904907	-33.298492
4013.250732	-34.206619
4014.596558	-33.884300
4015.942383	-33.810673
4017.288208	-33.484692
4018.634033	-33.756432
4019.979858	-35.027885
4021.325684	-35.237228
4022.671509	-35.324600
4024.017334	-36.130341
4025.363159	-35.315384
4026.708984	-35.726288
4028.054810	-36.343388
4029.400635	-37.606773
4030.746460	-37.881073
4032.092285	-36.144329
4033.438110	-36.095203
4034.783936	-38.230415
4036.129761	-37.135143
4037.475586	-37.982491
4038.821411	-38.446884
4040.167236	-36.743011
4041.513062	-38.393711
4042.858887	-39.688686
4044.204712	-38.007313
4045.550537	-39.227467
4046.896362	-38.914883
4048.242188	-39.351242
4049.588013	-38.953934
4050.933838	-40.602600
4052.279663	-39.786396
4053.625488	-41.103573
4054.971313	-41.421062
4056.317139	-40.479244
4057.662964	-40.874527
4059.008789	-41.525402
4060.354614	-42.197330
4061.700439	-42.213982
4063.046265	-43.437641
4064.392090	-43.434052
4065.737915	-40.867386
4067.083740	-41.501995
4068.429565	-43.394413
4069.775391	-42.403831
4071.121216	-44.099087
4072.467041	-41.453762
4073.812866	-42.080456
4075.158691	-42.231209
4076.504517	-43.564022
4077.850342	-42.365803
4079.196167	-42.866386
4080.541992	-40.967300
4081.887817	-42.588734
4083.233643	-42.065735
4084.579468	-43.751686
4085.925293	-43.428432
4087.271118	-42.461285
4088.616943	-43.547054
4089.962769	-44.000290
4091.308594	-44.158798
4092.654419	-44.352722
4094.000244	-44.253834
4095.346069	-45.063984
4096.691895	-44.149105
4098.037720	-44.262550
4099.383545	-45.107777
4100.729370	-44.515385
4102.075195	-43.395664
4103.421021	-44.428310
4104.766846	-44.593376
4106.112671	-43.622421
4107.458496	-44.579910
4108.804321	-45.793125
4110.150146	-45.289738
4111.495972	-45.978329
4112.841797	-45.074131
4114.187622	-44.659767
4115.533447	-44.109707
4116.879272	-44.127502
4118.225098	-43.902851
4119.570923	-44.953262
4120.916748	-45.257957
4122.262573	-45.263088
4123.608398	-44.300613
4124.954224	-44.116547
4126.300049	-44.218788
4127.645874	-44.121437
4128.991699	-44.961174
4130.337524	-43.282139
4131.683350	-43.649643
4133.029175	-44.180897
4134.375000	-43.798702
4135.720825	-44.739483
4137.066650	-43.805260
4138.412476	-43.900124
4139.758301	-43.638226
4141.104126	-43.159294
4142.449951	-44.104198
4143.795776	-43.576820
4145.141602	-43.461800
4146.487427	-43.380215
4147.833252	-42.884960
4149.179077	-43.630291
4150.524902	-44.863556
4151.870728	-43.884411
4153.216553	-42.613892
4154.562378	-43.047386
4155.908203	-43.488739
4157.254028	-42.383358
4158.599854	-42.604542
4159.945679	-42.474957
4161.291504	-44.203243
4162.637329	-42.569042
4163.983154	-42.225021
4165.328979	-43.370987
4166.674805	-42.510792
4168.020630	-41.761318
4169.366455	-41.769371
4170.712280	-44.023026
4172.058105	-42.764305
4173.403931	-44.004719
4174.749756	-43.771862
4176.095581	-40.518402
4177.441406	-42.049416
4178.787231	-41.763092
4180.133057	-40.770138
4181.478882	-39.460873
4182.824707	-40.393337
4184.170532	-40.903049
4185.516357	-41.604263
4186.862183	-40.334030
4188.208008	-41.126099
4189.553833	-40.488487
4190.899658	-40.570118
4192.245483	-39.850895
4193.591309	-39.323616
4194.937134	-40.302303
4196.282959	-38.750313
4197.628784	-39.760666
4198.974609	-38.381802
4200.320435	-38.247166
4201.666260	-38.607468
4203.012085	-38.276390
4204.357910	-37.897102
4205.703735	-36.113155
4207.049561	-38.069336
4208.395386	-36.771938
4209.741211	-37.281857
4211.087036	-36.793262
4212.432861	-37.482300
4213.778687	-35.870579
4215.124512	-35.651619
4216.470337	-38.226757
4217.816162	-35.577080
4219.161987	-34.885464
4220.507812	-34.238014
4221.853638	-34.534111
4223.199463	-35.022789
4224.545288	-35.177963
4225.891113	-34.935413
4227.236938	-33.408482
4228.582764	-33.702976
4229.928589	-34.813068
4231.274414	-35.010094
4232.620239	-34.912155
4233.966064	-33.151596
4235.311890	-35.366901
4236.657715	-33.906242
4238.003540	-35.422573
4239.349365	-35.058247
4240.695190	-34.174355
4242.041016	-36.635773
4243.386841	-34.880566
4244.732666	-35.909466
4246.078491	-37.405922
4247.424316	-35.705097
4248.770142	-35.834225
4250.115967	-36.626965
4251.461792	-36.519718
4252.807617	-37.668732
4254.153442	-38.484699
4255.499268	-38.033123
4256.845093	-37.932739
4258.190918	-38.805199
4259.536743	-37.626892
4260.882568	-38.691826
4262.228394	-38.011993
4263.574219	-38.326687
4264.920044	-38.798794
4266.265869	-40.093182
4267.611694	-39.903851
4268.957520	-39.852531
4270.303345	-40.126724
4271.649170	-41.486385
4272.994995	-39.640175
4274.340820	-39.228855
4275.686646	-41.102631
4277.032471	-40.979378
4278.378296	-39.532242
4279.724121	-39.414310
4281.069946	-41.989765
4282.415771	-42.728142
4283.761597	-40.122093
4285.107422	-40.613388
4286.453247	-40.841827
4287.799072	-44.410076
4289.144897	-42.278389
4290.490723	-42.307678
4291.836548	-42.106174
4293.182373	-42.952435
4294.528198	-42.377048
4295.874023	-42.015163
4297.219849	-43.943340
4298.565674	-43.202450
4299.911499	-43.182140
4301.257324	-43.207935
4302.603149	-44.237492
4303.948975	-44.340374
4305.294800	-44.297295
4306.640625	-44.813202
4307.986450	-44.115288
4309.332275	-43.241673
4310.678101	-44.422489
4312.023926	-43.078869
4313.369751	-45.523457
4314.715576	-44.736195
4316.061401	-43.332642
4317.407227	-44.213791
4318.753052	-43.920506
4320.098877	-43.561535
4321.444702	-45.179390
4322.790527	-44.733608
4324.136353	-45.208977
4325.482178	-43.958641
4326.828003	-43.742397
4328.173828	-46.298691
4329.519653	-45.259899
4330.865479	-43.447781
4332.211304	-44.967056
4333.557129	-45.793972
4334.902954	-44.639946
4336.248779	-44.179924
4337.594604	-44.331657
4338.940430	-44.781605
4340.286255	-44.373672
4341.632080	-43.842667
4342.977905	-44.968399
4344.323730	-44.138439
4345.669556	-45.627609
4347.015381	-45.446960
4348.361206	-45.509892
4349.707031	-44.478741
4351.052856	-44.075874
4352.398682	-45.185417
4353.744507	-45.366295
4355.090332	-46.270870
4356.436157	-44.768372
4357.781982	-45.010319
4359.127808	-42.803089
4360.473633	-45.016533
4361.819458	-45.130928
4363.165283	-45.867710
4364.511108	-44.793190
4365.856934	-43.964127
4367.202759	-43.148338
4368.548584	-43.220894
4369.894409	-42.728310
4371.240234	-44.546711
4372.586060	-42.372459
4373.931885	-44.225914
4375.277710	-44.606335
4376.623535	-44.555767
4377.969360	-43.513447
4379.315186	-42.750896
4380.661011	-44.582165
4382.006836	-44.031338
4383.352661	-42.900414
4384.698486	-41.973068
4386.044312	-45.402832
4387.390137	-43.348751
4388.735962	-42.528118
4390.081787	-43.231369
4391.427612	-42.414288
4392.773438	-43.216320
4394.119263	-42.226482
4395.465088	-43.181187
4396.810913	-41.958782
4398.156738	-40.493465
4399.502563	-43.296879
4400.848389	-41.812519
4402.194214	-41.888634
4403.540039	-42.757900
4404.885864	-41.306614
4406.231689	-42.390034
4407.577515	-42.083168
4408.923340	-40.916565
4410.269165	-41.005154
4411.614990	-40.846237
4412.960815	-40.529976
4414.306641	-41.074162
4415.652466	-40.463356
4416.998291	-40.758919
4418.344116	-40.661697
4419.689941	-40.505875
4421.035767	-41.902779
4422.381592	-40.209442
4423.727417	-40.582809
4425.073242	-39.396137
4426.419067	-39.401459
4427.764893	-39.431808
4429.110718	-39.739941
4430.456543	-39.001091
4431.802368	-38.493694
4433.148193	-38.307053
4434.494019	-38.820744
4435.839844	-38.196491
4437.185669	-38.808151
4438.531494	-38.338135
4439.877319	-36.869408
4441.223145	-38.378078
4442.568970	-37.472248
4443.914795	-38.288586
4445.260620	-37.523815
4446.606445	-37.209972
4447.952271	-37.137867
4449.298096	-37.184963
4450.643921	-37.823254
4451.989746	-37.262669
4453.335571	-36.670868
4454.681396	-38.377850
4456.027222	-36.814655
4457.373047	-38.834045
4458.718872	-38.288773
4460.064697	-37.399467
4461.410522	-37.199753
4462.756348	-37.822754
4464.102173	-38.121784
4465.447998	-38.149078
4466.793823	-39.113811
4468.139648	-40.237194
4469.485474	-40.853027
4470.831299	-39.317249
4472.177124	-38.717800
4473.522949	-39.872719
4474.868774	-38.520306
4476.214600	-39.611977
4477.560425	-39.771179
4478.906250	-40.243374
4480.252075	-40.236588
4481.597900	-39.353790
4482.943726	-40.810535
4484.289551	-40.218521
4485.635376	-41.643211
4486.981201	-41.549664
4488.327026	-42.213039
4489.672852	-41.933933
4491.018677	-43.395599
4492.364502	-41.607883
4493.710327	-43.148281
4495.056152	-42.857925
4496.401978	-41.785732
4497.747803	-45.032181
4499.093628	-43.949097
4500.439453	-43.413506
4501.785278	-43.166233
4503.131104	-41.702469
4504.476929	-42.944950
4505.822754	-44.424042
4507.168579	-45.129333
4508.514404	-45.750160
4509.860229	-45.118465
4511.206055	-45.703999
4512.551880	-45.099808
4513.897705	-43.905174
4515.243530	-45.361702
4516.589355	-45.506649
4517.935181	-45.375099
4519.281006	-45.613773
4520.626831	-46.720718
4521.972656	-44.922634
4523.318481	-44.981976
4524.664307	-46.357941
4526.010132	-45.412086
4527.355957	-44.907730
4528.701782	-46.735809
4530.047607	-45.470543
4531.393433	-46.202629
4532.739258	-46.136581
4534.085083	-46.037086
4535.430908	-45.982513
4536.776733	-45.744465
4538.122559	-48.204361
4539.468384	-47.785870
4540.814209	-47.145935
4542.160034	-47.630157
4543.505859	-46.738419
4544.851685	-45.721664
4546.197510	-46.085957
4547.543335	-48.606739
4548.889160	-47.179218
4550.234985	-47.300724
4551.580811	-47.942810
4552.926636	-47.138962
4554.272461	-45.844879
4555.618286	-46.981243
4556.964111	-47.008148
4558.309937	-47.379982
4559.655762	-47.289196
4561.001587	-47.074558
4562.347412	-46.368580
4563.693237	-47.384438
4565.039062	-48.141094
4566.384888	-48.325119
4567.730713	-46.554794
4569.076538	-47.122952
4570.422363	-48.054470
4571.768188	-48.615631
4573.114014	-47.591850
4574.459839	-48.463562
4575.805664	-45.783604
4577.151489	-47.157467
4578.497314	-47.389263
4579.843140	-45.767311
4581.188965	-47.359058
4582.534790	-46.642784
4583.880615	-45.736164
4585.226440	-47.119549
4586.572266	-47.791897
4587.918091	-47.292976
4589.263916	-47.085659
4590.609741	-46.499264
4591.955566	-48.441025
4593.301392	-47.621464
4594.647217	-46.774487
4595.993042	-48.730415
4597.338867	-47.223499
4598.684692	-47.096077
4600.030518	-46.300179
4601.376343	-46.571308
4602.722168	-47.088776
4604.067993	-47.240032
4605.413818	-47.509506
4606.759644	-46.170910
4608.105469	-46.837555
4609.451294	-46.481949
4610.797119	-46.598076
4612.142944	-47.139053
4613.488770	-46.162289
4614.834595	-46.681171
4616.180420	-46.965836
4617.526245	-46.691109
4618.872070	-44.695755
4620.217896	-45.848297
4621.563721	-44.977051
4622.909546	-45.365196
4624.255371	-47.159512
4625.601196	-46.971138
4626.947021	-47.438587
4628.292847	-44.804932
4629.638672	-45.098545
4630.984497	-46.032600
4632.330322	-45.045212
4633.676147	-45.160294
4635.021973	-44.891621
4636.367798	-45.443314
4637.713623	-46.104393
4639.059448	-44.966934
4640.405273	-45.638489
4641.751099	-44.814758
4643.096924	-46.165485
4644.442749	-43.876629
4645.788574	-44.682259
4647.134399	-44.106647
4648.480225	-44.753654
4649.826050	-44.558331
4651.171875	-44.460285
4652.517700	-43.762459
4653.863525	-44.017418
4655.209351	-43.357750
4656.555176	-42.183083
4657.901001	-41.795834
4659.246826	-42.119400
4660.592651	-42.085979
4661.938477	-42.377079
4663.284302	-42.676891
4664.630127	-42.282608
4665.975952	-43.091747
4667.321777	-42.870991
4668.667603	-42.666229
4670.013428	-43.250214
4671.359253	-43.105648
4672.705078	-43.679173
4674.050903	-43.193836
4675.396729	-42.525757
4676.742554	-42.652912
4678.088379	-42.523308
4679.434204	-42.834538
4680.780029	-44.826355
4682.125854	-44.588116
4683.471680	-43.764175
4684.817505	-44.932686
4686.163330	-45.689285
4687.509155	-44.320789
4688.854980	-45.594090
4690.200806	-45.341530
4691.546631	-44.405933
4692.892456	-45.864597
4694.238281	-46.339523
4695.584106	-45.546772
4696.929932	-46.120396
4698.275757	-44.948475
4699.621582	-48.310478
4700.967407	-46.729305
4702.313232	-46.018261
4703.659058	-47.917210
4705.004883	-48.315388
4706.350708	-48.475754
4707.696533	-47.420151
4709.042358	-46.123653
4710.388184	-48.767071
4711.734009	-48.283058
4713.079834	-48.957829
4714.425659	-48.285522
4715.771484	-48.126839
4717.117310	-47.797966
4718.463135	-50.052486
4719.808960	-48.303875
4721.154785	-48.600506
4722.500610	-50.630898
4723.846436	-49.843796
4725.192261	-51.174397
4726.538086	-50.846684
4727.883911	-49.610596
4729.229736	-49.259415
4730.575562	-50.806217
4731.921387	-50.458504
4733.267212	-50.144379
4734.613037	-50.283855
4735.958862	-52.074062
4737.304688	-51.189587
4738.650513	-50.141163
4739.996338	-51.916798
4741.342163	-52.883072
4742.687988	-51.441734
4744.033813	-51.284134
4745.379639	-51.994247
4746.725464	-51.168118
4748.071289	-52.717030
4749.417114	-51.399147
4750.762939	-52.626328
4752.108765	-52.273903
4753.454590	-50.599762
4754.800415	-53.002083
4756.146240	-53.604259
4757.492065	-53.174526
4758.837891	-53.997375
4760.183716	-53.344421
4761.529541	-53.288292
4762.875366	-53.607662
4764.221191	-52.936455
4765.567017	-53.293934
4766.912842	-52.331627
4768.258667	-52.703442
4769.604492	-52.964081
4770.950317	-54.441277
4772.296143	-53.414280
4773.641968	-52.331547
4774.987793	-51.868973
4776.333618	-52.353943
4777.679443	-54.067360
4779.025269	-53.570564
4780.371094	-52.752625
4781.716919	-54.441795
4783.062744	-55.363728
4784.408569	-54.331608
4785.754395	-53.916222
4787.100220	-55.548218
4788.446045	-54.907551
4789.791870	-54.769684
4791.137695	-54.207901
4792.483521	-54.712593
4793.829346	-54.470959
4795.175171	-55.658466
4796.520996	-54.816360
4797.866821	-54.827084
4799.212646	-53.242676
4800.558472	-54.985054
4801.904297	-54.081879
4803.250122	-54.055931
4804.595947	-53.484188
4805.941772	-55.763973
4807.287598	-54.966793
4808.633423	-54.496628
4809.979248	-55.451771
4811.325073	-53.640663
4812.670898	-55.202961
4814.016724	-54.588577
4815.362549	-53.756874
4816.708374	-54.569885
4818.054199	-54.731979
4819.400024	-54.624031
4820.745850	-55.067272
4822.091675	-56.604404
4823.437500	-54.648544
4824.783325	-54.249409
4826.129150	-53.646889
4827.474976	-54.596302
4828.820801	-53.059029
4830.166626	-53.743546
4831.512451	-53.922138
4832.858276	-54.742596
4834.204102	-53.801605
4835.549927	-53.626915
4836.895752	-52.457268
4838.241577	-55.115566
4839.587402	-54.599941
4840.933228	-52.582428
4842.279053	-54.243958
4843.624878	-54.641609
4844.970703	-54.255669
4846.316528	-54.059834
4847.662354	-53.986797
4849.008179	-55.233032
4850.354004	-52.750515
4851.699829	-54.148815
4853.045654	-52.912979
4854.391479	-53.847408
4855.737305	-54.275555
4857.083130	-52.794342
4858.428955	-54.943790
4859.774780	-53.937786
4861.120605	-53.409245
4862.466431	-55.095665
4863.812256	-54.826691
4865.158081	-53.828156
4866.503906	-53.540985
4867.849731	-56.740513
4869.195557	-54.508884
4870.541382	-54.501400
4871.887207	-52.668007
4873.233032	-52.563652
4874.578857	-53.816566
4875.924683	-52.964012
4877.270508	-52.792141
4878.616333	-54.168556
4879.962158	-54.496696
4881.307983	-53.814217
4882.653809	-53.389484
4883.999634	-54.043480
4885.345459	-56.040043
4886.691284	-54.102833
4888.037109	-53.423527
4889.382935	-54.050293
4890.728760	-52.960575
4892.074585	-54.177494
4893.420410	-53.059929
4894.766235	-55.818119
4896.112061	-53.902565
4897.457886	-55.862465
4898.803711	-55.125732
4900.149536	-55.022881
4901.495361	-55.474270
4902.841187	-53.614021
4904.187012	-55.467075
4905.532837	-56.356644
4906.878662	-55.402443
4908.224487	-58.319504
4909.570312	-57.277122
4910.916138	-57.102577
4912.261963	-56.715107
4913.607788	-56.821156
4914.953613	-58.038483
4916.299438	-55.719547
4917.645264	-56.959141
4918.991089	-57.743687
4920.336914	-57.468857
4921.682739	-58.191105
4923.028564	-57.796375
4924.374390	-59.171246
4925.720215	-57.195950
4927.066040	-58.026402
4928.411865	-58.863327
4929.757690	-58.814152
4931.103516	-59.538544
4932.449341	-59.713306
4933.795166	-59.714783
4935.140991	-59.160957
4936.486816	-59.963856
4937.832642	-61.453930
4939.178467	-59.939209
4940.524292	-60.482605
4941.870117	-60.289787
4943.215942	-60.132622
4944.561768	-61.991364
4945.907593	-61.811646
4947.253418	-60.029533
4948.599243	-62.406414
4949.945068	-60.534969
4951.290894	-61.504150
4952.636719	-60.843437
4953.982544	-63.001770
4955.328369	-62.263775
4956.674194	-62.726330
4958.020020	-62.321613
4959.365845	-62.285851
4960.711670	-62.642990
4962.057495	-62.862049
4963.403320	-63.353035
4964.749146	-64.754173
4966.094971	-65.267334
4967.440796	-64.005745
4968.786621	-64.548500
4970.132446	-63.352497
4971.478271	-64.822998
4972.824097	-62.088318
4974.169922	-63.825096
4975.515747	-64.310654
4976.861572	-63.810539
4978.207397	-62.794785
4979.553223	-64.138428
4980.899048	-64.586571
4982.244873	-63.969284
4983.590698	-63.898403
4984.936523	-65.459816
4986.282349	-66.009827
4987.628174	-64.774765
4988.973999	-65.087364
4990.319824	-65.977394
4991.665649	-66.318268
4993.011475	-65.075485
4994.357300	-64.974716
4995.703125	-65.745720
4997.048950	-65.574425
4998.394775	-66.718452
4999.740601	-65.405602
5001.086426	-65.867264
5002.432251	-66.317482
5003.778076	-66.715981
5005.123901	-66.849770
5006.469727	-65.662010
5007.815552	-65.807327
5009.161377	-65.903328
5010.507202	-65.953415
5011.853027	-66.324890
5013.198853	-65.719337
5014.544678	-66.483406
5015.890503	-67.079788
5017.236328	-67.707047
5018.582153	-66.466492
5019.927979	-67.119659
5021.273804	-66.485764
5022.619629	-66.608200
5023.965454	-67.209549
5025.311279	-65.458504
5026.657104	-66.246315
5028.002930	-67.485535
5029.348755	-67.249886
5030.694580	-67.689461
5032.040405	-66.255424
5033.386230	-66.729286
5034.732056	-67.273026
5036.077881	-67.407211
5037.423706	-67.817337
5038.769531	-67.536804
5040.115356	-66.949448
5041.461182	-66.957779
5042.807007	-67.475670
5044.152832	-68.279709
5045.498657	-67.319771
5046.844482	-68.828812
5048.190308	-68.509987
5049.536133	-67.850975
5050.881958	-68.264954
5052.227783	-68.258041
5053.573608	-68.440193
5054.919434	-69.958466
5056.265259	-68.922081
5057.611084	-68.506332
5058.956909	-68.503593
5060.302734	-67.538605
5061.648560	-68.135284
5062.994385	-69.634666
5064.340210	-69.192062
5065.686035	-69.294052
5067.031860	-69.364510
5068.377686	-68.844254
5069.723511	-67.601677
5071.069336	-69.412964
5072.415161	-69.159645
5073.760986	-67.428734
5075.106812	-68.812271
5076.452637	-68.898201
5077.798462	-69.542610
5079.144287	-69.902847
5080.490112	-68.649986
5081.835938	-68.696503
5083.181763	-68.660233
5084.527588	-69.447464
5085.873413	-69.998215
5087.219238	-68.404778
5088.565063	-69.267410
5089.910889	-69.282097
5091.256714	-69.363419
5092.602539	-69.207481
5093.948364	-70.762627
5095.294189	-71.769333
5096.640015	-67.827103
5097.985840	-69.486649
5099.331665	-69.462006
5100.677490	-69.976395
5102.023315	-71.167885
5103.369141	-70.825577
5104.714966	-70.282463
5106.060791	-71.096596
5107.406616	-70.531578
5108.752441	-69.532692
5110.098267	-70.623146
5111.444092	-69.830544
5112.789917	-70.142815
5114.135742	-71.169456
5115.481567	-70.742882
5116.827393	-71.586845
5118.173218	-71.111404
5119.519043	-69.956825
5120.864868	-71.470512
5122.210693	-71.667313
5123.556519	-72.590431
5124.902344	-72.526688
5126.248169	-70.847504
5127.593994	-72.104393
5128.939819	-72.170380
5130.285645	-70.918556
5131.631470	-70.682983
5132.977295	-72.080429
5134.323120	-70.999474
5135.668945	-72.236176
5137.014771	-71.905922
5138.360596	-70.976105
5139.706421	-71.087120
5141.052246	-71.051178
5142.398071	-72.061882
5143.743896	-71.632294
5145.089722	-70.888710
5146.435547	-70.851395
5147.781372	-70.213516
5149.127197	-71.002014
5150.473022	-71.285301
5151.818848	-71.192818
5153.164673	-71.357948
5154.510498	-71.797623
5155.856323	-71.855286
5157.202148	-71.397064
5158.547974	-72.968330
5159.893799	-71.172211
5161.239624	-72.208092
5162.585449	-71.118080
5163.931274	-72.052704
5165.277100	-72.424332
5166.622925	-71.807442
5167.968750	-72.503357
5169.314575	-71.972595
5170.660400	-72.480553
5172.006226	-73.086197
5173.352051	-71.598824
5174.697876	-72.205772
5176.043701	-73.085266
5177.389526	-72.310860
5178.735352	-72.067871
5180.081177	-72.393013
5181.427002	-73.171265
5182.772827	-71.042267
5184.118652	-71.194130
5185.464478	-73.620705
5186.810303	-71.732208
5188.156128	-72.768188
5189.501953	-72.987083
5190.847778	-73.535095
5192.193604	-72.895042
5193.539429	-73.026352
5194.885254	-73.896622
5196.231079	-72.930733
5197.576904	-72.289528
5198.922729	-73.837654
5200.268555	-73.979706
5201.614380	-73.233459
5202.960205	-73.577873
5204.306030	-74.483597
5205.651855	-73.109062
5206.997681	-74.211845
5208.343506	-73.422760
5209.689331	-75.572937
5211.035156	-73.541931
5212.380981	-73.186523
5213.726807	-74.271317
5215.072632	-73.591736
5216.418457	-74.530365
5217.764282	-74.451859
5219.110107	-74.332207
5220.455933	-74.254211
5221.801758	-75.101257
5223.147583	-75.852959
5224.493408	-73.519730
5225.839233	-74.452591
5227.185059	-74.923019
5228.530884	-74.479088
5229.876709	-74.185349
5231.222534	-74.630508
5232.568359	-75.033401
5233.914185	-75.268639
5235.260010	-74.670845
5236.605835	-75.034439
5237.951660	-73.968704
5239.297485	-74.911903
5240.643311	-74.668701
5241.989136	-73.598694
5243.334961	-75.470749
5244.680786	-74.717308
5246.026611	-75.332085
5247.372437	-74.533745
5248.718262	-74.917786
5250.064087	-76.048668
5251.409912	-75.087448
5252.755737	-75.241096
5254.101562	-75.515877
5255.447388	-75.735817
5256.793213	-74.944466
5258.139038	-75.150932
5259.484863	-75.477913
5260.830688	-75.564545
5262.176514	-75.936958
5263.522339	-75.737503
5264.868164	-75.926071
5266.213989	-75.962273
5267.559814	-75.748772
5268.905640	-75.580147
5270.251465	-75.481018
5271.597290	-76.139206
5272.943115	-76.301025
5274.288940	-76.084892
5275.634766	-75.555206
5276.980591	-75.859596
5278.326416	-76.004379
5279.672241	-76.972672
5281.018066	-76.444244
5282.363892	-76.061256
5283.709717	-76.095383
5285.055542	-76.315659
5286.401367	-76.702637
5287.747192	-76.408417
5289.093018	-76.689308
5290.438843	-76.511284
5291.784668	-76.619904
5293.130493	-76.270142
5294.476318	-76.538338
5295.822144	-75.919312
5297.167969	-76.452744
5298.513794	-76.520073
5299.859619	-76.588821
5301.205444	-76.545029
5302.551270	-76.550316
5303.897095	-76.391678
5305.242920	-76.559639
5306.588745	-76.861099
5307.934570	-76.666534
5309.280396	-76.641716
5310.626221	-76.568146
5311.972046	-76.969902
5313.317871	-76.616570
5314.663696	-76.885941
5316.009521	-76.363243
5317.355347	-76.834846
5318.701172	-76.502388
5320.046997	-76.349281
5321.392822	-76.699745
5322.738647	-76.705032
5324.084473	-76.678009
5325.430298	-76.730026
5326.776123	-76.659836
5328.121948	-76.846909
5329.467773	-76.449326
5330.813599	-76.736778
5332.159424	-76.794441
5333.505249	-76.771423
5334.851074	-76.737160
5336.196899	-76.702553
5337.542725	-76.576630
5338.888550	-76.714226
5340.234375	-76.740448
5341.580200	-76.798615
5342.926025	-76.802528
5344.271851	-76.961426
5345.617676	-76.757515
5346.963501	-76.696198
5348.309326	-76.858467
5349.655151	-76.775375
5351.000977	-76.746201
5352.346802	-76.691490
5353.692627	-76.791054
5355.038452	-76.837723
5356.384277	-76.850822
5357.730103	-76.739967
5359.075928	-76.836372
5360.421753	-76.807236
5361.767578	-76.897125
5363.113403	-76.836205
5364.459229	-76.795547
5365.805054	-76.905617
5367.150879	-76.816292
5368.496704	-76.814812
5369.842529	-76.830490
5371.188354	-76.827614
5372.534180	-76.873909
5373.880005	-76.890518
5375.225830	-76.849411
5376.571655	-76.815247
5377.917480	-76.876808
5379.263306	-76.862328
5380.609131	-76.851006
5381.954956	-76.869286
5383.300781	-76.873672
5384.646606	-76.868111
5385.992432	-76.885109
5387.338257	-76.880394
5388.684082	-76.893860
5390.029907	-76.882141
5391.375732	-76.862213
5392.721558	-76.874153
5394.067383	-76.892982
5395.413208	-76.894844
5396.759033	-76.884232
5398.104858	-76.892616
5399.450684	-76.915779
5400.796509	-76.887260
5402.142334	-76.905479
5403.488159	-76.902336
5404.833984	-76.909302
5406.179810	-76.903412
5407.525635	-76.909660
5408.871460	-76.911133
5410.217285	-76.911621
5411.563110	-76.909927
5412.908936	-76.913940
5414.254761	-76.914726
5415.600586	-76.913017
5416.946411	-76.917503
5418.292236	-76.919815
5419.638062	-76.919281
5420.983887	-76.920158
5422.329712	-76.922043
5423.675537	-76.923790
5425.021362	-76.925392
5426.367188	-76.927940
5427.713013	-76.929390
5429.058838	-76.929764
5430.404663	-76.930756
5431.750488	-76.932571
5433.096313	-76.934021
5434.442139	-76.934761
5435.787964	-76.936516
5437.133789	-76.937576
5438.479614	-76.938660
5439.825439	-76.939613
5441.171265	-76.940422
5442.517090	-76.941643
5443.862915	-76.943192
5445.208740	-76.944130
5446.554565	-76.944824
5447.900391	-76.945999
5449.246216	-76.946991
5450.592041	-76.948189
5451.937866	-76.948975
5453.283691	-76.949905
5454.629517	-76.950722
5455.975342	-76.951736
5457.321167	-76.952652
5458.666992	-76.953529
5460.012817	-76.954330
5461.358643	-76.955132
5462.704468	-76.955925
5464.050293	-76.956688
5465.396118	-76.957443
5466.741943	-76.958176
5468.087769	-76.958916
5469.433594	-76.959572
5470.779419	-76.960266
5472.125244	-76.960876
5473.471069	-76.961517
5474.816895	-76.962120
5476.162720	-76.962692
5477.508545	-76.963257
5478.854370	-76.963806
5480.200195	-76.964317
5481.546021	-76.964806
5482.891846	-76.965286
5484.237671	-76.965729
5485.583496	-76.966164
5486.929321	-76.966583
5488.275146	-76.966980
5489.620972	-76.967323
5490.966797	-76.967682
5492.312622	-76.968010
5493.658447	-76.968330
5495.004272	-76.968605
5496.350098	-76.968872
5497.695923	-76.969101
5499.041748	-76.969330
5500.387573	-76.969528
5501.733398	-76.969704
5503.079224	-76.969879
5504.425049	-76.970016
5505.770874	-76.970123
5507.116699	-76.970215
5508.462524	-76.970291
5509.808350	-76.970337
5511.154175	-76.970375
