Frequency (Hz)	Level (dB)
1.345825	-91.002594
2.691650	-90.902695
4.037476	-90.769295
5.383301	-90.110413
6.729126	-89.875977
8.074951	-90.862335
9.420776	-89.544716
10.766602	-87.665771
12.112427	-88.496231
13.458252	-86.136429
14.804077	-88.239456
16.149902	-87.052734
17.495728	-86.543236
18.841553	-85.170563
20.187378	-87.003532
21.533203	-84.632339
22.879028	-84.297516
24.224854	-85.089622
25.570679	-84.780731
26.916504	-83.572281
28.262329	-84.874649
29.608154	-83.198402
30.953979	-85.122620
32.299805	-83.535713
33.645630	-84.142120
34.991455	-84.793808
36.337280	-84.388367
37.683105	-85.388840
39.028931	-83.165413
40.374756	-84.991013
41.720581	-84.884758
43.066406	-83.962845
44.412231	-82.999756
45.758057	-83.443733
47.103882	-84.303459
48.449707	-81.785309
49.795532	-83.146774
51.141357	-81.613792
52.487183	-82.655785
53.833008	-82.874237
55.178833	-83.284851
56.524658	-81.252312
57.870483	-81.056480
59.216309	-79.684921
60.562134	-80.699791
61.907959	-79.849213
63.253784	-78.150314
64.599609	-81.966492
65.945435	-82.899200
67.291260	-84.078758
68.637085	-82.779205
69.982910	-82.091972
71.328735	-81.773430
72.674561	-82.226891
74.020386	-82.190140
75.366211	-82.562164
76.712036	-82.780136
78.057861	-82.017105
79.403687	-82.829369
80.749512	-82.495987
82.095337	-80.272415
83.441162	-81.187912
84.786987	-81.002754
86.132812	-81.580376
87.478638	-82.813004
88.824463	-83.095245
90.170288	-83.284653
91.516113	-81.889732
92.861938	-79.955597
94.207764	-81.394035
95.553589	-83.233276
96.899414	-83.838593
98.245239	-82.451118
99.591064	-82.678802
100.936890	-82.563042
102.282715	-81.043800
103.628540	-81.402779
104.974365	-78.608978
106.320190	-81.193184
107.666016	-81.357872
109.011841	-80.335724
110.357666	-80.058617
111.703491	-79.109024
113.049316	-76.235184
114.395142	-74.773994
115.740967	-74.918312
117.086792	-75.194542
118.432617	-67.052597
119.778442	-60.715923
121.124268	-65.801346
122.470093	-74.722740
123.815918	-73.637917
125.161743	-76.905075
126.507568	-75.726326
127.853394	-76.260162
129.199219	-75.140221
130.545044	-75.900955
131.890869	-74.803474
133.236694	-73.698166
134.582520	-72.410500
135.928345	-73.328362
137.274170	-70.914970
138.619995	-71.030075
139.965820	-70.418091
141.311646	-68.362648
142.657471	-68.713081
144.003296	-67.434448
145.349121	-63.044975
146.694946	-66.175224
148.040771	-67.407867
149.386597	-65.657822
150.732422	-63.908112
152.078247	-65.785965
153.424072	-66.715881
154.769897	-66.162140
156.115723	-66.570480
157.461548	-64.832703
158.807373	-64.574692
160.153198	-67.650520
161.499023	-67.535782
162.844849	-67.513229
164.190674	-70.007660
165.536499	-70.312775
166.882324	-69.988678
168.228149	-71.810020
169.573975	-73.645256
170.919800	-72.903938
172.265625	-75.075142
173.611450	-72.278603
174.957275	-74.208336
176.303101	-75.320839
177.648926	-73.845436
178.994751	-74.314941
180.340576	-75.504234
181.686401	-75.687500
183.032227	-75.994057
184.378052	-76.182182
185.723877	-76.029045
187.069702	-77.614449
188.415527	-76.187202
189.761353	-78.938873
191.107178	-79.547646
192.453003	-77.316414
193.798828	-78.044098
195.144653	-78.040100
196.490479	-78.661491
197.836304	-78.940323
199.182129	-76.840790
200.527954	-78.198563
201.873779	-80.237335
203.219604	-79.850952
204.565430	-78.057404
205.911255	-78.132027
207.257080	-78.041397
208.602905	-79.407394
209.948730	-78.851433
211.294556	-78.817047
212.640381	-79.176689
213.986206	-80.348885
215.332031	-79.772774
216.677856	-80.666801
218.023682	-81.062920
219.369507	-80.157982
220.715332	-79.611115
222.061157	-80.853104
223.406982	-80.097336
224.752808	-79.758842
226.098633	-79.275360
227.444458	-79.931450
228.790283	-78.682022
230.136108	-80.290398
231.481934	-80.057915
232.827759	-79.504227
234.173584	-81.512787
235.519409	-77.806175
236.865234	-79.985703
238.211060	-79.742119
239.556885	-78.710632
240.902710	-77.988693
242.248535	-78.833138
243.594360	-78.529747
244.940186	-80.111053
246.286011	-78.599747
247.631836	-78.879524
248.977661	-78.140480
250.323486	-77.490234
251.669312	-76.986099
253.015137	-78.106155
254.360962	-77.920677
255.706787	-77.962402
257.052612	-77.631683
258.398438	-76.024925
259.744263	-77.134079
261.090088	-78.539032
262.435913	-77.267380
263.781738	-78.361809
265.127563	-74.779808
266.473389	-76.586922
267.819214	-76.490128
269.165039	-76.322624
270.510864	-74.932976
271.856689	-74.664391
273.202515	-73.571236
274.548340	-75.679527
275.894165	-74.555298
277.239990	-73.612625
278.585815	-72.897224
279.931641	-72.583664
281.277466	-73.262154
282.623291	-71.059898
283.969116	-70.968559
285.314941	-69.443642
286.660767	-71.088394
288.006592	-71.775597
289.352417	-69.787689
290.698242	-69.777771
292.044067	-68.526154
293.389893	-67.927444
294.735718	-68.493683
296.081543	-67.910248
297.427368	-68.177528
298.773193	-67.713539
300.119019	-66.751564
301.464844	-66.346275
302.810669	-67.446503
304.156494	-67.955238
305.502319	-68.460030
306.848145	-67.777267
308.193970	-68.858170
309.539795	-69.203773
310.885620	-68.869629
312.231445	-68.384071
313.577271	-68.874107
314.923096	-67.226936
316.268921	-68.404922
317.614746	-69.967667
318.960571	-69.590187
320.306396	-71.202202
321.652222	-70.772743
322.998047	-70.161171
324.343872	-72.569481
325.689697	-72.846313
327.035522	-72.084579
328.381348	-73.905609
329.727173	-74.951469
331.072998	-73.560707
332.418823	-75.173393
333.764648	-76.217834
335.110474	-75.413788
336.456299	-75.080597
337.802124	-74.733803
339.147949	-76.052193
340.493774	-74.292679
341.839600	-75.015335
343.185425	-75.908165
344.531250	-76.372780
345.877075	-75.962128
347.222900	-77.067055
348.568726	-76.693451
349.914551	-75.975487
351.260376	-77.309425
352.606201	-77.225716
353.952026	-78.006775
355.297852	-76.968307
356.643677	-77.193634
357.989502	-77.659950
359.335327	-76.294548
360.681152	-77.813164
362.026978	-77.005493
363.372803	-79.093346
364.718628	-77.059464
366.064453	-77.094948
367.410278	-78.493614
368.756104	-77.049988
370.101929	-77.397392
371.447754	-78.426918
372.793579	-77.164238
374.139404	-78.226624
375.485229	-78.449554
376.831055	-77.879715
378.176880	-77.632431
379.522705	-78.999535
380.868530	-77.762512
382.214355	-77.055679
383.560181	-77.058769
384.906006	-77.711639
386.251831	-78.961685
387.597656	-77.270798
388.943481	-78.058708
390.289307	-79.427147
391.635132	-79.171135
392.980957	-77.659401
394.326782	-76.911674
395.672607	-78.452057
397.018433	-78.362358
398.364258	-77.177887
399.710083	-77.872414
401.055908	-76.712265
402.401733	-77.867973
403.747559	-77.287178
405.093384	-78.665733
406.439209	-76.971199
407.785034	-76.322250
409.130859	-75.541290
410.476685	-76.105293
411.822510	-74.641670
413.168335	-76.781898
414.514160	-75.150993
415.859985	-74.656822
417.205811	-75.379913
418.551636	-73.937569
419.897461	-74.086441
421.243286	-72.756248
422.589111	-74.800491
423.934937	-74.111221
425.280762	-73.399361
426.626587	-71.875099
427.972412	-72.200615
429.318237	-71.150688
430.664062	-70.842003
432.009888	-70.532990
433.355713	-70.615570
434.701538	-71.043358
436.047363	-70.482376
437.393188	-70.551773
438.739014	-70.719589
440.084839	-66.895844
441.430664	-67.516884
442.776489	-66.801003
444.122314	-65.247025
445.468140	-65.186676
446.813965	-66.173241
448.159790	-66.318459
449.505615	-63.239162
450.851440	-63.248840
452.197266	-63.178768
453.543091	-63.462433
454.888916	-63.097679
456.234741	-63.453449
457.580566	-64.551933
458.926392	-64.560242
460.272217	-65.513535
461.618042	-65.448326
462.963867	-65.325722
464.309692	-67.144913
465.655518	-68.752151
467.001343	-69.562393
468.347168	-68.217720
469.692993	-69.850853
471.038818	-70.117622
472.384644	-70.752129
473.730469	-70.284599
475.076294	-70.941322
476.422119	-71.251213
477.767944	-71.648178
479.113770	-72.738434
480.459595	-73.039284
481.805420	-72.311783
483.151245	-73.130852
484.497070	-74.472168
485.842896	-76.082649
487.188721	-74.078491
488.534546	-73.788986
489.880371	-73.666817
491.226196	-74.344498
492.572021	-75.676628
493.917847	-75.445259
495.263672	-76.253983
496.609497	-75.705711
497.955322	-75.362267
499.301147	-75.185371
500.646973	-75.509026
501.992798	-76.182922
503.338623	-75.477379
504.684448	-77.527779
506.030273	-76.780869
507.376099	-77.147614
508.721924	-76.820488
510.067749	-77.455467
511.413574	-77.220810
512.759399	-76.191162
514.105225	-77.433556
515.451050	-77.206764
516.796875	-78.110321
518.142700	-77.778282
519.488525	-76.938522
520.834351	-78.208969
522.180176	-77.859146
523.526001	-76.217018
524.871826	-77.678169
526.217651	-77.254829
527.563477	-76.956894
528.909302	-76.539726
530.255127	-76.591576
531.600952	-76.140648
532.946777	-76.137627
534.292603	-77.487617
535.638428	-75.893845
536.984253	-77.428955
538.330078	-78.245270
539.675903	-75.894058
541.021729	-75.629585
542.367554	-76.352524
543.713379	-74.028198
545.059204	-74.995674
546.405029	-76.424911
547.750854	-75.917053
549.096680	-75.654533
550.442505	-76.174362
551.788330	-74.707321
553.134155	-74.000092
554.479980	-75.620300
555.825806	-75.830894
557.171631	-74.830101
558.517456	-75.065781
559.863281	-74.483498
561.209106	-76.018105
562.554932	-72.938919
563.900757	-75.838600
565.246582	-74.601654
566.592407	-75.004730
567.938232	-73.318115
569.284058	-73.380188
570.629883	-73.194931
571.975708	-73.294075
573.321533	-71.807388
574.667358	-73.480186
576.013184	-73.475159
577.359009	-71.630600
578.704834	-71.431335
580.050659	-70.913383
581.396484	-71.839409
582.742310	-69.233925
584.088135	-68.440956
585.433960	-69.125229
586.779785	-69.290161
588.125610	-69.146042
589.471436	-69.428879
590.817261	-66.819939
592.163086	-66.306763
593.508911	-65.493645
594.854736	-64.331146
596.200562	-64.639244
597.546387	-63.909756
598.892212	-63.258553
600.238037	-63.343525
601.583862	-60.246887
602.929688	-61.281044
604.275513	-61.050285
605.621338	-61.629192
606.967163	-63.960152
608.312988	-63.232933
609.658813	-63.781540
611.004639	-64.611717
612.350464	-63.536625
613.696289	-64.959763
615.042114	-66.791771
616.387939	-66.655144
617.733765	-68.642975
619.079590	-68.114105
620.425415	-68.637932
621.771240	-68.694000
623.117065	-69.360794
624.462891	-68.618561
625.808716	-71.852890
627.154541	-69.958038
628.500366	-70.330498
629.846191	-70.246696
631.192017	-73.192970
632.537842	-71.291359
633.883667	-72.878265
635.229492	-73.197456
636.575317	-73.721382
637.921143	-75.091148
639.266968	-73.462013
640.612793	-73.295959
641.958618	-75.004120
643.304443	-74.550636
644.650269	-75.134903
645.996094	-73.127243
647.341919	-73.501434
648.687744	-75.117012
650.033569	-76.597809
651.379395	-76.085632
652.725220	-76.825546
654.071045	-76.048553
655.416870	-75.067497
656.762695	-76.842644
658.108521	-77.080780
659.454346	-75.949043
660.800171	-76.534554
662.145996	-77.084244
663.491821	-76.057503
664.837646	-74.812119
666.183472	-74.752258
667.529297	-77.063774
668.875122	-75.537270
670.220947	-76.009811
671.566772	-76.142342
672.912598	-74.851555
674.258423	-75.294273
675.604248	-77.256226
676.950073	-77.147377
678.295898	-76.366280
679.641724	-74.773087
680.987549	-75.168320
682.333374	-76.107224
683.679199	-78.132820
685.025024	-75.893616
686.370850	-75.987244
687.716675	-76.316795
689.062500	-78.234856
690.408325	-77.117393
691.754150	-76.046486
693.099976	-76.183342
694.445801	-75.994202
695.791626	-75.170044
697.137451	-74.872925
698.483276	-77.043030
699.829102	-73.569336
701.174927	-74.435333
702.520752	-74.221657
703.866577	-75.052734
705.212402	-73.813606
706.558228	-74.792229
707.904053	-74.612434
709.249878	-74.823395
710.595703	-74.075500
711.941528	-73.640465
713.287354	-72.821541
714.633179	-72.336029
715.979004	-72.610420
717.324829	-72.347778
718.670654	-72.805801
720.016479	-73.505836
721.362305	-72.417122
722.708130	-69.760284
724.053955	-71.541992
725.399780	-70.983139
726.745605	-69.869316
728.091431	-69.064590
729.437256	-68.866417
730.783081	-69.384491
732.128906	-69.007210
733.474731	-67.689819
734.820557	-68.324829
736.166382	-67.300697
737.512207	-67.221733
738.858032	-65.998169
740.203857	-65.427551
741.549683	-64.582382
742.895508	-63.737064
744.241333	-62.879871
745.587158	-63.035213
746.932983	-63.172325
748.278809	-62.661366
749.624634	-61.474400
750.970459	-60.180901
752.316284	-60.769920
753.662109	-60.193153
755.007935	-61.261986
756.353760	-61.494610
757.699585	-63.774342
759.045410	-62.893314
760.391235	-65.409760
761.737061	-66.333862
763.082886	-63.449463
764.428711	-65.567177
765.774536	-65.439339
767.120361	-67.013229
768.466187	-67.694916
769.812012	-67.685936
771.157837	-67.544800
772.503662	-68.999718
773.849487	-69.759583
775.195312	-69.395844
776.541138	-69.448692
777.886963	-69.959984
779.232788	-69.751305
780.578613	-69.691010
781.924438	-69.601120
783.270264	-71.144646
784.616089	-71.725777
785.961914	-72.511848
787.307739	-72.555450
788.653564	-74.184555
789.999390	-72.824409
791.345215	-71.860176
792.691040	-72.187103
794.036865	-72.930840
795.382690	-74.435707
796.728516	-75.453621
798.074341	-73.574219
799.420166	-71.689049
800.765991	-75.188606
802.111816	-74.930168
803.457642	-74.406799
804.803467	-75.279633
806.149292	-74.105965
807.495117	-73.091118
808.840942	-73.952217
810.186768	-75.355690
811.532593	-75.851433
812.878418	-73.968018
814.224243	-74.425934
815.570068	-73.961006
816.915894	-73.997948
818.261719	-74.562904
819.607544	-74.798492
820.953369	-75.041924
822.299194	-74.301193
823.645020	-74.271202
824.990845	-73.631599
826.336670	-75.232925
827.682495	-74.795708
829.028320	-76.124458
830.374146	-74.654350
831.719971	-73.859596
833.065796	-74.564842
834.411621	-75.113304
835.757446	-74.968323
837.103271	-75.231239
838.449097	-74.742485
839.794922	-75.306847
841.140747	-73.755806
842.486572	-73.747215
843.832397	-74.673790
845.178223	-74.716125
846.524048	-74.194778
847.869873	-74.125534
849.215698	-74.631699
850.561523	-74.980034
851.907349	-73.811279
853.253174	-74.511848
854.598999	-74.248253
855.944824	-73.009872
857.290649	-73.205528
858.636475	-72.900536
859.982300	-71.693497
861.328125	-72.835258
862.673950	-72.252296
864.019775	-72.767181
865.365601	-72.417183
866.711426	-71.955170
868.057251	-71.946777
869.403076	-71.216301
870.748901	-69.288681
872.094727	-71.288200
873.440552	-69.199181
874.786377	-69.763702
876.132202	-68.982765
877.478027	-68.285034
878.823853	-66.250435
880.169678	-69.040192
881.515503	-66.320282
882.861328	-69.531418
884.207153	-66.943451
885.552979	-65.776627
886.898804	-65.865471
888.244629	-66.050644
889.590454	-65.622490
890.936279	-62.634659
892.282104	-62.128368
893.627930	-62.693260
894.973755	-62.690388
896.319580	-60.872749
897.665405	-60.753342
899.011230	-59.956730
900.357056	-61.666805
901.702881	-60.721058
903.048706	-60.093075
904.394531	-59.757206
905.740356	-62.225376
907.086182	-61.511215
908.432007	-61.604565
909.777832	-61.360928
911.123657	-62.530243
912.469482	-61.827351
913.815308	-63.406662
915.161133	-62.800098
916.506958	-64.499641
917.852783	-65.399780
919.198608	-65.321587
920.544434	-67.206573
921.890259	-65.459114
923.236084	-67.377960
924.581909	-68.131042
925.927734	-66.928665
927.273560	-68.210014
928.619385	-68.114182
929.965210	-68.665848
931.311035	-69.173454
932.656860	-70.400421
934.002686	-69.334236
935.348511	-69.981056
936.694336	-71.392830
938.040161	-71.050461
939.385986	-70.853081
940.731812	-73.376160
942.077637	-70.659622
943.423462	-72.157532
944.769287	-71.588860
946.115112	-73.243866
947.460938	-73.589279
948.806763	-73.546295
950.152588	-72.454636
951.498413	-72.231682
952.844238	-72.767082
954.190063	-73.555817
955.535889	-71.749626
956.881714	-73.831322
958.227539	-72.279274
959.573364	-72.717186
960.919189	-73.420631
962.265015	-73.676025
963.610840	-71.940773
964.956665	-72.486389
966.302490	-74.404099
967.648315	-73.470573
968.994141	-73.439438
970.339966	-74.091492
971.685791	-73.504349
973.031616	-73.158562
974.377441	-74.835457
975.723267	-73.598053
977.069092	-73.959457
978.414917	-73.864555
979.760742	-72.815895
981.106567	-74.906166
982.452393	-75.450867
983.798218	-73.647583
985.144043	-74.386589
986.489868	-72.348068
987.835693	-72.928947
989.181519	-73.412125
990.527344	-72.050804
991.873169	-72.387634
993.218994	-73.712387
994.564819	-72.624527
995.910645	-73.704315
997.256470	-72.824516
998.602295	-73.263565
999.948120	-72.411118
1001.293945	-72.452728
1002.639771	-72.459869
1003.985596	-72.351654
1005.331421	-71.777008
1006.677246	-71.273140
1008.023071	-71.779633
1009.368896	-71.154320
1010.714722	-70.191772
1012.060547	-71.195839
1013.406372	-72.526825
1014.752197	-70.557846
1016.098022	-69.446358
1017.443848	-70.474548
1018.789673	-70.389618
1020.135498	-69.836655
1021.481323	-69.955635
1022.827148	-69.250008
1024.172974	-68.988243
1025.518799	-67.462357
1026.864624	-66.913788
1028.210449	-68.034721
1029.556274	-66.230637
1030.902100	-67.063774
1032.247925	-65.896286
1033.593750	-64.385567
1034.939575	-62.697273
1036.285400	-61.772099
1037.631226	-61.661270
1038.977051	-61.475304
1040.322876	-62.732815
1041.668701	-61.390995
1043.014526	-59.804646
1044.360352	-58.896130
1045.706177	-58.282890
1047.052002	-56.599583
1048.397827	-58.365738
1049.743652	-56.690014
1051.089478	-55.720421
1052.435303	-57.811317
1053.781128	-58.019650
1055.126953	-58.038765
1056.472778	-59.173813
1057.818604	-59.831451
1059.164429	-60.454155
1060.510254	-61.275600
1061.856079	-61.202003
1063.201904	-62.930290
1064.547729	-62.248810
1065.893555	-63.492256
1067.239380	-64.821594
1068.585205	-62.921566
1069.931030	-64.208397
1071.276855	-65.078209
1072.622681	-66.738739
1073.968506	-67.222832
1075.314331	-67.253662
1076.660156	-67.475662
1078.005981	-68.182281
1079.351807	-69.036522
1080.697632	-69.567535
1082.043457	-70.719704
1083.389282	-69.183456
1084.735107	-69.275772
1086.080933	-69.488976
1087.426758	-70.768188
1088.772583	-67.561935
1090.118408	-69.166412
1091.464233	-69.447586
1092.810059	-69.302376
1094.155884	-69.553520
1095.501709	-71.505188
1096.847534	-71.897659
1098.193359	-71.908508
1099.539185	-72.084892
1100.885010	-72.088974
1102.230835	-71.518944
1103.576660	-71.552696
1104.922485	-70.367485
1106.268311	-71.785240
1107.614136	-70.946259
1108.959961	-72.226906
1110.305786	-73.716644
1111.651611	-72.071030
1112.997437	-71.823166
1114.343262	-70.561142
1115.689087	-70.809662
1117.034912	-71.219009
1118.380737	-72.308746
1119.726562	-71.671402
1121.072388	-72.292946
1122.418213	-72.339005
1123.764038	-72.138290
1125.109863	-72.833366
1126.455688	-72.061432
1127.801514	-73.169403
1129.147339	-71.845535
1130.493164	-73.124069
1131.838989	-72.039955
1133.184814	-71.841110
1134.530640	-71.515640
1135.876465	-72.038330
1137.222290	-73.962303
1138.568115	-72.992508
1139.913940	-71.788879
1141.259766	-70.854477
1142.605591	-71.502357
1143.951416	-72.378380
1145.297241	-72.577545
1146.643066	-72.119377
1147.988892	-71.361526
1149.334717	-74.303947
1150.680542	-72.825264
1152.026367	-70.835869
1153.372192	-69.656708
1154.718018	-72.087311
1156.063843	-71.554863
1157.409668	-73.034912
1158.755493	-71.719887
1160.101318	-71.024902
1161.447144	-71.232651
1162.792969	-69.577347
1164.138794	-69.955544
1165.484619	-69.046585
1166.830444	-68.320267
1168.176270	-68.876427
1169.522095	-68.499489
1170.867920	-68.830139
1172.213745	-68.926094
1173.559570	-67.373215
1174.905396	-66.891212
1176.251221	-66.451004
1177.597046	-67.701492
1178.942871	-66.204613
1180.288696	-65.680008
1181.634521	-65.878914
1182.980347	-65.104225
1184.326172	-63.825314
1185.671997	-64.173233
1187.017822	-62.184437
1188.363647	-61.501537
1189.709473	-59.141010
1191.055298	-59.873055
1192.401123	-59.873333
1193.746948	-59.105667
1195.092773	-57.139309
1196.438599	-56.643215
1197.784424	-56.808323
1199.130249	-55.809521
1200.476074	-56.569099
1201.821899	-56.070587
1203.167725	-58.429455
1204.513550	-57.268002
1205.859375	-57.916935
1207.205200	-57.555576
1208.551025	-59.588806
1209.896851	-60.768543
1211.242676	-61.745110
1212.588501	-60.268505
1213.934326	-64.319099
1215.280151	-63.576584
1216.625977	-64.559425
1217.971802	-65.394592
1219.317627	-65.178528
1220.663452	-65.779434
1222.009277	-65.524429
1223.355103	-67.872665
1224.700928	-65.529488
1226.046753	-66.798935
1227.392578	-67.152771
1228.738403	-70.194534
1230.084229	-68.748718
1231.430054	-69.481575
1232.775879	-69.264839
1234.121704	-68.067497
1235.467529	-69.234764
1236.813354	-69.190132
1238.159180	-70.092056
1239.505005	-68.659569
1240.850830	-70.862030
1242.196655	-70.254761
1243.542480	-69.943016
1244.888306	-68.060219
1246.234131	-71.103584
1247.579956	-70.696030
1248.925781	-72.069138
1250.271606	-71.938103
1251.617432	-70.624176
1252.963257	-70.586967
1254.309082	-72.524269
1255.654907	-72.101891
1257.000732	-71.827332
1258.346558	-71.474777
1259.692383	-71.705597
1261.038208	-70.755058
1262.384033	-69.909714
1263.729858	-71.858459
1265.075684	-71.764038
1266.421509	-71.343819
1267.767334	-71.648537
1269.113159	-70.233078
1270.458984	-71.352699
1271.804810	-71.282341
1273.150635	-71.653770
1274.496460	-72.590614
1275.842285	-72.348358
1277.188110	-71.568436
1278.533936	-71.357742
1279.879761	-73.275093
1281.225586	-71.337578
1282.571411	-70.785133
1283.917236	-72.779694
1285.263062	-71.412697
1286.608887	-71.133591
1287.954712	-71.316650
1289.300537	-70.640129
1290.646362	-70.960129
1291.992188	-70.979408
1293.338013	-71.342567
1294.683838	-72.097008
1296.029663	-71.760109
1297.375488	-70.998520
1298.721313	-70.017647
1300.067139	-69.512787
1301.412964	-70.983078
1302.758789	-70.922134
1304.104614	-69.995163
1305.450439	-69.623734
1306.796265	-70.171570
1308.142090	-69.222809
1309.487915	-67.519142
1310.833740	-69.835243
1312.179565	-68.833740
1313.525391	-67.441750
1314.871216	-68.775322
1316.217041	-68.598747
1317.562866	-67.264938
1318.908691	-66.692886
1320.254517	-66.033722
1321.600342	-66.366371
1322.946167	-65.932991
1324.291992	-66.992241
1325.637817	-65.207756
1326.983643	-65.379272
1328.329468	-64.955612
1329.675293	-65.800964
1331.021118	-64.530785
1332.366943	-61.947472
1333.712769	-62.392147
1335.058594	-61.246216
1336.404419	-61.669277
1337.750244	-60.705467
1339.096069	-60.184311
1340.441895	-57.237286
1341.787720	-55.971031
1343.133545	-56.766071
1344.479370	-55.521198
1345.825195	-53.691250
1347.171021	-54.181107
1348.516846	-53.223850
1349.862671	-52.868824
1351.208496	-53.313980
1352.554321	-55.133045
1353.900146	-54.042149
1355.245972	-56.173172
1356.591797	-57.639900
1357.937622	-57.851208
1359.283447	-58.624981
1360.629272	-58.547085
1361.975098	-60.070076
1363.320923	-61.291943
1364.666748	-61.386135
1366.012573	-61.858135
1367.358398	-62.332306
1368.704224	-62.773163
1370.050049	-62.396450
1371.395874	-62.964157
1372.741699	-64.130051
1374.087524	-64.178230
1375.433350	-64.790955
1376.779175	-65.888832
1378.125000	-65.393547
1379.470825	-66.674721
1380.816650	-68.059357
1382.162476	-65.690025
1383.508301	-66.416718
1384.854126	-66.284195
1386.199951	-67.499771
1387.545776	-67.014519
1388.891602	-66.639824
1390.237427	-68.294449
1391.583252	-69.138992
1392.929077	-68.672173
1394.274902	-68.815651
1395.620728	-67.409019
1396.966553	-70.077728
1398.312378	-68.631714
1399.658203	-70.107353
1401.004028	-69.626892
1402.349854	-68.341263
1403.695679	-69.404953
1405.041504	-69.707962
1406.387329	-69.887268
1407.733154	-69.731956
1409.078979	-69.725258
1410.424805	-69.068680
1411.770630	-69.690445
1413.116455	-69.510201
1414.462280	-69.601402
1415.808105	-69.085960
1417.153931	-69.748817
1418.499756	-70.376144
1419.845581	-69.227554
1421.191406	-69.216644
1422.537231	-71.192764
1423.883057	-70.147606
1425.228882	-69.684807
1426.574707	-70.392578
1427.920532	-70.422340
1429.266357	-70.427353
1430.612183	-69.121452
1431.958008	-67.870461
1433.303833	-69.824043
1434.649658	-69.904022
1435.995483	-70.624481
1437.341309	-69.802635
1438.687134	-68.918228
1440.032959	-69.340546
1441.378784	-68.558022
1442.724609	-68.673988
1444.070435	-68.784454
1445.416260	-67.902191
1446.762085	-68.105278
1448.107910	-69.257919
1449.453735	-67.965431
1450.799561	-68.414291
1452.145386	-68.420975
1453.491211	-67.583366
1454.837036	-68.091263
1456.182861	-67.809067
1457.528687	-67.232941
1458.874512	-67.786819
1460.220337	-68.175606
1461.566162	-67.549591
1462.911987	-66.388031
1464.257812	-65.467209
1465.603638	-65.462074
1466.949463	-66.463631
1468.295288	-63.902176
1469.641113	-63.838581
1470.986938	-63.434364
1472.332764	-65.275131
1473.678589	-64.514343
1475.024414	-61.911110
1476.370239	-62.368984
1477.716064	-62.756519
1479.061890	-60.948189
1480.407715	-61.507580
1481.753540	-61.897511
1483.099365	-61.088009
1484.445190	-59.476818
1485.791016	-60.287384
1487.136841	-58.119747
1488.482666	-57.020779
1489.828491	-57.464207
1491.174316	-55.829498
1492.520142	-55.715694
1493.865967	-53.103340
1495.211792	-53.036327
1496.557617	-53.848637
1497.903442	-54.116951
1499.249268	-51.857937
1500.595093	-53.391247
1501.940918	-53.693035
1503.286743	-53.276604
1504.632568	-55.832241
1505.978394	-55.752007
1507.324219	-55.870640
1508.670044	-56.456947
1510.015869	-56.699203
1511.361694	-57.363743
1512.707520	-58.185905
1514.053345	-59.028740
1515.399170	-59.434406
1516.744995	-61.178650
1518.090820	-60.872292
1519.436646	-60.829926
1520.782471	-61.294434
1522.128296	-61.694500
1523.474121	-62.018757
1524.819946	-63.872288
1526.165771	-63.899841
1527.511597	-63.374451
1528.857422	-63.853924
1530.203247	-64.283943
1531.549072	-64.441643
1532.894897	-64.460670
1534.240723	-64.726860
1535.586548	-63.955547
1536.932373	-64.557213
1538.278198	-65.811493
1539.624023	-66.189194
1540.969849	-66.833549
1542.315674	-64.891205
1543.661499	-66.963127
1545.007324	-67.770493
1546.353149	-67.721466
1547.698975	-65.704056
1549.044800	-67.257286
1550.390625	-67.804482
1551.736450	-67.154526
1553.082275	-66.748108
1554.428101	-66.565033
1555.773926	-67.666504
1557.119751	-66.737381
1558.465576	-66.836922
1559.811401	-67.920341
1561.157227	-67.293190
1562.503052	-67.390030
1563.848877	-67.299690
1565.194702	-66.783951
1566.540527	-67.513313
1567.886353	-67.798134
1569.232178	-67.694580
1570.578003	-67.997948
1571.923828	-68.549553
1573.269653	-67.408012
1574.615479	-66.839081
1575.961304	-68.468933
1577.307129	-67.885033
1578.652954	-65.154213
1579.998779	-68.624481
1581.344604	-68.697250
1582.690430	-66.405884
1584.036255	-65.559708
1585.382080	-67.297859
1586.727905	-68.021980
1588.073730	-66.867111
1589.419556	-67.090904
1590.765381	-67.005707
1592.111206	-68.023262
1593.457031	-68.534454
1594.802856	-65.842094
1596.148682	-66.317940
1597.494507	-68.544388
1598.840332	-66.339836
1600.186157	-65.893471
1601.531982	-65.779114
1602.877808	-65.922829
1604.223633	-64.743134
1605.569458	-65.116936
1606.915283	-64.716324
1608.261108	-64.538063
1609.606934	-64.237488
1610.952759	-64.441628
1612.298584	-63.203617
1613.644409	-63.489662
1614.990234	-62.971481
1616.336060	-64.344627
1617.681885	-64.252403
1619.027710	-64.237602
1620.373535	-62.599930
1621.719360	-60.645798
1623.065186	-61.032261
1624.411011	-62.924194
1625.756836	-60.828434
1627.102661	-60.829102
1628.448486	-59.793636
1629.794312	-58.907604
1631.140137	-58.536892
1632.485962	-58.656593
1633.831787	-56.732635
1635.177612	-57.798702
1636.523438	-54.872986
1637.869263	-54.447861
1639.215088	-54.503754
1640.560913	-54.185539
1641.906738	-53.064991
1643.252563	-51.828156
1644.598389	-51.438782
1645.944214	-51.568192
1647.290039	-51.873314
1648.635864	-51.607002
1649.981689	-49.986423
1651.327515	-50.158493
1652.673340	-50.406555
1654.019165	-51.091488
1655.364990	-52.919968
1656.710815	-53.393803
1658.056641	-54.896896
1659.402466	-54.799892
1660.748291	-58.051407
1662.094116	-57.142307
1663.439941	-55.728596
1664.785767	-59.093018
1666.131592	-58.201138
1667.477417	-57.992214
1668.823242	-58.629185
1670.169067	-58.065540
1671.514893	-59.993797
1672.860718	-60.708084
1674.206543	-59.217903
1675.552368	-60.707016
1676.898193	-60.593521
1678.244019	-60.536171
1679.589844	-61.252270
1680.935669	-61.908760
1682.281494	-63.989262
1683.627319	-62.155640
1684.973145	-64.099113
1686.318970	-63.789043
1687.664795	-63.470387
1689.010620	-63.609657
1690.356445	-63.512447
1691.702271	-64.563385
1693.048096	-64.028206
1694.393921	-64.674118
1695.739746	-64.516685
1697.085571	-64.538689
1698.431396	-65.105484
1699.777222	-63.780453
1701.123047	-66.408264
1702.468872	-65.122498
1703.814697	-64.863075
1705.160522	-65.967674
1706.506348	-64.445961
1707.852173	-64.326202
1709.197998	-65.262047
1710.543823	-64.823906
1711.889648	-66.471306
1713.235474	-65.777756
1714.581299	-65.394524
1715.927124	-65.519768
1717.272949	-63.696587
1718.618774	-65.812981
1719.964600	-64.026009
1721.310425	-65.615776
1722.656250	-66.669022
1724.002075	-66.300316
1725.347900	-64.711586
1726.693726	-66.308235
1728.039551	-65.572433
1729.385376	-64.692177
1730.731201	-63.974228
1732.077026	-64.788284
1733.422852	-65.135651
1734.768677	-65.033615
1736.114502	-64.284538
1737.460327	-64.714249
1738.806152	-65.034729
1740.151978	-65.369209
1741.497803	-64.892410
1742.843628	-65.057045
1744.189453	-63.247169
1745.535278	-64.751320
1746.881104	-63.738503
1748.226929	-63.028111
1749.572754	-63.997334
1750.918579	-63.223228
1752.264404	-63.475109
1753.610229	-63.115990
1754.956055	-62.423325
1756.301880	-63.191761
1757.647705	-63.860706
1758.993530	-63.065567
1760.339355	-61.592236
1761.685181	-60.731983
1763.031006	-62.937107
1764.376831	-61.160618
1765.722656	-60.090691
1767.068481	-59.072983
1768.414307	-60.926819
1769.760132	-60.160263
1771.105957	-59.378788
1772.451782	-58.971989
1773.797607	-58.204926
1775.143433	-57.878433
1776.489258	-58.015594
1777.835083	-57.352097
1779.180908	-55.738258
1780.526733	-55.607483
1781.872559	-56.345871
1783.218384	-55.043129
1784.564209	-55.702358
1785.910034	-52.923744
1787.255859	-52.687256
1788.601685	-52.025127
1789.947510	-51.340630
1791.293335	-51.031059
1792.639160	-49.679844
1793.984985	-48.490898
1795.330811	-50.000877
1796.676636	-48.311775
1798.022461	-48.602627
1799.368286	-48.080654
1800.714111	-49.552456
1802.059937	-48.981552
1803.405762	-48.808624
1804.751587	-50.316277
1806.097412	-51.657539
1807.443237	-51.799721
1808.789062	-52.202854
1810.134888	-54.478123
1811.480713	-53.808205
1812.826538	-53.278767
1814.172363	-53.953911
1815.518188	-54.636692
1816.864014	-54.719635
1818.209839	-56.892708
1819.555664	-58.912346
1820.901489	-56.763790
1822.247314	-56.334579
1823.593140	-57.362133
1824.938965	-58.379875
1826.284790	-60.140850
1827.630615	-57.861549
1828.976440	-58.371704
1830.322266	-60.286453
1831.668091	-60.260956
1833.013916	-60.959469
1834.359741	-62.565952
1835.705566	-60.349228
1837.051392	-61.281090
1838.397217	-61.470375
1839.743042	-61.909149
1841.088867	-60.934536
1842.434692	-62.267479
1843.780518	-61.282715
1845.126343	-63.049080
1846.472168	-61.138718
1847.817993	-62.566181
1849.163818	-62.247696
1850.509644	-62.294956
1851.855469	-63.743000
1853.201294	-63.928936
1854.547119	-63.374645
1855.892944	-62.413155
1857.238770	-63.077984
1858.584595	-62.536987
1859.930420	-61.759449
1861.276245	-63.400768
1862.622070	-63.655804
1863.967896	-62.132832
1865.313721	-64.038956
1866.659546	-61.772438
1868.005371	-62.213024
1869.351196	-62.692856
1870.697021	-64.871323
1872.042847	-62.530605
1873.388672	-61.864571
1874.734497	-63.197723
1876.080322	-63.370304
1877.426147	-63.062138
1878.771973	-64.058960
1880.117798	-62.109840
1881.463623	-62.819893
1882.809448	-63.299999
1884.155273	-62.842758
1885.501099	-63.014427
1886.846924	-61.312046
1888.192749	-62.132080
1889.538574	-61.646542
1890.884399	-61.858234
1892.230225	-61.609142
1893.576050	-63.580196
1894.921875	-60.813515
1896.267700	-61.914650
1897.613525	-61.359501
1898.959351	-61.327301
1900.305176	-61.945225
1901.651001	-61.705578
1902.996826	-62.846542
1904.342651	-59.930637
1905.688477	-59.472015
1907.034302	-59.895576
1908.380127	-60.352673
1909.725952	-58.775402
1911.071777	-58.591537
1912.417603	-57.562473
1913.763428	-58.140617
1915.109253	-59.285301
1916.455078	-58.201035
1917.800903	-58.024101
1919.146729	-58.648144
1920.492554	-55.939636
1921.838379	-56.282375
1923.184204	-54.853985
1924.530029	-56.246265
1925.875854	-54.823963
1927.221680	-53.900379
1928.567505	-53.873455
1929.913330	-53.612511
1931.259155	-52.941395
1932.604980	-51.223255
1933.950806	-50.991142
1935.296631	-51.427055
1936.642456	-50.006767
1937.988281	-48.811291
1939.334106	-48.866444
1940.679932	-48.214130
1942.025757	-46.987671
1943.371582	-47.294289
1944.717407	-45.356194
1946.063232	-45.560154
1947.409058	-45.844555
1948.754883	-46.013348
1950.100708	-47.984306
1951.446533	-47.098866
1952.792358	-48.477242
1954.138184	-49.436081
1955.484009	-50.931572
1956.829834	-51.371681
1958.175659	-52.491928
1959.521484	-52.274162
1960.867310	-51.659145
1962.213135	-52.883465
1963.558960	-52.788803
1964.904785	-53.484364
1966.250610	-54.781044
1967.596436	-55.743816
1968.942261	-54.456375
1970.288086	-56.756538
1971.633911	-56.558090
1972.979736	-57.008362
1974.325562	-55.841564
1975.671387	-56.158474
1977.017212	-59.286453
1978.363037	-58.011017
1979.708862	-58.466896
1981.054688	-59.366104
1982.400513	-57.216225
1983.746338	-58.983345
1985.092163	-60.203480
1986.437988	-59.251369
1987.783813	-59.485710
1989.129639	-58.638725
1990.475464	-58.057190
1991.821289	-59.387981
1993.167114	-59.049610
1994.512939	-58.845413
1995.858765	-59.581482
1997.204590	-60.755753
1998.550415	-61.187954
1999.896240	-59.070564
2001.242065	-60.001507
2002.587891	-58.991379
2003.933716	-59.291847
2005.279541	-60.931919
2006.625366	-59.194363
2007.971191	-60.294720
2009.317017	-59.828133
2010.662842	-60.534416
2012.008667	-61.020287
2013.354492	-61.808193
2014.700317	-60.534439
2016.046143	-60.576515
2017.391968	-60.656132
2018.737793	-60.383419
2020.083618	-61.473503
2021.429443	-60.822346
2022.775269	-59.331306
2024.121094	-60.082798
2025.466919	-61.150486
2026.812744	-60.296936
2028.158569	-60.631702
2029.504395	-60.675480
2030.850220	-59.811543
2032.196045	-59.854538
2033.541870	-61.613770
2034.887695	-59.717236
2036.233521	-60.935081
2037.579346	-61.158134
2038.925171	-60.311222
2040.270996	-60.339703
2041.616821	-59.765850
2042.962646	-58.980427
2044.308472	-59.817825
2045.654297	-60.755177
2047.000122	-60.803104
2048.345947	-59.959145
2049.691772	-59.745594
2051.037598	-57.618282
2052.383423	-58.589584
2053.729248	-58.525486
2055.075073	-58.709064
2056.420898	-57.623001
2057.766724	-57.895329
2059.112549	-55.274136
2060.458374	-57.230011
2061.804199	-56.271191
2063.150024	-56.146801
2064.495850	-56.825687
2065.841675	-55.662216
2067.187500	-53.839603
2068.533325	-55.366829
2069.879150	-55.773396
2071.224976	-52.927235
2072.570801	-53.432953
2073.916626	-53.880329
2075.262451	-53.350231
2076.608276	-51.502285
2077.954102	-51.653851
2079.299927	-50.766968
2080.645752	-49.646019
2081.991577	-50.169968
2083.337402	-48.316715
2084.683228	-48.124794
2086.029053	-46.171329
2087.374878	-48.095264
2088.720703	-48.936119
2090.066528	-45.939415
2091.412354	-46.906479
2092.758179	-46.193600
2094.104004	-45.662071
2095.449829	-45.562752
2096.795654	-46.067219
2098.141479	-46.591373
2099.487305	-46.021591
2100.833130	-47.022243
2102.178955	-47.644135
2103.524780	-48.107014
2104.870605	-48.563442
2106.216431	-49.053322
2107.562256	-49.138783
2108.908081	-48.790836
2110.253906	-51.044296
2111.599731	-50.254551
2112.945557	-51.634647
2114.291382	-52.648094
2115.637207	-52.286861
2116.983032	-52.964558
2118.328857	-53.053017
2119.674683	-53.477425
2121.020508	-54.041759
2122.366333	-53.518394
2123.712158	-55.085434
2125.057983	-55.075817
2126.403809	-55.344234
2127.749634	-54.841873
2129.095459	-56.096230
2130.441284	-57.062080
2131.787109	-57.726746
2133.132935	-56.290379
2134.478760	-55.482346
2135.824585	-55.282825
2137.170410	-55.833771
2138.516235	-56.064762
2139.862061	-57.577042
2141.207886	-56.833176
2142.553711	-55.533451
2143.899536	-56.462185
2145.245361	-56.817257
2146.591187	-56.979469
2147.937012	-58.216354
2149.282837	-58.162800
2150.628662	-56.654976
2151.974487	-59.118526
2153.320312	-58.586483
2154.666138	-59.311890
2156.011963	-58.350166
2157.357788	-57.888397
2158.703613	-59.390850
2160.049438	-58.358273
2161.395264	-57.645275
2162.741089	-58.446842
2164.086914	-57.058090
2165.432739	-57.625168
2166.778564	-58.284969
2168.124390	-57.092541
2169.470215	-59.171772
2170.816040	-58.911449
2172.161865	-57.791019
2173.507690	-58.788383
2174.853516	-58.222019
2176.199341	-58.084934
2177.545166	-58.858219
2178.890991	-57.528820
2180.236816	-57.609943
2181.582642	-57.307999
2182.928467	-57.064560
2184.274292	-60.340679
2185.620117	-57.230152
2186.965942	-56.123623
2188.311768	-56.674145
2189.657593	-56.018341
2191.003418	-57.732975
2192.349243	-57.584316
2193.695068	-56.212791
2195.040894	-55.779263
2196.386719	-56.673462
2197.732544	-58.448719
2199.078369	-58.034222
2200.424194	-56.148525
2201.770020	-56.085636
2203.115845	-55.628429
2204.461670	-55.525116
2205.807495	-54.728783
2207.153320	-54.951389
2208.499146	-56.945843
2209.844971	-54.307068
2211.190796	-54.007793
2212.536621	-52.486046
2213.882446	-53.062805
2215.228271	-54.361347
2216.574097	-54.368351
2217.919922	-52.439060
2219.265747	-52.957081
2220.611572	-52.108418
2221.957397	-49.866615
2223.303223	-50.641426
2224.649048	-50.499760
2225.994873	-51.168518
2227.340698	-50.141525
2228.686523	-50.118702
2230.032349	-48.457542
2231.378174	-48.979366
2232.723999	-48.039852
2234.069824	-45.663589
2235.415649	-47.584152
2236.761475	-46.885891
2238.107300	-47.248085
2239.453125	-46.090805
2240.798950	-44.498875
2242.144775	-45.244305
2243.490601	-43.649406
2244.836426	-45.220367
2246.182251	-44.005737
2247.528076	-44.626286
2248.873901	-44.889881
2250.219727	-44.908062
2251.565552	-46.965843
2252.911377	-46.810913
2254.257202	-46.412121
2255.603027	-47.005745
2256.948853	-48.169292
2258.294678	-47.222801
2259.640503	-47.909264
2260.986328	-47.527832
2262.332153	-50.105312
2263.677979	-49.842289
2265.023804	-49.098492
2266.369629	-50.519230
2267.715454	-50.987129
2269.061279	-50.617691
2270.407104	-51.242149
2271.752930	-51.069904
2273.098755	-52.409378
2274.444580	-53.154705
2275.790405	-52.959373
2277.136230	-53.057838
2278.482056	-52.383041
2279.827881	-53.477303
2281.173706	-53.323078
2282.519531	-54.285458
2283.865356	-54.353416
2285.211182	-54.034519
2286.557007	-54.016689
2287.902832	-54.650864
2289.248657	-54.649609
2290.594482	-55.432339
2291.940308	-55.958595
2293.286133	-56.096657
2294.631958	-54.504044
2295.977783	-55.258190
2297.323608	-55.266430
2298.669434	-54.193836
2300.015259	-55.796059
2301.361084	-56.299866
2302.706909	-56.265167
2304.052734	-56.764721
2305.398560	-56.198128
2306.744385	-54.683208
2308.090210	-56.412788
2309.436035	-54.755310
2310.781860	-55.876526
2312.127686	-55.685970
2313.473511	-56.578613
2314.819336	-56.602680
2316.165161	-55.428970
2317.510986	-54.913525
2318.856812	-55.802959
2320.202637	-55.674015
2321.548462	-57.690491
2322.894287	-56.491802
2324.240112	-55.835938
2325.585938	-54.839382
2326.931763	-54.522057
2328.277588	-55.230774
2329.623413	-55.479782
2330.969238	-56.976719
2332.315063	-54.913483
2333.660889	-56.700726
2335.006714	-55.618492
2336.352539	-55.315495
2337.698364	-54.849663
2339.044189	-52.587585
2340.390015	-54.867180
2341.735840	-54.599194
2343.081665	-54.681549
2344.427490	-55.156078
2345.773315	-54.415184
2347.119141	-53.375896
2348.464966	-54.167316
2349.810791	-54.388622
2351.156616	-52.361801
2352.502441	-53.218082
2353.848267	-53.573212
2355.194092	-51.966709
2356.539917	-52.644783
2357.885742	-51.455238
2359.231567	-55.096676
2360.577393	-52.324001
2361.923218	-50.428993
2363.269043	-50.969746
2364.614868	-50.951725
2365.960693	-52.896614
2367.306519	-50.234501
2368.652344	-50.499607
2369.998169	-49.740864
2371.343994	-49.150192
2372.689819	-49.114697
2374.035645	-49.562088
2375.381470	-48.765892
2376.727295	-47.494755
2378.073120	-46.798332
2379.418945	-46.141010
2380.764771	-45.558853
2382.110596	-46.433010
2383.456421	-44.617302
2384.802246	-44.501431
2386.148071	-44.808140
2387.493896	-44.219139
2388.839722	-45.154179
2390.185547	-44.508511
2391.531372	-44.057999
2392.877197	-45.055367
2394.223022	-43.923992
2395.568848	-43.861328
2396.914673	-44.752789
2398.260498	-45.650146
2399.606323	-44.166386
2400.952148	-43.604218
2402.297974	-45.032726
2403.643799	-45.003262
2404.989624	-46.061253
2406.335449	-45.559681
2407.681274	-45.692593
2409.027100	-48.783855
2410.372925	-47.617508
2411.718750	-47.569672
2413.064575	-47.296047
2414.410400	-47.252712
2415.756226	-48.888027
2417.102051	-49.302807
2418.447876	-48.714695
2419.793701	-50.362240
2421.139526	-49.151550
2422.485352	-48.671627
2423.831177	-50.177715
2425.177002	-50.205956
2426.522827	-52.419640
2427.868652	-51.940853
2429.214478	-50.689655
2430.560303	-51.690956
2431.906128	-52.279602
2433.251953	-52.443958
2434.597778	-50.779896
2435.943604	-53.422714
2437.289429	-52.688461
2438.635254	-53.725182
2439.981079	-53.712292
2441.326904	-53.359772
2442.672729	-53.501045
2444.018555	-54.902985
2445.364380	-53.402092
2446.710205	-52.876869
2448.056030	-52.870773
2449.401855	-54.098267
2450.747681	-52.901466
2452.093506	-53.719814
2453.439331	-54.116890
2454.785156	-54.657578
2456.130981	-53.300625
2457.476807	-54.503262
2458.822632	-52.350929
2460.168457	-54.429848
2461.514282	-56.688652
2462.860107	-53.769974
2464.205933	-53.369957
2465.551758	-54.268517
2466.897583	-55.372696
2468.243408	-55.987823
2469.589233	-54.508545
2470.935059	-55.231655
2472.280884	-52.801418
2473.626709	-54.384617
2474.972534	-53.851582
2476.318359	-53.460629
2477.664185	-53.076843
2479.010010	-54.879051
2480.355835	-53.773346
2481.701660	-53.021507
2483.047485	-54.010628
2484.393311	-53.248684
2485.739136	-52.483284
2487.084961	-53.459789
2488.430786	-53.041969
2489.776611	-54.877132
2491.122437	-52.961693
2492.468262	-52.338760
2493.814087	-53.223042
2495.159912	-54.479843
2496.505737	-53.018620
2497.851562	-52.397633
2499.197388	-52.300323
2500.543213	-51.863861
2501.889038	-52.110794
2503.234863	-51.969311
2504.580688	-51.947182
2505.926514	-52.383629
2507.272339	-50.349731
2508.618164	-49.772610
2509.963989	-50.729816
2511.309814	-51.461945
2512.655640	-50.681671
2514.001465	-49.209694
2515.347290	-49.330402
2516.693115	-49.583569
2518.038940	-47.711102
2519.384766	-48.697933
2520.730591	-47.836693
2522.076416	-47.651192
2523.422241	-48.532967
2524.768066	-47.046997
2526.113892	-47.571503
2527.459717	-47.050030
2528.805542	-47.029320
2530.151367	-46.238892
2531.497192	-46.069569
2532.843018	-43.883194
2534.188843	-45.250740
2535.534668	-43.967293
2536.880493	-44.893692
2538.226318	-44.380684
2539.572144	-45.030628
2540.917969	-44.826607
2542.263794	-42.087135
2543.609619	-44.919678
2544.955444	-45.054451
2546.301270	-45.546543
2547.647095	-42.277275
2548.992920	-43.165173
2550.338745	-44.180332
2551.684570	-45.054138
2553.030396	-45.346439
2554.376221	-43.858696
2555.722046	-44.945354
2557.067871	-46.837852
2558.413696	-44.611366
2559.759521	-46.513664
2561.105347	-47.578362
2562.451172	-46.177425
2563.796997	-47.654919
2565.142822	-46.629536
2566.488647	-48.637596
2567.834473	-49.014507
2569.180298	-49.129303
2570.526123	-48.471836
2571.871948	-49.496605
2573.217773	-49.052620
2574.563599	-49.283970
2575.909424	-49.210167
2577.255249	-48.368866
2578.601074	-50.248283
2579.946899	-49.952232
2581.292725	-51.058643
2582.638550	-50.598396
2583.984375	-50.160980
2585.330200	-49.540955
2586.676025	-51.023228
2588.021851	-51.184231
2589.367676	-52.518242
2590.713501	-51.312305
2592.059326	-50.293476
2593.405151	-50.899925
2594.750977	-52.492111
2596.096802	-51.848412
2597.442627	-52.874123
2598.788452	-52.877247
2600.134277	-52.837158
2601.480103	-54.097954
2602.825928	-53.287659
2604.171753	-52.349277
2605.517578	-52.249435
2606.863403	-53.430740
2608.209229	-54.443653
2609.555054	-53.182816
2610.900879	-52.328129
2612.246704	-55.138229
2613.592529	-54.499157
2614.938354	-53.573814
2616.284180	-51.861874
2617.630005	-52.468395
2618.975830	-52.952526
2620.321655	-52.689629
2621.667480	-52.901352
2623.013306	-53.057529
2624.359131	-51.989536
2625.704956	-53.840668
2627.050781	-52.830376
2628.396606	-52.858521
2629.742432	-53.604366
2631.088257	-54.057495
2632.434082	-55.695206
2633.779907	-52.717289
2635.125732	-52.097359
2636.471558	-53.157055
2637.817383	-53.060825
2639.163208	-52.141888
2640.509033	-52.126987
2641.854858	-52.282318
2643.200684	-53.341606
2644.546509	-52.666615
2645.892334	-53.001366
2647.238159	-51.941090
2648.583984	-50.224865
2649.929810	-53.637547
2651.275635	-51.843636
2652.621460	-50.651081
2653.967285	-51.407368
2655.313110	-50.640896
2656.658936	-51.245106
2658.004761	-51.312584
2659.350586	-50.016445
2660.696411	-51.936550
2662.042236	-50.388985
2663.388062	-50.423878
2664.733887	-48.804363
2666.079712	-48.757324
2667.425537	-49.131721
2668.771362	-48.676193
2670.117188	-49.451550
2671.463013	-48.868587
2672.808838	-50.203419
2674.154663	-47.558468
2675.500488	-48.428684
2676.846313	-48.176357
2678.192139	-46.565273
2679.537964	-47.240517
2680.883789	-47.001480
2682.229614	-46.168808
2683.575439	-44.577564
2684.921265	-45.247070
2686.267090	-44.864010
2687.612915	-44.298447
2688.958740	-44.510021
2690.304565	-42.964855
2691.650391	-43.479305
2692.996216	-43.363091
2694.342041	-44.696987
2695.687866	-42.493111
2697.033691	-42.916847
2698.379517	-44.613621
2699.725342	-42.992882
2701.071167	-43.025330
2702.416992	-43.038185
2703.762817	-43.037487
2705.108643	-43.336273
2706.454468	-43.032578
2707.800293	-44.587463
2709.146118	-43.534050
2710.491943	-45.649712
2711.837769	-46.085819
2713.183594	-45.614182
2714.529419	-45.823948
2715.875244	-46.466419
2717.221069	-46.262001
2718.566895	-46.721218
2719.912720	-48.296211
2721.258545	-48.128033
2722.604370	-48.271381
2723.950195	-49.871094
2725.296021	-49.531151
2726.641846	-50.205761
2727.987671	-50.365364
2729.333496	-50.542870
2730.679321	-50.192982
2732.025146	-48.992630
2733.370972	-50.172668
2734.716797	-50.775848
2736.062622	-50.862568
2737.408447	-50.156288
2738.754272	-52.007900
2740.100098	-50.825207
2741.445923	-51.177147
2742.791748	-53.291588
2744.137573	-50.752319
2745.483398	-51.389027
2746.829224	-51.077461
2748.175049	-52.904747
2749.520874	-54.031151
2750.866699	-53.617207
2752.212524	-53.146107
2753.558350	-53.720005
2754.904175	-53.194256
2756.250000	-53.188927
2757.595825	-53.664669
2758.941650	-54.101963
2760.287476	-53.794373
2761.633301	-52.122574
2762.979126	-53.188152
2764.324951	-51.880257
2765.670776	-52.164921
2767.016602	-54.594910
2768.362427	-54.586102
2769.708252	-52.653042
2771.054077	-52.388824
2772.399902	-54.349365
2773.745728	-53.888901
2775.091553	-53.476639
2776.437378	-51.818409
2777.783203	-53.791401
2779.129028	-53.935238
2780.474854	-53.096069
2781.820679	-53.676434
2783.166504	-52.803810
2784.512329	-52.737103
2785.858154	-53.680340
2787.203979	-53.642487
2788.549805	-53.339153
2789.895630	-52.308617
2791.241455	-52.858955
2792.587280	-52.183491
2793.933105	-51.309479
2795.278931	-51.237984
2796.624756	-51.432388
2797.970581	-52.232658
2799.316406	-52.302525
2800.662231	-51.592686
2802.008057	-50.728577
2803.353882	-50.994984
2804.699707	-51.205498
2806.045532	-50.567707
2807.391357	-50.807293
2808.737183	-51.809666
2810.083008	-51.929039
2811.428833	-50.136494
2812.774658	-50.018986
2814.120483	-51.749943
2815.466309	-51.005497
2816.812134	-48.973412
2818.157959	-49.610664
2819.503784	-50.001957
2820.849609	-48.924129
2822.195435	-48.720375
2823.541260	-47.609776
2824.887085	-49.965073
2826.232910	-49.514023
2827.578735	-49.264038
2828.924561	-48.787457
2830.270386	-47.756096
2831.616211	-47.575180
2832.962036	-47.632607
2834.307861	-45.151123
2835.653687	-44.719463
2836.999512	-45.284496
2838.345337	-44.398499
2839.691162	-45.147118
2841.036987	-45.131817
2842.382812	-43.000298
2843.728638	-44.523529
2845.074463	-42.832588
2846.420288	-45.846386
2847.766113	-44.986893
2849.111938	-43.188084
2850.457764	-42.495270
2851.803589	-42.791523
2853.149414	-43.744736
2854.495239	-43.740578
2855.841064	-43.823715
2857.186890	-45.993717
2858.532715	-45.272747
2859.878540	-45.634644
2861.224365	-45.373363
2862.570190	-47.247231
2863.916016	-47.526047
2865.261841	-47.727268
2866.607666	-48.313370
2867.953491	-46.669765
2869.299316	-44.976788
2870.645142	-48.262451
2871.990967	-48.943176
2873.336792	-50.247349
2874.682617	-49.454449
2876.028442	-50.641895
2877.374268	-48.947922
2878.720093	-49.956661
2880.065918	-51.034946
2881.411743	-49.227676
2882.757568	-51.718201
2884.103394	-51.219303
2885.449219	-51.654907
2886.795044	-51.377956
2888.140869	-53.206799
2889.486694	-50.851280
2890.832520	-50.508472
2892.178345	-52.601242
2893.524170	-51.968227
2894.869995	-53.294785
2896.215820	-53.212414
2897.561646	-51.858776
2898.907471	-52.368557
2900.253296	-51.837711
2901.599121	-53.003063
2902.944946	-52.276600
2904.290771	-52.980377
2905.636597	-53.814423
2906.982422	-53.089912
2908.328247	-53.244183
2909.674072	-53.144035
2911.019897	-52.294231
2912.365723	-55.591042
2913.711548	-54.557194
2915.057373	-52.682568
2916.403198	-53.174416
2917.749023	-53.275379
2919.094849	-53.497032
2920.440674	-52.904533
2921.786499	-53.880505
2923.132324	-53.802280
2924.478149	-54.666222
2925.823975	-54.513306
2927.169800	-56.212921
2928.515625	-54.419212
2929.861450	-53.765179
2931.207275	-55.236946
2932.553101	-55.197803
2933.898926	-53.933277
2935.244751	-54.597282
2936.590576	-52.635372
2937.936401	-52.516087
2939.282227	-53.600216
2940.628052	-54.613655
2941.973877	-54.685806
2943.319702	-52.036263
2944.665527	-54.071381
2946.011353	-53.371059
2947.357178	-54.140377
2948.703003	-53.651649
2950.048828	-53.167519
2951.394653	-53.668243
2952.740479	-54.347980
2954.086304	-52.161572
2955.432129	-51.487759
2956.777954	-52.319256
2958.123779	-51.078274
2959.469604	-51.219772
2960.815430	-51.025562
2962.161255	-50.331627
2963.507080	-50.446804
2964.852905	-50.735184
2966.198730	-50.983238
2967.544556	-50.740517
2968.890381	-48.265236
2970.236206	-49.565502
2971.582031	-50.100113
2972.927856	-50.185379
2974.273682	-48.838741
2975.619507	-47.609138
2976.965332	-47.913185
2978.311157	-46.858490
2979.656982	-47.994480
2981.002808	-47.730152
2982.348633	-48.057644
2983.694458	-45.266911
2985.040283	-44.389927
2986.386108	-46.556156
2987.731934	-46.217556
2989.077759	-46.593422
2990.423584	-46.238380
2991.769409	-45.332283
2993.115234	-45.569046
2994.461060	-44.185028
2995.806885	-44.437443
2997.152710	-44.745037
2998.498535	-43.493305
2999.844360	-43.331474
3001.190186	-43.710510
3002.536011	-45.246864
3003.881836	-45.831367
3005.227661	-45.646687
3006.573486	-44.668427
3007.919312	-45.729889
3009.265137	-46.499081
3010.610962	-46.147324
3011.956787	-46.128094
3013.302612	-47.935635
3014.648438	-49.092548
3015.994263	-48.554901
3017.340088	-48.502159
3018.685913	-49.777996
3020.031738	-50.187889
3021.377563	-51.065170
3022.723389	-49.431530
3024.069214	-49.406349
3025.415039	-50.038521
3026.760864	-49.886116
3028.106689	-49.862362
3029.452515	-51.915859
3030.798340	-50.710583
3032.144165	-51.101974
3033.489990	-54.198074
3034.835815	-52.665039
3036.181641	-52.221828
3037.527466	-53.788574
3038.873291	-52.749760
3040.219116	-53.059219
3041.564941	-52.592171
3042.910767	-53.438797
3044.256592	-53.828506
3045.602417	-53.530449
3046.948242	-53.691269
3048.294067	-52.497433
3049.639893	-53.283157
3050.985718	-52.851887
3052.331543	-54.271145
3053.677368	-53.581203
3055.023193	-53.907703
3056.369019	-54.911774
3057.714844	-53.815182
3059.060669	-55.053669
3060.406494	-54.284588
3061.752319	-55.350300
3063.098145	-55.258656
3064.443970	-55.904747
3065.789795	-55.769920
3067.135620	-55.131653
3068.481445	-55.870831
3069.827271	-54.644375
3071.173096	-56.166950
3072.518921	-54.277225
3073.864746	-55.787231
3075.210571	-54.523159
3076.556396	-55.975727
3077.902222	-54.445953
3079.248047	-53.386303
3080.593872	-53.428928
3081.939697	-54.024605
3083.285522	-54.558334
3084.631348	-56.098873
3085.977173	-54.766998
3087.322998	-54.823009
3088.668823	-55.142616
3090.014648	-53.261467
3091.360474	-53.446991
3092.706299	-54.442940
3094.052124	-53.931602
3095.397949	-54.249638
3096.743774	-53.493370
3098.089600	-53.215427
3099.435425	-54.735134
3100.781250	-52.183510
3102.127075	-53.359142
3103.472900	-54.063000
3104.818726	-51.933804
3106.164551	-52.667461
3107.510376	-52.970390
3108.856201	-52.285099
3110.202026	-51.406185
3111.547852	-51.046715
3112.893677	-52.087227
3114.239502	-51.589706
3115.585327	-50.646408
3116.931152	-50.822945
3118.276978	-50.824493
3119.622803	-50.544971
3120.968628	-50.488800
3122.314453	-50.149555
3123.660278	-50.103317
3125.006104	-49.713387
3126.351929	-49.389267
3127.697754	-47.826309
3129.043579	-47.234627
3130.389404	-47.781185
3131.735229	-46.630192
3133.081055	-46.917213
3134.426880	-47.080494
3135.772705	-47.431610
3137.118530	-46.840771
3138.464355	-46.677635
3139.810181	-45.688999
3141.156006	-45.541405
3142.501831	-43.229172
3143.847656	-44.435074
3145.193481	-44.385910
3146.539307	-45.432625
3147.885132	-43.005379
3149.230957	-43.552486
3150.576782	-44.633823
3151.922607	-44.732632
3153.268433	-45.482899
3154.614258	-45.192135
3155.960083	-45.292683
3157.305908	-46.654510
3158.651733	-45.655338
3159.997559	-46.514648
3161.343384	-46.508160
3162.689209	-47.503632
3164.035034	-47.545830
3165.380859	-47.076233
3166.726685	-48.096363
3168.072510	-48.203629
3169.418335	-48.976963
3170.764160	-49.059120
3172.109985	-50.156143
3173.455811	-50.425529
3174.801636	-49.144886
3176.147461	-48.950195
3177.493286	-51.614147
3178.839111	-51.502258
3180.184937	-50.225315
3181.530762	-51.695808
3182.876587	-52.621002
3184.222412	-51.014076
3185.568237	-51.373306
3186.914062	-53.084934
3188.259888	-51.766689
3189.605713	-54.080173
3190.951538	-54.423882
3192.297363	-53.897926
3193.643188	-54.276218
3194.989014	-53.721119
3196.334839	-53.680424
3197.680664	-53.119965
3199.026489	-54.227287
3200.372314	-53.726551
3201.718140	-54.638927
3203.063965	-55.690453
3204.409790	-55.316162
3205.755615	-54.595711
3207.101440	-55.150299
3208.447266	-55.181358
3209.793091	-54.321144
3211.138916	-54.379528
3212.484741	-54.482140
3213.830566	-54.215023
3215.176392	-53.264084
3216.522217	-53.700722
3217.868042	-55.282967
3219.213867	-55.296333
3220.559692	-55.263187
3221.905518	-56.056808
3223.251343	-55.316093
3224.597168	-53.379055
3225.942993	-52.578304
3227.288818	-55.663509
3228.634644	-53.824028
3229.980469	-55.847595
3231.326294	-54.229916
3232.672119	-57.636837
3234.017944	-55.419933
3235.363770	-52.773224
3236.709595	-53.685516
3238.055420	-54.557198
3239.401245	-54.003548
3240.747070	-54.450222
3242.092896	-53.691433
3243.438721	-53.980408
3244.784546	-54.613834
3246.130371	-54.346855
3247.476196	-53.017963
3248.822021	-52.897503
3250.167847	-52.010330
3251.513672	-54.380978
3252.859497	-52.293121
3254.205322	-53.756802
3255.551147	-52.751469
3256.896973	-52.127094
3258.242798	-54.395210
3259.588623	-52.778015
3260.934448	-52.148567
3262.280273	-51.773796
3263.626099	-52.534172
3264.971924	-50.583675
3266.317749	-51.551182
3267.663574	-51.061169
3269.009399	-49.567757
3270.355225	-49.916607
3271.701050	-50.589046
3273.046875	-49.579979
3274.392700	-49.712078
3275.738525	-49.129368
3277.084351	-49.563385
3278.430176	-50.114933
3279.776001	-49.362469
3281.121826	-48.511330
3282.467651	-47.887241
3283.813477	-47.261318
3285.159302	-48.331650
3286.505127	-46.516129
3287.850952	-46.744125
3289.196777	-45.882587
3290.542603	-43.929718
3291.888428	-44.834011
3293.234253	-45.679245
3294.580078	-45.955013
3295.925903	-45.861164
3297.271729	-45.195980
3298.617554	-43.666824
3299.963379	-43.251625
3301.309204	-44.471344
3302.655029	-45.443375
3304.000854	-46.090443
3305.346680	-45.511497
3306.692505	-47.064930
3308.038330	-46.783375
3309.384155	-48.146317
3310.729980	-46.936760
3312.075806	-46.411648
3313.421631	-48.173496
3314.767456	-47.501114
3316.113281	-48.387386
3317.459106	-47.971066
3318.804932	-49.379040
3320.150757	-47.912666
3321.496582	-48.494099
3322.842407	-49.982716
3324.188232	-49.159473
3325.534058	-48.533478
3326.879883	-51.917133
3328.225708	-51.108997
3329.571533	-51.077751
3330.917358	-50.484623
3332.263184	-53.727131
3333.609009	-51.918835
3334.954834	-51.657063
3336.300659	-52.793285
3337.646484	-53.144768
3338.992310	-51.842232
3340.338135	-53.255501
3341.683960	-52.604599
3343.029785	-52.691711
3344.375610	-54.132862
3345.721436	-55.497208
3347.067261	-55.528847
3348.413086	-53.093525
3349.758911	-53.949905
3351.104736	-54.784283
3352.450562	-53.966724
3353.796387	-55.654320
3355.142212	-54.402081
3356.488037	-55.830051
3357.833862	-54.982487
3359.179688	-54.257702
3360.525513	-52.651997
3361.871338	-53.530647
3363.217163	-53.755581
3364.562988	-56.507607
3365.908813	-54.223465
3367.254639	-53.499424
3368.600464	-54.718651
3369.946289	-52.369198
3371.292114	-54.528473
3372.637939	-55.127834
3373.983765	-54.449207
3375.329590	-56.017910
3376.675415	-52.924091
3378.021240	-54.076729
3379.367065	-54.134056
3380.712891	-55.895206
3382.058716	-53.139637
3383.404541	-54.983616
3384.750366	-53.783390
3386.096191	-54.512177
3387.442017	-54.751221
3388.787842	-55.861923
3390.133667	-54.764072
3391.479492	-55.748753
3392.825317	-55.162148
3394.171143	-53.497952
3395.516968	-53.334751
3396.862793	-52.880249
3398.208618	-52.360798
3399.554443	-54.324085
3400.900269	-51.904797
3402.246094	-53.918346
3403.591919	-54.367287
3404.937744	-53.681728
3406.283569	-53.084373
3407.629395	-52.752132
3408.975220	-53.350845
3410.321045	-52.566841
3411.666870	-51.350468
3413.012695	-53.493923
3414.358521	-52.608898
3415.704346	-51.492317
3417.050171	-49.433777
3418.395996	-50.647514
3419.741821	-50.554356
3421.087646	-49.151859
3422.433472	-50.262856
3423.779297	-49.915249
3425.125122	-49.830326
3426.470947	-49.296803
3427.816772	-47.693024
3429.162598	-48.213364
3430.508423	-47.995453
3431.854248	-49.891914
3433.200073	-47.554737
3434.545898	-47.680279
3435.891724	-46.901451
3437.237549	-47.663223
3438.583374	-47.419376
3439.929199	-46.473629
3441.275024	-46.320103
3442.620850	-44.486946
3443.966675	-45.036251
3445.312500	-46.293633
3446.658325	-45.570984
3448.004150	-43.535179
3449.349976	-44.702850
3450.695801	-45.032310
3452.041626	-45.248707
3453.387451	-45.539055
3454.733276	-45.268547
3456.079102	-47.676136
3457.424927	-45.309296
3458.770752	-46.036461
3460.116577	-47.776905
3461.462402	-47.902496
3462.808228	-48.279781
3464.154053	-47.557564
3465.499878	-47.634113
3466.845703	-48.263027
3468.191528	-50.200211
3469.537354	-49.143379
3470.883179	-49.033108
3472.229004	-49.279274
3473.574829	-49.078617
3474.920654	-50.910145
3476.266479	-49.326324
3477.612305	-50.423721
3478.958130	-50.554962
3480.303955	-51.577137
3481.649780	-52.128990
3482.995605	-51.089546
3484.341431	-51.916798
3485.687256	-52.558979
3487.033081	-51.959400
3488.378906	-51.295315
3489.724731	-53.642651
3491.070557	-52.981327
3492.416382	-53.753651
3493.762207	-54.366894
3495.108032	-52.757450
3496.453857	-52.890720
3497.799683	-52.447529
3499.145508	-53.244209
3500.491333	-53.851723
3501.837158	-53.418949
3503.182983	-55.114407
3504.528809	-54.074589
3505.874634	-53.554001
3507.220459	-52.953812
3508.566284	-54.441910
3509.912109	-53.839127
3511.257935	-54.098083
3512.603760	-54.618893
3513.949585	-54.137844
3515.295410	-54.049294
3516.641235	-53.846966
3517.987061	-54.767742
3519.332886	-55.262409
3520.678711	-54.838612
3522.024536	-53.560814
3523.370361	-53.570465
3524.716187	-53.615192
3526.062012	-53.771648
3527.407837	-53.202423
3528.753662	-53.219566
3530.099487	-54.893696
3531.445312	-53.890034
3532.791138	-51.988346
3534.136963	-53.277554
3535.482788	-55.162937
3536.828613	-54.434689
3538.174438	-53.514847
3539.520264	-53.294224
3540.866089	-53.296520
3542.211914	-53.981945
3543.557739	-52.557541
3544.903564	-52.894436
3546.249390	-52.536602
3547.595215	-53.024094
3548.941040	-53.402573
3550.286865	-51.922569
3551.632690	-52.674274
3552.978516	-52.348751
3554.324341	-52.148808
3555.670166	-52.814331
3557.015991	-51.431602
3558.361816	-50.511257
3559.707642	-50.997768
3561.053467	-51.126373
3562.399292	-50.273136
3563.745117	-51.108356
3565.090942	-51.876133
3566.436768	-50.242779
3567.782593	-49.144577
3569.128418	-50.083038
3570.474243	-48.245491
3571.820068	-48.680782
3573.165894	-49.539436
3574.511719	-47.887337
3575.857544	-47.906971
3577.203369	-47.383446
3578.549194	-47.988308
3579.895020	-48.027683
3581.240845	-48.535061
3582.586670	-45.700951
3583.932495	-46.128006
3585.278320	-47.333961
3586.624146	-46.420135
3587.969971	-45.319809
3589.315796	-45.298611
3590.661621	-44.106026
3592.007446	-43.997974
3593.353271	-45.934734
3594.699097	-44.755592
3596.044922	-44.588242
3597.390747	-44.456749
3598.736572	-43.250950
3600.082397	-43.744080
3601.428223	-44.352558
3602.774048	-43.817600
3604.119873	-43.751358
3605.465698	-44.979286
3606.811523	-46.976772
3608.157349	-44.421387
3609.503174	-45.606190
3610.848999	-47.253696
3612.194824	-46.281540
3613.540649	-46.043209
3614.886475	-48.294945
3616.232300	-48.455177
3617.578125	-48.744198
3618.923950	-47.641960
3620.269775	-48.291374
3621.615601	-47.517311
3622.961426	-47.937599
3624.307251	-48.834869
3625.653076	-48.893703
3626.998901	-48.472256
3628.344727	-48.997166
3629.690552	-50.031822
3631.036377	-50.533264
3632.382202	-50.101883
3633.728027	-51.189140
3635.073853	-50.244640
3636.419678	-51.778946
3637.765503	-51.418282
3639.111328	-50.887100
3640.457153	-50.675640
3641.802979	-50.786846
3643.148804	-51.421768
3644.494629	-52.159061
3645.840454	-53.033234
3647.186279	-53.437592
3648.532104	-50.613258
3649.877930	-51.628265
3651.223755	-53.421345
3652.569580	-52.895115
3653.915405	-52.438824
3655.261230	-52.228199
3656.607056	-53.801624
3657.952881	-52.537472
3659.298706	-52.492714
3660.644531	-53.297096
3661.990356	-53.586601
3663.336182	-53.912792
3664.682007	-52.928921
3666.027832	-51.547382
3667.373657	-54.014118
3668.719482	-52.456356
3670.065308	-52.535004
3671.411133	-53.322796
3672.756958	-52.069633
3674.102783	-51.331432
3675.448608	-52.021721
3676.794434	-53.244579
3678.140259	-54.059654
3679.486084	-52.276520
3680.831909	-54.006710
3682.177734	-52.403095
3683.523560	-54.157524
3684.869385	-53.129158
3686.215210	-52.491318
3687.561035	-52.126350
3688.906860	-51.789181
3690.252686	-51.825027
3691.598511	-51.916527
3692.944336	-51.381229
3694.290161	-52.300865
3695.635986	-53.901051
3696.981812	-52.083973
3698.327637	-51.555141
3699.673462	-51.774582
3701.019287	-53.232552
3702.365112	-51.051971
3703.710938	-51.101925
3705.056763	-51.474842
3706.402588	-51.299866
3707.748413	-49.254089
3709.094238	-50.829773
3710.440063	-49.992970
3711.785889	-50.015522
3713.131714	-50.957367
3714.477539	-48.799679
3715.823364	-48.936584
3717.169189	-48.186165
3718.515015	-49.407497
3719.860840	-49.007744
3721.206665	-49.416004
3722.552490	-48.385277
3723.898315	-46.894455
3725.244141	-46.892014
3726.589966	-47.657719
3727.935791	-46.789314
3729.281616	-46.171097
3730.627441	-45.186111
3731.973267	-45.974812
3733.319092	-45.493958
3734.664917	-46.466827
3736.010742	-45.929867
3737.356567	-45.866478
3738.702393	-44.898956
3740.048218	-44.245396
3741.394043	-43.198494
3742.739868	-44.714760
3744.085693	-43.640030
3745.431519	-43.309563
3746.777344	-43.890091
3748.123169	-43.719841
3749.468994	-43.083832
3750.814819	-42.953884
3752.160645	-43.868492
3753.506470	-43.845840
3754.852295	-43.069866
3756.198120	-44.275703
3757.543945	-45.000736
3758.889771	-45.970932
3760.235596	-46.367931
3761.581421	-45.309830
3762.927246	-45.688297
3764.273071	-46.781094
3765.618896	-45.216465
3766.964722	-47.682499
3768.310547	-48.255939
3769.656372	-46.598728
3771.002197	-47.920963
3772.348022	-46.809982
3773.693848	-49.615780
3775.039673	-48.398693
3776.385498	-48.466167
3777.731323	-48.842030
3779.077148	-50.330902
3780.422974	-48.900455
3781.768799	-49.644466
3783.114624	-48.788910
3784.460449	-48.166092
3785.806274	-49.708977
3787.152100	-50.713490
3788.497925	-49.567783
3789.843750	-50.045780
3791.189575	-50.950142
3792.535400	-50.064911
3793.881226	-50.475433
3795.227051	-50.050755
3796.572876	-50.566700
3797.918701	-51.252045
3799.264526	-50.559750
3800.610352	-50.687126
3801.956177	-49.113155
3803.302002	-50.516491
3804.647827	-50.099537
3805.993652	-50.587883
3807.339478	-51.514275
3808.685303	-50.438591
3810.031128	-51.640358
3811.376953	-50.917965
3812.722778	-50.974949
3814.068604	-50.826183
3815.414429	-50.649658
3816.760254	-51.386631
3818.106079	-50.586498
3819.451904	-50.661324
3820.797729	-50.946384
3822.143555	-52.252808
3823.489380	-51.067337
3824.835205	-51.251804
3826.181030	-52.777073
3827.526855	-53.878235
3828.872681	-51.163647
3830.218506	-50.172001
3831.564331	-52.763138
3832.910156	-50.613987
3834.255981	-51.620564
3835.601807	-50.707336
3836.947632	-51.299664
3838.293457	-50.351627
3839.639282	-51.691631
3840.985107	-50.400593
3842.330933	-52.214951
3843.676758	-51.589294
3845.022583	-50.955276
3846.368408	-50.814602
3847.714233	-49.506866
3849.060059	-49.936646
3850.405884	-50.215069
3851.751709	-49.896782
3853.097534	-49.238834
3854.443359	-50.675816
3855.789185	-49.947441
3857.135010	-48.527855
3858.480835	-48.424603
3859.826660	-47.733841
3861.172485	-48.279625
3862.518311	-49.033558
3863.864136	-47.025475
3865.209961	-48.095802
3866.555786	-48.832092
3867.901611	-48.462143
3869.247437	-46.688328
3870.593262	-47.253147
3871.939087	-46.089581
3873.284912	-45.472794
3874.630737	-46.118374
3875.976562	-44.652443
3877.322388	-44.630028
3878.668213	-45.379868
3880.014038	-46.155029
3881.359863	-45.163376
3882.705688	-45.960060
3884.051514	-45.114407
3885.397339	-45.347790
3886.743164	-44.069069
3888.088989	-45.472439
3889.434814	-44.670254
3890.780640	-44.163532
3892.126465	-43.138535
3893.472290	-43.629360
3894.818115	-42.007183
3896.163940	-43.117039
3897.509766	-42.750072
3898.855591	-41.656181
3900.201416	-43.473125
3901.547241	-43.878113
3902.893066	-43.083122
3904.238892	-42.810913
3905.584717	-43.601177
3906.930542	-44.492428
3908.276367	-42.837669
3909.622192	-44.647022
3910.968018	-45.406807
3912.313843	-46.647156
3913.659668	-45.664528
3915.005493	-44.338322
3916.351318	-44.590408
3917.697144	-45.830605
3919.042969	-45.458435
3920.388794	-45.116051
3921.734619	-44.193604
3923.080444	-46.993954
3924.426270	-46.367085
3925.772095	-47.179775
3927.117920	-46.521252
3928.463745	-47.785042
3929.809570	-47.223454
3931.155396	-47.625458
3932.501221	-46.250607
3933.847046	-46.686214
3935.192871	-46.257420
3936.538696	-48.045712
3937.884521	-47.993690
3939.230347	-48.045792
3940.576172	-47.408649
3941.921997	-48.242718
3943.267822	-48.541874
3944.613647	-48.929008
3945.959473	-48.498779
3947.305298	-49.598106
3948.651123	-49.036175
3949.996948	-50.098560
3951.342773	-50.749306
3952.688599	-49.089912
3954.034424	-50.195057
3955.380249	-48.923019
3956.726074	-49.720760
3958.071899	-49.807320
3959.417725	-50.199764
3960.763550	-50.009350
3962.109375	-50.486366
3963.455200	-50.228397
3964.801025	-50.060246
3966.146851	-49.283463
3967.492676	-49.299721
3968.838501	-50.452877
3970.184326	-50.190430
3971.530151	-49.357121
3972.875977	-48.001255
3974.221802	-50.102665
3975.567627	-49.358658
3976.913452	-50.199192
3978.259277	-49.701763
3979.605103	-48.965439
3980.950928	-52.201637
3982.296753	-50.068623
3983.642578	-50.121010
3984.988403	-50.053307
3986.334229	-48.111118
3987.680054	-48.745426
3989.025879	-49.047737
3990.371704	-49.092079
3991.717529	-50.145527
3993.063354	-47.862171
3994.409180	-49.264587
3995.755005	-48.218544
3997.100830	-48.703308
3998.446655	-47.038815
3999.792480	-49.499035
4001.138306	-48.430969
4002.484131	-48.597412
4003.829956	-47.664814
4005.175781	-47.466579
4006.521606	-46.491150
4007.867432	-45.251587
4009.213257	-47.009438
4010.559082	-47.400810
4011.904907	-46.644997
4013.250732	-47.547150
4014.596558	-46.984459
4015.942383	-46.701168
4017.288208	-46.086491
4018.634033	-45.703693
4019.979858	-46.612072
4021.325684	-46.307087
4022.671509	-46.164639
4024.017334	-46.178493
4025.363159	-45.172161
4026.708984	-45.315048
4028.054810	-45.435440
4029.400635	-46.393688
4030.746460	-45.809647
4032.092285	-44.352806
4033.438110	-43.390736
4034.783936	-45.420982
4036.129761	-43.829651
4037.475586	-43.989372
4038.821411	-43.925655
4040.167236	-42.091015
4041.513062	-43.288334
4042.858887	-44.325203
4044.204712	-42.258236
4045.550537	-43.260818
4046.896362	-42.637478
4048.242188	-43.282841
4049.588013	-42.501671
4050.933838	-43.736172
4052.279663	-42.755630
4053.625488	-44.092632
4054.971313	-44.432884
4056.317139	-43.302872
4057.662964	-43.523197
4059.008789	-44.381687
4060.354614	-44.702572
4061.700439	-44.782726
4063.046265	-46.130753
4064.392090	-46.101856
4065.737915	-43.525185
4067.083740	-44.182999
4068.429565	-45.853405
4069.775391	-45.063560
4071.121216	-46.991714
4072.467041	-44.774197
4073.812866	-44.756897
4075.158691	-45.079765
4076.504517	-46.599491
4077.850342	-45.525650
4079.196167	-45.995533
4080.541992	-43.993851
4081.887817	-45.722076
4083.233643	-45.195633
4084.579468	-47.401630
4085.925293	-46.940838
4087.271118	-46.245056
4088.616943	-46.945812
4089.962769	-47.564194
4091.308594	-48.076767
4092.654419	-48.248142
4094.000244	-48.002861
4095.346069	-48.809692
4096.691895	-47.923206
4098.037720	-47.888790
4099.383545	-48.947395
4100.729370	-48.389973
4102.075195	-47.231972
4103.421021	-48.423260
4104.766846	-48.569336
4106.112671	-47.691532
4107.458496	-48.547829
4108.804321	-49.790485
4110.150146	-49.224743
4111.495972	-49.970715
4112.841797	-49.263348
4114.187622	-49.222000
4115.533447	-48.308109
4116.879272	-48.333096
4118.225098	-48.212631
4119.570923	-49.383602
4120.916748	-49.583717
4122.262573	-49.446323
4123.608398	-48.613865
4124.954224	-48.291065
4126.300049	-48.697807
4127.645874	-48.571766
4128.991699	-49.002972
4130.337524	-47.644932
4131.683350	-48.074799
4133.029175	-48.851559
4134.375000	-48.163387
4135.720825	-48.907742
4137.066650	-48.110680
4138.412476	-48.246220
4139.758301	-48.005230
4141.104126	-47.441807
4142.449951	-48.463898
4143.795776	-47.924500
4145.141602	-47.804123
4146.487427	-47.701477
4147.833252	-47.120644
4149.179077	-47.905163
4150.524902	-49.670315
4151.870728	-48.534107
4153.216553	-46.946827
4154.562378	-47.460854
4155.908203	-47.817043
4157.254028	-46.946106
4158.599854	-46.826092
4159.945679	-46.786469
4161.291504	-48.436169
4162.637329	-46.952614
4163.983154	-46.536606
4165.328979	-47.464531
4166.674805	-46.626469
4168.020630	-45.899433
4169.366455	-45.969460
4170.712280	-48.349514
4172.058105	-46.713074
4173.403931	-48.260254
4174.749756	-47.928440
4176.095581	-44.496807
4177.441406	-46.177906
4178.787231	-46.205322
4180.133057	-44.831352
4181.478882	-43.596992
4182.824707	-44.374153
4184.170532	-45.471779
4185.516357	-45.902542
4186.862183	-44.471577
4188.208008	-45.242828
4189.553833	-44.996090
4190.899658	-44.863750
4192.245483	-44.242348
4193.591309	-43.638542
4194.937134	-44.866142
4196.282959	-43.393192
4197.628784	-44.316067
4198.974609	-43.216019
4200.320435	-43.265911
4201.666260	-43.777424
4203.012085	-43.468174
4204.357910	-43.366467
4205.703735	-41.659813
4207.049561	-43.885811
4208.395386	-42.781078
4209.741211	-43.701424
4211.087036	-43.262344
4212.432861	-44.318577
4213.778687	-42.929199
4215.124512	-43.169014
4216.470337	-46.029404
4217.816162	-43.408409
4219.161987	-43.201420
4220.507812	-42.714676
4221.853638	-43.385101
4223.199463	-44.082954
4224.545288	-44.425240
4225.891113	-44.644726
4227.236938	-43.538589
4228.582764	-43.779797
4229.928589	-44.901539
4231.274414	-45.391521
4232.620239	-45.582504
4233.966064	-43.859577
4235.311890	-46.077877
4236.657715	-44.590717
4238.003540	-46.445492
4239.349365	-46.371773
4240.695190	-45.017181
4242.041016	-47.437309
4243.386841	-45.596676
4244.732666	-46.559750
4246.078491	-48.261482
4247.424316	-46.296715
4248.770142	-46.463009
4250.115967	-46.965027
4251.461792	-46.876198
4252.807617	-47.882912
4254.153442	-48.740356
4255.499268	-48.048157
4256.845093	-47.772560
4258.190918	-48.602200
4259.536743	-47.809475
4260.882568	-48.352432
4262.228394	-47.356037
4263.574219	-47.797329
4264.920044	-48.244381
4266.265869	-49.209728
4267.611694	-48.947216
4268.957520	-48.648926
4270.303345	-49.068237
4271.649170	-50.231136
4272.994995	-48.032986
4274.340820	-47.839649
4275.686646	-49.524937
4277.032471	-49.813301
4278.378296	-47.850773
4279.724121	-47.683525
4281.069946	-50.102692
4282.415771	-50.710625
4283.761597	-47.804043
4285.107422	-48.289902
4286.453247	-48.434517
4287.799072	-51.975487
4289.144897	-50.064754
4290.490723	-49.610641
4291.836548	-49.147858
4293.182373	-49.844494
4294.528198	-49.216446
4295.874023	-48.559799
4297.219849	-50.265553
4298.565674	-49.614262
4299.911499	-49.488937
4301.257324	-49.911606
4302.603149	-50.165565
4303.948975	-50.533318
4305.294800	-50.075096
4306.640625	-50.599720
4307.986450	-49.812134
4309.332275	-49.015888
4310.678101	-49.486462
4312.023926	-48.280380
4313.369751	-50.633957
4314.715576	-49.460712
4316.061401	-47.932140
4317.407227	-48.830086
4318.753052	-48.458027
4320.098877	-47.939495
4321.444702	-49.508896
4322.790527	-48.557941
4324.136353	-48.872486
4325.482178	-47.499172
4326.828003	-47.156254
4328.173828	-49.333939
4329.519653	-48.672489
4330.865479	-46.382206
4332.211304	-47.894226
4333.557129	-48.551708
4334.902954	-46.729233
4336.248779	-46.314651
4337.594604	-46.025959
4338.940430	-46.374401
4340.286255	-45.969433
4341.632080	-45.021862
4342.977905	-46.136120
4344.323730	-45.097836
4345.669556	-46.175842
4347.015381	-45.731644
4348.361206	-45.645386
4349.707031	-44.319946
4351.052856	-44.191948
4352.398682	-44.960209
4353.744507	-44.947899
4355.090332	-45.583118
4356.436157	-44.143620
4357.781982	-44.136742
4359.127808	-42.111294
4360.473633	-43.956490
4361.819458	-44.316895
4363.165283	-45.067364
4364.511108	-44.001465
4365.856934	-43.010479
4367.202759	-42.765263
4368.548584	-42.525806
4369.894409	-42.277771
4371.240234	-44.160854
4372.586060	-42.044762
4373.931885	-44.496902
4375.277710	-45.145390
4376.623535	-45.541393
4377.969360	-44.514893
4379.315186	-44.471920
4380.661011	-46.294941
4382.006836	-46.151627
4383.352661	-45.500679
4384.698486	-45.055801
4386.044312	-48.689308
4387.390137	-47.123650
4388.735962	-46.412327
4390.081787	-47.581554
4391.427612	-46.750824
4392.773438	-47.950161
4394.119263	-47.683899
4395.465088	-49.203369
4396.810913	-48.259449
4398.156738	-46.790432
4399.502563	-50.360455
4400.848389	-48.934353
4402.194214	-49.517647
4403.540039	-50.768085
4404.885864	-49.426868
4406.231689	-50.837578
4407.577515	-50.876202
4408.923340	-49.931416
4410.269165	-50.636829
4411.614990	-50.450279
4412.960815	-50.709572
4414.306641	-51.511280
4415.652466	-50.996059
4416.998291	-51.710087
4418.344116	-52.005966
4419.689941	-51.996151
4421.035767	-54.176487
4422.381592	-52.420914
4423.727417	-53.340420
4425.073242	-52.035259
4426.419067	-52.544861
4427.764893	-52.812458
4429.110718	-53.158127
4430.456543	-52.816502
4431.802368	-53.121075
4433.148193	-52.615662
4434.494019	-53.625084
4435.839844	-53.166328
4437.185669	-53.880959
4438.531494	-53.560570
4439.877319	-52.189518
4441.223145	-54.095013
4442.568970	-53.071869
4443.914795	-54.072952
4445.260620	-53.431545
4446.606445	-53.277740
4447.952271	-53.157516
4449.298096	-53.130600
4450.643921	-53.931725
4451.989746	-53.378433
4453.335571	-52.626320
4454.681396	-54.675373
4456.027222	-52.624855
4457.373047	-54.563946
4458.718872	-54.141975
4460.064697	-52.998112
4461.410522	-52.357292
4462.756348	-53.034908
4464.102173	-52.513271
4465.447998	-52.384930
4466.793823	-53.169186
4468.139648	-54.095314
4469.485474	-54.200207
4470.831299	-52.785820
4472.177124	-51.960739
4473.522949	-52.226974
4474.868774	-50.939629
4476.214600	-51.449898
4477.560425	-51.488205
4478.906250	-51.478836
4480.252075	-51.107220
4481.597900	-49.876884
4482.943726	-50.652039
4484.289551	-49.948669
4485.635376	-50.608742
4486.981201	-50.149708
4488.327026	-50.627831
4489.672852	-49.757187
4491.018677	-51.235157
4492.364502	-48.666534
4493.710327	-49.568420
4495.056152	-49.048489
4496.401978	-47.659035
4497.747803	-50.007603
4499.093628	-48.563709
4500.439453	-47.739635
4501.785278	-46.943466
4503.131104	-44.925667
4504.476929	-45.853920
4505.822754	-47.146523
4507.168579	-47.398609
4508.514404	-47.855515
4509.860229	-46.660839
4511.206055	-47.135075
4512.551880	-46.621075
4513.897705	-44.836723
4515.243530	-46.310097
4516.589355	-46.279110
4517.935181	-46.221863
4519.281006	-46.929951
4520.626831	-47.876026
4521.972656	-46.207794
4523.318481	-46.784512
4524.664307	-48.358025
4526.010132	-47.472202
4527.355957	-47.558731
4528.701782	-49.543777
4530.047607	-48.499012
4531.393433	-49.621880
4532.739258	-50.245201
4534.085083	-49.818146
4535.430908	-50.004238
4536.776733	-50.660309
4538.122559	-53.058052
4539.468384	-53.276310
4540.814209	-52.296768
4542.160034	-53.267071
4543.505859	-52.423931
4544.851685	-52.529316
4546.197510	-52.481476
4547.543335	-55.123718
4548.889160	-54.067421
4550.234985	-54.209980
4551.580811	-55.511639
4552.926636	-54.512966
4554.272461	-53.276707
4555.618286	-54.765152
4556.964111	-54.888958
4558.309937	-55.576927
4559.655762	-55.601055
4561.001587	-55.463699
4562.347412	-55.119026
4563.693237	-56.480362
4565.039062	-56.806599
4566.384888	-57.743832
4567.730713	-56.295204
4569.076538	-56.776871
4570.422363	-57.722904
4571.768188	-58.278324
4573.114014	-57.304321
4574.459839	-58.459461
4575.805664	-55.721333
4577.151489	-57.252193
4578.497314	-58.102226
4579.843140	-56.055069
4581.188965	-58.331726
4582.534790	-57.349678
4583.880615	-56.618805
4585.226440	-57.737743
4586.572266	-58.518726
4587.918091	-58.198418
4589.263916	-58.095795
4590.609741	-57.405285
4591.955566	-59.682919
4593.301392	-58.957954
4594.647217	-57.942699
4595.993042	-60.208088
4597.338867	-58.352219
4598.684692	-58.440086
4600.030518	-57.756405
4601.376343	-57.978577
4602.722168	-58.600307
4604.067993	-59.198765
4605.413818	-59.307426
4606.759644	-57.835670
4608.105469	-58.481949
4609.451294	-58.483009
4610.797119	-58.047886
4612.142944	-59.116745
4613.488770	-57.975334
4614.834595	-58.371548
4616.180420	-58.727718
4617.526245	-58.253559
4618.872070	-56.239960
4620.217896	-57.314762
4621.563721	-56.691807
4622.909546	-56.928936
4624.255371	-59.052444
4625.601196	-58.414036
4626.947021	-58.987053
4628.292847	-56.057583
4629.638672	-56.492329
4630.984497	-57.061718
4632.330322	-56.170166
4633.676147	-56.193787
4635.021973	-55.581295
4636.367798	-56.169155
4637.713623	-56.780441
4639.059448	-55.465000
4640.405273	-55.855099
4641.751099	-54.660999
4643.096924	-56.063667
4644.442749	-53.488403
4645.788574	-53.897133
4647.134399	-53.370289
4648.480225	-53.456802
4649.826050	-53.166794
4651.171875	-52.815044
4652.517700	-51.873859
4653.863525	-51.910603
4655.209351	-51.131184
4656.555176	-49.578819
4657.901001	-49.255707
4659.246826	-49.206814
4660.592651	-49.307224
4661.938477	-49.561905
4663.284302	-49.874069
4664.630127	-49.863323
4665.975952	-50.911293
4667.321777	-50.997887
4668.667603	-51.402306
4670.013428	-52.251938
4671.359253	-52.501308
4672.705078	-53.683254
4674.050903	-53.554848
4675.396729	-53.263004
4676.742554	-53.828667
4678.088379	-53.996346
4679.434204	-54.813000
4680.780029	-57.024857
4682.125854	-56.645729
4683.471680	-56.384438
4684.817505	-58.007019
4686.163330	-58.923279
4687.509155	-57.544842
4688.854980	-59.457478
4690.200806	-59.107819
4691.546631	-58.031441
4692.892456	-59.932480
4694.238281	-60.732742
4695.584106	-59.664528
4696.929932	-60.247784
4698.275757	-59.745941
4699.621582	-62.873028
4700.967407	-61.446465
4702.313232	-60.769260
4703.659058	-62.847736
4705.004883	-63.077484
4706.350708	-63.633961
4707.696533	-62.316498
4709.042358	-61.200714
4710.388184	-63.717972
4711.734009	-63.018734
4713.079834	-64.345268
4714.425659	-63.512821
4715.771484	-63.091106
4717.117310	-63.146477
4718.463135	-64.594688
4719.808960	-63.697567
4721.154785	-63.932610
4722.500610	-65.664276
4723.846436	-65.114189
4725.192261	-66.449516
4726.538086	-65.595451
4727.883911	-64.762260
4729.229736	-64.173752
4730.575562	-66.355522
4731.921387	-65.429497
4733.267212	-64.961143
4734.613037	-65.065063
4735.958862	-66.970200
4737.304688	-65.787857
4738.650513	-64.907310
4739.996338	-66.414772
4741.342163	-67.165558
4742.687988	-65.850014
4744.033813	-65.449753
4745.379639	-66.366051
4746.725464	-65.716835
4748.071289	-66.878601
4749.417114	-65.237778
4750.762939	-66.297249
4752.108765	-65.534966
4753.454590	-64.014870
4754.800415	-67.094803
4756.146240	-66.965897
4757.492065	-66.256035
4758.837891	-67.007416
4760.183716	-66.629295
4761.529541	-66.258148
4762.875366	-66.073227
4764.221191	-65.485664
4765.567017	-65.406357
4766.912842	-64.714142
4768.258667	-64.458061
4769.604492	-64.889900
4770.950317	-65.852547
4772.296143	-64.603966
4773.641968	-63.444553
4774.987793	-62.924999
4776.333618	-63.007263
4777.679443	-64.507927
4779.025269	-63.684719
4780.371094	-62.464844
4781.716919	-64.020592
4783.062744	-64.614952
4784.408569	-63.280735
4785.754395	-62.557053
4787.100220	-63.667503
4788.446045	-63.399578
4789.791870	-62.828365
4791.137695	-61.519146
4792.483521	-61.658268
4793.829346	-61.078243
4795.175171	-62.084862
4796.520996	-60.687054
4797.866821	-60.162918
4799.212646	-58.049671
4800.558472	-59.632607
4801.904297	-57.938900
4803.250122	-57.650269
4804.595947	-56.730247
4805.941772	-58.983673
4807.287598	-58.101852
4808.633423	-57.464703
4809.979248	-57.962673
4811.325073	-57.088718
4812.670898	-58.668709
4814.016724	-58.664375
4815.362549	-58.188122
4816.708374	-59.248859
4818.054199	-59.807076
4819.400024	-60.304787
4820.745850	-61.260311
4822.091675	-63.970825
4823.437500	-62.390114
4824.783325	-62.190548
4826.129150	-62.142517
4827.474976	-63.897247
4828.820801	-62.756840
4830.166626	-63.954479
4831.512451	-64.729759
4832.858276	-66.429962
4834.204102	-66.102654
4835.549927	-65.689262
4836.895752	-64.993927
4838.241577	-68.027725
4839.587402	-67.432915
4840.933228	-66.418388
4842.279053	-68.197411
4843.624878	-69.370285
4844.970703	-68.593430
4846.316528	-69.301979
4847.662354	-69.573990
4849.008179	-70.515953
4850.354004	-69.084465
4851.699829	-70.669075
4853.045654	-69.547600
4854.391479	-70.875725
4855.737305	-72.275017
4857.083130	-70.616531
4858.428955	-72.822067
4859.774780	-72.323647
4861.120605	-71.705803
4862.466431	-73.636665
4863.812256	-73.629303
4865.158081	-72.516273
4866.503906	-72.266273
4867.849731	-74.936417
4869.195557	-73.601112
4870.541382	-74.432571
4871.887207	-71.851334
4873.233032	-72.893700
4874.578857	-74.657280
4875.924683	-73.147179
4877.270508	-72.986710
4878.616333	-74.628563
4879.962158	-75.282104
4881.307983	-74.382866
4882.653809	-74.317963
4883.999634	-74.375137
4885.345459	-75.318291
4886.691284	-74.420929
4888.037109	-74.938591
4889.382935	-74.496124
4890.728760	-73.417534
4892.074585	-74.726440
4893.420410	-73.865997
4894.766235	-76.769791
4896.112061	-73.913292
4897.457886	-76.362617
4898.803711	-75.195297
4900.149536	-75.207687
4901.495361	-75.750954
4902.841187	-73.335724
4904.187012	-74.820961
4905.532837	-75.742111
4906.878662	-75.254997
4908.224487	-77.222076
4909.570312	-76.133446
4910.916138	-75.920090
4912.261963	-75.124748
4913.607788	-74.487137
4914.953613	-75.708481
4916.299438	-74.251015
4917.645264	-74.364288
4918.991089	-74.813316
4920.336914	-74.700706
4921.682739	-75.172089
4923.028564	-74.412842
4924.374390	-75.331497
4925.720215	-73.670700
4927.066040	-74.234856
4928.411865	-74.380692
4929.757690	-74.000450
4931.103516	-74.953285
4932.449341	-74.111931
4933.795166	-73.749512
4935.140991	-72.287598
4936.486816	-72.897102
4937.832642	-73.325081
4939.178467	-71.501770
4940.524292	-72.549644
4941.870117	-71.220284
4943.215942	-71.026993
4944.561768	-71.907120
4945.907593	-71.245415
4947.253418	-68.986763
4948.599243	-70.950745
4949.945068	-68.614433
4951.290894	-69.013870
4952.636719	-68.142776
4953.982544	-70.259315
4955.328369	-68.147614
4956.674194	-68.905472
4958.020020	-67.820129
4959.365845	-67.453255
4960.711670	-68.702133
4962.057495	-68.961502
4963.403320	-70.121170
4964.749146	-71.939102
4966.094971	-73.291145
4967.440796	-71.410347
4968.786621	-72.227852
4970.132446	-72.351357
4971.478271	-73.955345
4972.824097	-73.281158
4974.169922	-75.388168
4975.515747	-75.007858
4976.861572	-75.332466
4978.207397	-74.616768
4979.553223	-76.712204
4980.899048	-76.559273
4982.244873	-77.247169
4983.590698	-77.855392
4984.936523	-78.461548
4986.282349	-79.153236
4987.628174	-78.770493
4988.973999	-79.826157
4990.319824	-78.475189
4991.665649	-79.335243
4993.011475	-79.560036
4994.357300	-79.016930
4995.703125	-81.172394
4997.048950	-80.585823
4998.394775	-81.767708
4999.740601	-80.552238
5001.086426	-81.107544
5002.432251	-82.220047
5003.778076	-81.356644
5005.123901	-82.485039
5006.469727	-81.275406
5007.815552	-81.330971
5009.161377	-80.819374
5010.507202	-82.335068
5011.853027	-82.338318
5013.198853	-81.659531
5014.544678	-80.916275
5015.890503	-82.737633
5017.236328	-82.403328
5018.582153	-82.464516
5019.927979	-82.925987
5021.273804	-82.514946
5022.619629	-82.038300
5023.965454	-83.222717
5025.311279	-82.873024
5026.657104	-82.002907
5028.002930	-83.236359
5029.348755	-83.650146
5030.694580	-82.369820
5032.040405	-83.631836
5033.386230	-82.807632
5034.732056	-83.606377
5036.077881	-83.359451
5037.423706	-83.218063
5038.769531	-83.099930
5040.115356	-84.321114
5041.461182	-82.642151
5042.807007	-82.951042
5044.152832	-83.517670
5045.498657	-83.402100
5046.844482	-83.978767
5048.190308	-83.442070
5049.536133	-83.481659
5050.881958	-84.342964
5052.227783	-83.986549
5053.573608	-83.747437
5054.919434	-83.728516
5056.265259	-83.357361
5057.611084	-83.408096
5058.956909	-84.056450
5060.302734	-83.041023
5061.648560	-84.044579
5062.994385	-84.580208
5064.340210	-83.188370
5065.686035	-84.183998
5067.031860	-84.140533
5068.377686	-83.427124
5069.723511	-84.286613
5071.069336	-83.485283
5072.415161	-84.659309
5073.760986	-82.662354
5075.106812	-83.141342
5076.452637	-83.755905
5077.798462	-83.214127
5079.144287	-82.638275
5080.490112	-82.426895
5081.835938	-83.565620
5083.181763	-82.772034
5084.527588	-83.424393
5085.873413	-82.734612
5087.219238	-82.268776
5088.565063	-81.847824
5089.910889	-83.664505
5091.256714	-81.908516
5092.602539	-82.138130
5093.948364	-83.474159
5095.294189	-81.843895
5096.640015	-81.086609
5097.985840	-82.383698
5099.331665	-80.959503
5100.677490	-81.197426
5102.023315	-80.782249
5103.369141	-80.568344
5104.714966	-81.719566
5106.060791	-82.061600
5107.406616	-80.811981
5108.752441	-81.541397
5110.098267	-81.979370
5111.444092	-84.011551
5112.789917	-81.136307
5114.135742	-83.032707
5115.481567	-83.580376
5116.827393	-84.020134
5118.173218	-82.593857
5119.519043	-83.544731
5120.864868	-83.591148
5122.210693	-83.350388
5123.556519	-85.030197
5124.902344	-83.768570
5126.248169	-83.916885
5127.593994	-84.737030
5128.939819	-84.901138
5130.285645	-85.011726
5131.631470	-84.737991
5132.977295	-84.562996
5134.323120	-84.671593
5135.668945	-84.523735
5137.014771	-85.100731
5138.360596	-85.167900
5139.706421	-85.065117
5141.052246	-85.735214
5142.398071	-85.517998
5143.743896	-85.069359
5145.089722	-85.143730
5146.435547	-85.789215
5147.781372	-85.252159
5149.127197	-85.467506
5150.473022	-85.400223
5151.818848	-85.172989
5153.164673	-85.417633
5154.510498	-85.426453
5155.856323	-85.218918
5157.202148	-85.636368
5158.547974	-85.573883
5159.893799	-85.582771
5161.239624	-85.421722
5162.585449	-85.601448
5163.931274	-85.156761
5165.277100	-85.586090
5166.622925	-85.749954
5167.968750	-85.764214
5169.314575	-85.751587
5170.660400	-85.540924
5172.006226	-85.802612
5173.352051	-85.870720
5174.697876	-85.716400
5176.043701	-85.530769
5177.389526	-85.719765
5178.735352	-85.815918
5180.081177	-85.830513
5181.427002	-86.008064
5182.772827	-85.761681
5184.118652	-85.976677
5185.464478	-85.734039
5186.810303	-85.966576
5188.156128	-85.795578
5189.501953	-85.820274
5190.847778	-85.919479
5192.193604	-85.933418
5193.539429	-85.785606
5194.885254	-85.954681
5196.231079	-85.751152
5197.576904	-85.977348
5198.922729	-85.952560
5200.268555	-86.050095
5201.614380	-85.913368
5202.960205	-85.745300
5204.306030	-85.738861
5205.651855	-85.992950
5206.997681	-85.964661
5208.343506	-85.867241
5209.689331	-85.710312
5211.035156	-85.844238
5212.380981	-85.838646
5213.726807	-85.878975
5215.072632	-86.104027
5216.418457	-85.823196
5217.764282	-85.987694
5219.110107	-85.659157
5220.455933	-85.887169
5221.801758	-85.836067
5223.147583	-85.968674
5224.493408	-86.203339
5225.839233	-86.118523
5227.185059	-86.137512
5228.530884	-86.271095
5229.876709	-86.113991
5231.222534	-86.038750
5232.568359	-85.981209
5233.914185	-86.087601
5235.260010	-86.078323
5236.605835	-86.126762
5237.951660	-85.889877
5239.297485	-86.320641
5240.643311	-86.075142
5241.989136	-86.268700
5243.334961	-85.801674
5244.680786	-85.861534
5246.026611	-86.050179
5247.372437	-85.984512
5248.718262	-86.477295
5250.064087	-86.235504
5251.409912	-86.126480
5252.755737	-85.877037
5254.101562	-85.936958
5255.447388	-86.383354
5256.793213	-86.209518
5258.139038	-86.142227
5259.484863	-86.283943
5260.830688	-86.174889
5262.176514	-86.486557
5263.522339	-86.404175
5264.868164	-86.107475
5266.213989	-86.302200
5267.559814	-86.278587
5268.905640	-86.265587
5270.251465	-86.256607
5271.597290	-86.269470
5272.943115	-86.213554
5274.288940	-86.234970
5275.634766	-86.207054
5276.980591	-86.363808
5278.326416	-86.266800
5279.672241	-86.293381
5281.018066	-86.253151
5282.363892	-86.224792
5283.709717	-86.322685
5285.055542	-86.274086
5286.401367	-86.283882
5287.747192	-86.211128
5289.093018	-86.287476
5290.438843	-86.235107
5291.784668	-86.343872
5293.130493	-86.323303
5294.476318	-86.291206
5295.822144	-86.370712
5297.167969	-86.342323
5298.513794	-86.303429
5299.859619	-86.298363
5301.205444	-86.311035
5302.551270	-86.329674
5303.897095	-86.373711
5305.242920	-86.350739
5306.588745	-86.353500
5307.934570	-86.361588
5309.280396	-86.355286
5310.626221	-86.319008
5311.972046	-86.348625
5313.317871	-86.355659
5314.663696	-86.366989
5316.009521	-86.342422
5317.355347	-86.383904
5318.701172	-86.373337
5320.046997	-86.373047
5321.392822	-86.370705
5322.738647	-86.371315
5324.084473	-86.380501
5325.430298	-86.395241
5326.776123	-86.418404
5328.121948	-86.362785
5329.467773	-86.377342
5330.813599	-86.396515
5332.159424	-86.405952
5333.505249	-86.424545
5334.851074	-86.409515
5336.196899	-86.407265
5337.542725	-86.417389
5338.888550	-86.418358
5340.234375	-86.410400
5341.580200	-86.426735
5342.926025	-86.413414
5344.271851	-86.433487
5345.617676	-86.443153
5346.963501	-86.437263
5348.309326	-86.427742
5349.655151	-86.440857
5351.000977	-86.438309
5352.346802	-86.453400
5353.692627	-86.452019
5355.038452	-86.454666
5356.384277	-86.456192
5357.730103	-86.455887
5359.075928	-86.452080
5360.421753	-86.468399
5361.767578	-86.467133
5363.113403	-86.466942
5364.459229	-86.465286
5365.805054	-86.470421
5367.150879	-86.467171
5368.496704	-86.473358
5369.842529	-86.483925
5371.188354	-86.480690
5372.534180	-86.482658
5373.880005	-86.490364
5375.225830	-86.484749
5376.571655	-86.492462
5377.917480	-86.492233
5379.263306	-86.491432
5380.609131	-86.495987
5381.954956	-86.496353
5383.300781	-86.501335
5384.646606	-86.504547
5385.992432	-86.508377
5387.338257	-86.508392
5388.684082	-86.508621
5390.029907	-86.513382
5391.375732	-86.516350
5392.721558	-86.512428
5394.067383	-86.518066
5395.413208	-86.521118
5396.759033	-86.520782
5398.104858	-86.524864
5399.450684	-86.522171
5400.796509	-86.526001
5402.142334	-86.525887
5403.488159	-86.529099
5404.833984	-86.531723
5406.179810	-86.534256
5407.525635	-86.534897
5408.871460	-86.536407
5410.217285	-86.538727
5411.563110	-86.540550
5412.908936	-86.543121
5414.254761	-86.544334
5415.600586	-86.545944
5416.946411	-86.547699
5418.292236	-86.549072
5419.638062	-86.550560
5420.983887	-86.551727
5422.329712	-86.553673
5423.675537	-86.554893
5425.021362	-86.556656
5426.367188	-86.558136
5427.713013	-86.559456
5429.058838	-86.560860
5430.404663	-86.562180
5431.750488	-86.563606
5433.096313	-86.564941
5434.442139	-86.566299
5435.787964	-86.567520
5437.133789	-86.568924
5438.479614	-86.570053
5439.825439	-86.571289
5441.171265	-86.572441
5442.517090	-86.573669
5443.862915	-86.574760
5445.208740	-86.575935
5446.554565	-86.577042
5447.900391	-86.578094
5449.246216	-86.579193
5450.592041	-86.580238
5451.937866	-86.581207
5453.283691	-86.582199
5454.629517	-86.583199
5455.975342	-86.584122
5457.321167	-86.585037
5458.666992	-86.585922
5460.012817	-86.586823
5461.358643	-86.587700
5462.704468	-86.588516
5464.050293	-86.589333
5465.396118	-86.590126
5466.741943	-86.590889
5468.087769	-86.591637
5469.433594	-86.592354
5470.779419	-86.593056
5472.125244	-86.593727
5473.471069	-86.594376
5474.816895	-86.595016
5476.162720	-86.595612
5477.508545	-86.596199
5478.854370	-86.596779
5480.200195	-86.597313
5481.546021	-86.597839
5482.891846	-86.598335
5484.237671	-86.598816
5485.583496	-86.599281
5486.929321	-86.599716
5488.275146	-86.600105
5489.620972	-86.600525
5490.966797	-86.600868
5492.312622	-86.601219
5493.658447	-86.601540
5495.004272	-86.601822
5496.350098	-86.602112
5497.695923	-86.602371
5499.041748	-86.602600
5500.387573	-86.602798
5501.733398	-86.602989
5503.079224	-86.603172
5504.425049	-86.603317
5505.770874	-86.603424
5507.116699	-86.603539
5508.462524	-86.603615
5509.808350	-86.603668
5511.154175	-86.603706
